50
0$50,6,8,48,24,33,1,45,29,23,37,33,28,49,44,16,50,1,35,8,7,15,30,44,10,25,49,29,21,44,24,24,15,8,47,36,47,20,2,17,39,23,12,1,30,43,21,32,48,11$60.0
0$18,34,44,25,31,9,37,30,15,31,33,25,40,47,36,48,5,43,11,25,35,22,41,33,38,24,33,14,25,47,26,25,38,11,15,37,10,48,49,24,19,42,50,30,15,5,19,22,6,8$87.0
0$35,33,23,30,50,17,38,37,18,17,7,42,41,5,15,48,7,2,11,19,1,20,38,1,31,20,30,7,50,17,20,40,43,38,22,35,34,9,34,50,27,6,20,36,36,1,38,10,31,3$71.0
0$19,14,19,29,29,25,30,38,15,49,46,20,17,5,43,15,38,48,50,41,27,36,23,10,1,13,28,36,34,13,12,24,36,37,48,45,27,48,24,25,33,13,14,6,8,36,19,4,38,10$69.0
0$50,6,8,48,24,33,1,45,29,23,37,33,28,49,44,16,50,1,35,8,7,15,30,44,10,25,49,29,21,44,24,24,15,8,47,36,47,20,2,17,39,23,12,1,30,43,21,32,48,11$60.0
1$50,6,8,48,24,33,1,45,29,23,37,33,28,49,44,16,50,1,35,8,7,15,30,44,10,25,49,29,21,44,24,24,15,8,47,36,47,46,11,48,21,28,4,50,11,12,14,27,42,12$59.0
1$50,6,8,48,24,33,1,45,29,23,37,33,28,49,44,16,50,1,35,8,7,15,30,44,10,25,49,29,21,44,24,24,15,8,47,36,47,46,11,48,21,28,4,50,11,12,14,27,42,12$59.0
2$19,14,19,29,29,25,30,38,15,49,46,20,17,5,43,15,38,48,50,36,32,42,16,1,11,13,33,50,42,12,9,33,40,16,27,45,14,50,40,28,32,27,31,31,43,25,23,13,5,16$55.0
2$19,14,19,29,29,25,30,38,15,49,46,20,17,5,43,15,38,48,50,36,32,42,16,1,11,13,33,50,42,12,9,33,40,16,27,45,14,50,40,28,32,27,31,31,43,25,23,13,5,16$55.0
3$45,37,39,31,13,21,48,29,43,43,42,3,16,18,26,50,32,10,8,30,2,47,8,3,31,30,7,44,39,49,44,29,26,46,17,24,17,23,25,38,21,37,30,33,2,45,41,32,9,9$56.0
4$19,14,19,29,29,3,30,38,15,49,46,20,40,5,43,15,38,48,50,18,8,42,16,1,11,13,33,50,42,12,9,33,40,7,17,23,13,33,44,16,27,48,2,24,49,43,15,10,25,25$54.0
4$19,14,19,29,29,3,30,38,15,49,46,20,40,5,43,15,38,48,50,18,8,42,16,1,11,13,33,50,42,12,9,33,40,7,17,23,13,33,44,16,27,48,2,24,49,43,15,10,25,25$54.0
5$19,14,19,29,29,25,30,22,9,3,39,32,21,26,47,20,34,44,16,1,6,1,23,41,34,50,1,43,45,40,18,33,35,17,25,36,36,26,44,46,10,6,11,24,27,17,11,30,26,27$53.0
5$19,14,19,29,29,25,30,22,9,3,39,32,21,26,47,20,34,44,16,1,6,1,23,41,34,50,1,43,45,40,18,33,35,17,25,36,36,26,44,46,10,6,11,24,27,17,11,30,26,27$53.0
6$45,29,1,16,12,5,16,48,9,40,39,32,21,26,46,20,34,44,16,1,42,11,4,34,1,33,20,39,8,49,22,6,43,46,17,24,17,23,25,38,49,37,44,33,38,3,48,50,13,20$48.0
6$50,6,8,29,46,25,30,38,1,31,13,47,41,22,50,36,23,35,11,3,5,24,4,37,24,37,2,28,3,20,38,13,9,23,23,26,1,49,22,45,7,18,12,23,8,4,14,16,44,42$52.0
6$50,6,8,29,46,25,30,38,15,49,13,47,41,22,50,36,23,35,11,3,5,24,4,37,24,37,2,28,3,20,38,13,9,23,23,26,1,49,22,45,7,18,12,23,8,4,33,16,44,42$50.0
6$45,29,1,16,12,5,16,48,9,40,39,32,21,26,46,20,34,44,16,1,42,11,4,34,1,33,20,39,8,49,22,6,43,46,17,24,17,23,25,38,49,37,44,33,38,3,48,50,13,20$48.0
7$50,14,19,29,29,3,30,38,15,49,46,20,40,5,43,15,37,48,50,3,5,24,4,37,24,37,2,28,3,20,38,13,9,23,23,26,1,49,22,45,7,18,12,23,8,4,33,16,44,42$48.0
8$45,29,1,16,12,5,16,22,9,3,39,32,21,26,46,20,34,44,16,1,42,23,4,34,1,33,20,39,8,49,22,6,43,46,17,24,17,23,25,50,49,35,14,40,8,36,19,4,38,6$51.0
9$19,14,19,29,29,3,30,38,34,49,46,20,40,5,43,15,38,48,50,18,8,42,16,1,11,13,33,50,42,12,9,33,40,14,17,41,35,14,22,45,4,26,50,19,32,15,48,50,13,20$49.0
10$19,35,28,31,40,5,16,22,9,3,39,32,21,26,46,20,34,44,16,1,42,11,4,34,1,33,20,39,8,49,22,6,43,46,48,24,17,23,34,38,29,37,14,33,47,45,41,26,9,9$42.0
10$19,35,28,31,40,5,16,22,9,3,39,32,21,26,46,20,34,44,16,1,42,11,4,34,1,33,20,39,8,49,22,6,43,46,48,24,17,23,34,38,29,37,14,33,47,45,41,26,9,9$42.0
11$19,14,19,29,29,3,30,38,15,27,46,20,40,5,43,15,37,48,50,3,42,11,4,34,20,33,20,39,45,40,18,33,35,17,25,36,36,4,44,46,10,6,28,24,8,4,14,16,44,42$43.0
12$19,14,19,29,29,3,30,38,34,49,46,20,40,5,43,15,38,48,50,18,8,42,16,1,11,13,33,50,42,12,9,33,35,17,25,36,36,4,44,46,10,6,28,24,8,4,14,16,44,42$41.0
12$19,14,19,29,29,3,30,38,34,49,46,20,40,5,43,15,38,48,50,18,8,42,16,1,11,13,33,50,42,12,9,33,35,17,25,36,36,4,44,46,10,6,28,24,8,4,14,16,44,42$41.0
13$19,29,1,21,12,8,30,22,9,3,39,32,21,26,47,15,37,48,50,3,42,11,4,34,20,33,18,39,45,40,18,33,35,17,25,36,36,4,44,46,10,6,28,24,8,4,14,16,44,42$38.0
13$19,29,1,21,12,8,30,22,9,3,39,32,21,26,47,15,37,48,50,3,42,11,4,34,20,33,18,39,45,40,18,33,35,17,25,36,36,4,44,46,10,6,28,24,8,4,14,16,44,42$38.0
14$19,29,1,21,12,8,30,22,9,3,45,32,21,26,47,15,37,48,50,3,42,11,4,34,20,33,18,39,45,40,18,33,35,17,25,36,36,4,44,46,10,6,28,24,8,4,14,16,44,42$36.0
14$19,29,1,21,12,8,30,22,9,3,45,32,21,26,47,15,37,48,50,3,42,11,4,34,20,33,18,39,45,40,18,33,35,17,25,36,36,4,44,46,10,6,28,24,8,4,14,16,44,42$36.0
15$19,29,1,21,12,8,30,22,9,3,45,32,21,26,47,15,37,48,50,3,42,11,4,34,20,33,18,39,45,40,18,33,35,17,25,36,36,4,44,46,10,6,28,24,8,4,14,16,44,42$36.0
16$19,14,19,29,29,3,30,38,34,49,46,20,40,5,43,15,38,48,50,18,8,42,16,1,21,41,33,50,45,40,18,33,35,17,25,36,36,4,44,46,10,6,28,24,8,4,14,16,44,42$39.0
17$19,14,19,29,29,3,30,38,34,49,46,20,40,5,43,15,38,48,50,18,8,8,32,1,11,13,43,50,42,12,9,33,35,17,25,36,43,4,44,46,11,6,28,24,8,4,14,16,44,42$38.0
18$19,29,1,20,3,8,30,22,9,3,45,32,21,26,47,15,50,48,50,3,42,11,4,1,11,38,33,50,42,12,9,33,40,7,17,23,36,47,44,34,10,6,28,24,8,4,14,14,44,42$36.0
19$19,29,1,21,12,8,30,22,9,3,45,32,21,26,43,15,50,48,50,3,42,11,4,1,11,38,33,50,42,12,9,33,40,7,17,23,36,47,44,34,10,6,28,24,8,4,14,14,44,42$35.0
19$19,29,1,21,12,8,30,22,9,3,45,32,21,26,43,15,50,48,50,3,42,11,4,1,11,38,33,50,42,12,9,33,40,7,17,23,36,47,44,34,10,6,28,24,8,4,14,14,44,42$35.0
20$19,14,19,29,29,3,30,38,34,49,46,20,40,5,43,15,39,48,50,12,8,8,4,32,1,44,18,39,42,12,9,33,35,28,25,36,4,26,44,46,10,6,11,24,2,17,43,30,26,27$31.0
20$19,14,19,29,29,3,30,38,34,49,46,20,40,5,43,15,39,48,50,12,8,8,4,32,1,44,18,39,42,12,9,33,35,28,25,36,4,26,44,46,10,6,11,24,2,17,43,30,26,27$31.0
21$19,14,19,29,29,3,30,38,34,49,46,20,40,5,43,15,39,48,50,12,8,8,4,32,1,44,18,39,42,12,9,33,35,28,25,36,4,26,44,46,10,6,11,24,2,17,43,30,26,27$31.0
22$19,14,19,29,29,3,30,38,47,49,46,20,40,5,43,15,38,48,50,18,8,42,16,37,11,13,33,50,45,40,9,33,35,28,25,36,4,26,44,46,10,6,11,24,2,17,43,30,26,27$31.0
23$19,14,19,29,29,3,30,38,47,49,46,20,40,5,43,15,38,48,50,18,8,42,16,37,11,13,33,50,45,40,9,33,35,28,25,36,4,26,44,46,10,6,11,24,2,17,43,30,26,27$31.0
24$19,14,4,23,29,3,1,17,34,49,46,20,40,5,43,15,38,48,50,18,8,42,16,37,11,13,33,50,45,40,9,33,35,28,25,36,4,26,44,46,10,6,11,24,2,17,43,30,26,27$29.0
24$19,14,4,23,29,3,1,17,34,49,46,20,40,5,43,15,38,48,50,18,8,42,16,37,11,13,33,50,45,40,9,33,35,28,25,36,4,26,44,46,10,6,11,24,2,17,43,30,26,27$29.0
25$19,14,19,11,29,3,30,38,34,49,46,20,40,5,43,15,38,48,50,18,8,42,16,37,11,13,33,50,45,40,9,33,35,28,44,36,4,26,44,46,10,6,11,24,2,17,43,30,26,27$31.0
26$19,14,19,29,29,3,30,38,34,49,46,20,40,5,43,15,50,48,50,3,8,8,4,32,1,44,18,39,42,12,9,33,35,28,25,36,4,41,44,46,10,6,11,24,2,17,43,30,26,27$28.0
26$19,14,19,29,29,3,30,38,34,49,46,20,40,5,43,15,50,48,50,3,8,8,4,32,1,44,18,39,42,12,9,33,35,28,25,36,4,41,44,46,10,6,11,24,2,17,43,30,26,27$28.0
27$19,14,19,29,29,3,30,13,34,49,46,20,40,5,43,15,50,48,50,12,8,8,4,32,1,44,18,39,42,9,9,33,35,28,25,36,4,26,44,46,10,6,11,24,2,17,43,21,26,27$30.0
28$19,14,19,29,29,3,30,38,47,49,46,20,40,31,43,15,38,48,50,12,8,8,4,7,1,44,18,39,42,12,9,33,9,28,25,36,4,26,44,46,10,6,11,24,2,17,43,21,26,27$29.0
29$48,14,19,11,29,3,30,38,47,49,46,20,40,5,43,15,38,48,50,3,8,8,4,32,1,44,18,39,42,9,9,33,22,28,25,36,4,26,44,46,10,6,11,24,2,17,43,27,44,42$25.0
29$19,14,19,29,29,3,30,38,34,49,46,20,40,5,43,15,50,48,50,3,8,8,4,32,1,44,18,39,42,12,9,33,35,28,25,36,4,41,44,46,10,6,11,24,2,17,43,27,44,42$26.0
29$48,14,19,11,29,3,30,38,47,49,46,20,40,5,43,15,38,48,50,3,8,8,4,32,1,44,18,39,42,9,9,33,22,28,25,36,4,26,44,46,10,6,11,24,2,17,43,27,44,42$25.0
30$48,14,19,11,29,3,30,38,47,49,46,20,40,5,43,15,27,48,50,3,8,8,4,32,1,44,18,39,42,9,9,33,22,28,25,36,4,26,44,46,10,6,11,24,2,17,43,27,44,42$23.0
30$48,14,19,11,29,3,30,38,47,49,46,20,40,5,43,15,27,48,50,3,8,8,4,32,1,44,18,39,42,9,9,33,22,28,25,36,4,26,44,46,10,6,11,24,2,17,43,27,44,42$23.0
31$48,14,19,11,29,3,30,38,47,49,46,20,40,5,26,15,27,48,50,3,8,8,4,32,1,44,18,39,42,9,9,33,22,28,25,36,4,26,44,46,10,6,11,24,2,17,43,27,44,42$27.0
32$48,14,19,11,29,3,30,38,47,49,46,20,40,5,43,15,27,48,50,3,8,8,4,32,1,44,18,39,42,9,9,33,22,28,25,36,4,26,44,46,10,6,11,24,2,17,43,27,44,42$23.0
33$48,14,19,11,29,3,30,38,47,49,46,20,40,5,43,15,27,48,50,3,8,8,4,32,1,44,18,39,42,9,9,33,22,28,25,36,4,26,44,46,10,6,11,24,2,17,43,27,44,42$23.0
34$48,14,19,16,29,3,30,25,47,49,46,20,40,5,43,15,35,48,50,3,8,8,4,29,1,44,18,39,42,9,9,33,22,28,25,36,4,26,44,46,10,6,11,24,2,17,43,31,44,42$25.0
35$41,14,19,11,29,3,30,38,47,49,46,20,40,5,43,15,27,48,50,3,8,8,4,32,1,44,18,39,42,9,9,33,22,28,25,36,4,26,44,46,10,6,11,24,2,17,43,27,44,42$22.0
35$41,14,19,11,29,3,30,38,47,49,46,20,40,5,43,15,27,48,50,3,8,8,4,32,1,44,18,39,42,9,9,33,22,28,25,36,4,26,44,46,10,6,11,24,2,17,43,27,44,42$22.0
36$48,14,19,11,29,3,30,38,2,49,46,20,40,5,43,15,27,43,50,3,8,8,4,32,1,44,18,39,42,9,9,33,22,28,25,36,4,26,44,46,10,6,11,24,2,17,43,27,44,42$21.0
36$48,14,19,11,29,3,30,38,2,49,46,20,40,5,43,15,27,43,50,3,8,8,4,32,1,44,18,39,42,9,9,33,22,28,25,36,4,26,44,46,10,6,11,24,2,17,43,27,44,42$21.0
37$48,14,19,11,29,3,30,38,2,49,46,20,40,5,43,15,27,43,50,3,8,8,4,32,1,44,18,39,42,9,9,33,22,28,25,36,4,26,44,46,10,6,11,24,2,17,43,27,44,42$21.0
38$41,14,19,11,29,3,30,38,2,49,46,20,37,5,43,15,27,43,50,3,8,8,4,32,1,44,18,39,42,9,9,33,22,28,25,36,4,26,44,46,10,6,11,24,2,17,43,30,44,42$21.0
39$48,14,19,11,29,3,30,38,2,49,46,20,40,5,43,15,27,43,50,3,8,8,4,32,1,44,18,39,42,9,9,33,22,28,25,36,4,26,44,46,10,6,11,24,2,17,43,27,44,42$21.0
40$41,14,19,11,29,3,30,38,47,49,46,20,40,5,43,15,27,48,50,3,8,8,4,9,1,44,18,39,42,9,9,33,22,28,25,36,4,26,44,46,10,6,11,24,2,17,43,12,44,23$20.0
40$41,14,19,11,29,3,30,38,47,49,46,20,40,5,43,15,27,48,50,3,8,8,4,9,1,44,18,39,42,9,9,33,22,28,25,36,4,26,44,46,10,6,11,24,2,17,43,12,44,23$20.0
41$41,14,19,11,29,3,30,25,47,49,46,20,40,34,43,15,38,48,50,3,8,8,4,49,1,44,18,39,42,9,9,33,48,28,25,36,4,26,44,46,10,6,11,24,2,17,43,27,35,42$18.0
41$41,14,19,11,29,3,30,38,47,49,46,20,40,5,35,15,27,48,50,3,8,8,4,9,1,44,18,39,42,9,9,33,22,28,25,36,4,26,44,46,10,6,11,24,2,17,43,27,44,42$19.0
41$41,14,19,11,29,3,30,25,47,49,46,20,40,34,43,15,38,48,50,3,8,8,4,49,1,44,18,39,42,9,9,33,48,28,25,36,4,26,44,46,10,6,11,24,2,17,43,27,35,42$18.0
42$41,14,19,11,29,3,30,38,47,49,46,20,40,5,35,15,27,48,50,3,8,8,4,9,1,44,18,39,42,9,9,33,22,28,25,36,4,26,44,46,10,6,11,24,2,17,43,27,44,23$18.0
43$48,14,19,11,29,3,30,38,47,49,46,20,40,5,43,15,27,48,50,3,8,8,4,38,1,35,18,39,14,9,9,33,22,28,25,36,4,26,44,46,10,6,11,24,2,17,43,30,44,42$18.0
44$5,14,19,29,29,3,30,38,47,49,46,20,40,5,43,15,27,48,50,3,8,8,4,9,1,44,11,39,42,12,9,33,22,28,25,36,4,26,44,46,10,6,11,24,2,17,43,27,44,23$17.0
44$5,14,19,29,29,3,30,38,47,49,46,20,40,5,43,15,27,48,50,3,8,8,4,9,1,44,11,39,42,12,9,33,22,28,25,36,4,26,44,46,10,6,11,24,2,17,43,27,44,23$17.0
45$5,14,19,11,37,3,30,38,47,49,13,20,40,35,43,15,27,48,50,3,8,8,4,32,1,35,18,39,42,9,9,33,22,28,25,36,4,26,42,46,10,6,11,24,2,17,43,30,44,42$17.0
46$5,14,19,11,37,3,30,38,47,49,13,20,40,35,43,15,27,48,50,3,8,8,4,9,1,44,18,39,42,9,9,33,22,28,25,36,4,26,37,46,10,6,11,24,2,17,1,30,44,42$16.0
46$5,14,19,11,37,3,30,38,47,49,13,20,40,35,43,15,27,48,50,3,8,8,4,9,1,44,18,39,42,9,9,33,22,28,25,36,4,26,37,46,10,6,11,24,2,17,1,30,44,42$16.0
47$16,14,19,29,29,3,30,38,47,49,46,20,40,5,43,15,27,48,50,3,8,8,4,9,1,44,11,39,42,12,9,33,22,28,25,36,4,26,44,46,10,6,11,24,2,17,43,27,44,23$16.0
48$5,14,19,11,37,3,30,38,47,49,13,20,40,5,43,15,27,48,50,3,8,8,4,9,1,31,11,39,42,9,9,33,22,28,25,36,4,26,37,46,10,6,11,24,2,17,43,2,44,42$16.0
49$5,14,19,11,29,3,30,38,47,49,13,20,40,5,43,15,27,48,50,3,8,8,4,9,1,31,11,39,42,9,9,33,22,28,25,36,4,26,37,46,10,6,11,24,2,17,43,2,44,42$15.0
49$5,14,19,11,29,3,30,38,47,49,13,20,40,5,43,15,27,48,50,3,8,8,4,9,1,31,11,39,42,9,9,33,22,28,25,36,4,26,37,46,10,6,11,24,2,17,43,2,44,42$15.0
50$48,14,19,11,29,3,30,38,47,49,13,20,40,5,43,15,27,48,50,3,8,8,4,9,1,31,11,39,42,9,9,33,22,28,25,36,4,26,37,46,10,6,11,24,2,17,43,2,44,42$15.0
51$5,14,19,11,37,3,30,38,47,49,13,20,40,35,43,15,27,43,50,3,8,8,4,9,1,44,18,39,42,9,9,33,22,28,25,36,4,26,37,46,10,6,11,24,2,17,43,2,44,42$14.0
51$5,14,19,11,37,3,30,38,47,49,13,20,40,35,43,15,27,43,50,3,8,8,4,9,1,44,18,39,42,9,9,33,22,28,25,36,4,26,37,46,10,6,11,24,2,17,43,2,44,42$14.0
52$5,14,19,11,37,3,30,38,47,49,13,20,40,35,43,15,27,43,50,3,8,8,4,9,1,44,18,39,42,9,9,33,22,28,25,36,4,26,37,46,10,6,11,24,2,17,43,2,44,42$14.0
53$16,14,19,29,29,3,30,38,47,49,46,20,40,5,43,15,27,48,50,3,8,8,4,9,1,44,11,39,42,12,9,33,22,28,25,36,4,26,37,46,10,6,11,24,2,17,43,2,44,42$15.0
54$16,14,19,6,29,3,30,38,47,49,46,20,40,5,43,15,27,48,50,3,8,8,4,9,1,31,11,39,42,12,19,33,22,28,25,36,4,41,37,46,10,6,11,24,2,17,43,49,44,23$15.0
55$16,14,19,11,37,3,30,38,47,49,13,20,40,5,43,15,27,48,50,3,8,8,4,9,1,31,11,39,42,9,9,33,22,28,25,36,4,26,37,46,10,6,11,24,2,17,43,2,44,42$15.0
56$16,14,19,11,37,3,30,38,47,49,13,20,40,5,43,15,27,48,50,3,8,8,4,9,1,31,11,39,42,9,9,33,22,28,25,36,4,26,37,46,10,6,11,24,2,17,43,2,44,42$15.0
57$16,14,19,6,29,3,30,38,47,49,46,20,40,5,43,15,27,48,50,3,8,8,4,9,1,44,48,39,42,9,9,33,22,28,25,36,4,26,37,46,10,6,11,24,2,17,43,2,44,42$15.0
58$16,14,19,6,29,3,30,38,47,49,46,20,40,5,43,15,27,48,50,3,8,8,4,9,1,44,18,39,42,12,9,33,22,28,25,36,4,41,37,46,10,6,11,24,2,17,43,27,44,23$13.0
58$16,14,19,6,29,3,30,38,47,49,46,20,40,5,43,15,27,48,50,3,8,8,4,9,1,44,18,39,42,12,9,33,22,28,25,36,4,41,37,46,10,6,11,24,2,17,43,27,44,23$13.0
59$16,14,19,6,29,3,30,38,47,49,46,20,40,5,43,15,7,48,50,3,8,8,4,9,1,44,18,39,42,12,9,33,22,28,25,36,4,41,37,46,10,6,11,24,2,17,43,27,44,23$14.0
60$16,14,19,11,29,3,30,38,47,49,13,20,40,5,43,15,27,48,50,3,8,8,4,9,1,44,11,39,42,12,19,7,22,28,25,36,4,41,37,46,10,6,11,24,2,17,43,49,44,23$12.0
60$16,14,19,11,29,3,30,38,47,49,13,20,40,5,43,15,27,48,50,3,8,8,4,9,1,44,11,39,42,12,19,7,22,28,25,36,4,41,37,46,10,6,11,24,2,17,43,49,44,23$12.0
61$37,14,19,11,29,3,30,38,47,49,13,20,40,5,43,15,27,48,50,3,8,8,4,9,1,44,18,39,42,12,9,33,22,28,25,36,4,41,37,46,10,6,11,24,2,17,43,27,44,23$13.0
62$16,14,19,11,29,3,30,38,47,49,13,20,40,5,43,15,27,48,50,25,8,8,4,9,1,44,11,39,42,12,9,33,22,28,25,36,4,26,32,46,10,6,11,24,2,17,43,27,44,23$14.0
63$16,14,19,11,29,3,30,38,47,49,13,20,40,5,43,15,27,48,50,3,8,8,4,9,1,44,1,39,42,12,19,7,22,28,25,36,4,41,37,46,10,6,11,24,2,17,43,49,44,23$11.0
63$16,14,19,11,29,3,30,38,47,49,13,20,40,5,43,15,27,48,50,3,8,8,4,9,1,44,1,39,42,12,19,7,22,28,25,36,4,41,37,46,10,6,11,24,2,17,43,49,44,23$11.0
64$16,14,19,11,29,3,30,38,47,49,13,20,40,5,43,15,27,48,50,3,8,8,4,9,1,44,1,39,42,12,19,7,22,28,25,36,4,41,37,46,10,6,11,24,2,17,43,49,44,23$11.0
65$16,14,19,11,29,3,30,38,47,49,13,20,40,5,43,15,27,48,50,3,8,8,4,9,1,31,47,39,42,12,9,50,22,28,25,36,4,41,37,46,10,6,11,24,2,17,43,27,44,23$11.0
66$16,21,19,6,29,3,30,12,35,49,46,20,40,5,43,15,18,48,50,25,8,8,4,9,1,44,11,39,42,12,19,7,22,28,25,36,4,41,37,46,10,6,11,24,2,17,43,27,44,23$10.0
66$16,21,19,6,29,3,30,12,35,49,46,20,40,5,43,15,18,48,50,25,8,8,4,9,1,44,11,39,42,12,19,7,22,28,25,36,4,41,37,46,10,6,11,24,2,17,43,27,44,23$10.0
67$16,14,19,6,29,3,30,12,47,49,46,20,40,5,43,15,27,48,50,3,8,8,4,9,1,44,11,39,42,12,19,7,22,28,25,36,4,41,37,46,10,6,11,24,2,17,43,27,44,23$11.0
68$16,14,19,11,34,3,30,38,47,49,13,20,40,5,43,15,27,48,50,3,8,8,4,9,1,31,11,39,42,12,9,33,22,28,25,36,4,41,37,46,10,6,11,24,2,17,43,27,44,23$11.0
69$16,14,19,11,29,3,30,38,47,49,13,20,40,5,43,15,27,48,50,3,8,8,4,9,1,44,11,39,42,12,19,7,22,28,25,36,4,41,37,46,10,6,11,24,2,17,43,49,44,23$12.0
70$16,14,19,11,29,3,30,38,47,49,46,20,40,5,43,15,27,48,50,25,8,8,4,28,1,44,11,39,42,12,9,7,22,28,25,36,4,41,37,46,10,6,45,24,2,17,43,27,44,23$11.0
71$16,14,19,6,29,3,30,12,47,49,46,20,40,5,43,15,27,48,50,25,8,8,4,9,1,44,11,39,42,12,19,7,22,28,25,36,4,41,37,46,10,6,11,24,2,17,43,27,44,23$11.0
72$16,14,19,6,29,3,30,12,47,49,46,20,40,5,43,15,27,48,50,25,8,8,4,9,1,44,11,39,42,12,19,7,22,28,25,36,4,41,37,46,10,6,11,24,2,17,43,27,44,23$11.0
73$16,14,19,6,29,3,30,12,47,49,46,20,40,5,43,15,27,48,50,25,8,8,4,9,1,44,11,39,42,12,19,7,22,28,25,36,4,41,37,46,10,6,11,24,2,17,43,27,44,23$11.0
74$16,14,19,6,29,3,30,12,47,49,46,20,40,5,43,15,27,48,50,3,8,8,4,9,1,44,11,39,42,12,19,7,22,28,25,36,4,41,37,46,10,6,11,24,2,17,43,27,44,23$11.0
75$16,14,19,6,29,3,30,12,47,49,46,20,40,5,43,15,27,48,50,25,8,8,4,9,1,44,11,39,42,12,19,7,22,28,25,36,4,41,37,46,34,6,11,24,2,17,43,49,44,23$11.0
76$16,14,19,6,29,3,30,12,47,49,46,20,40,5,43,15,27,48,50,25,8,8,4,9,1,44,11,39,42,12,19,7,22,28,25,36,4,41,37,46,10,6,11,24,2,17,43,27,44,23$11.0
77$16,14,19,6,29,3,30,12,47,49,46,20,40,5,43,15,27,48,50,25,8,8,4,9,1,44,11,39,42,12,19,7,22,28,25,36,4,41,37,46,10,6,11,24,2,17,43,49,44,23$11.0
78$45,14,19,6,29,3,30,12,47,49,46,20,40,5,43,15,27,48,50,3,8,8,4,9,1,44,11,39,42,12,19,33,22,28,25,36,4,41,37,46,10,6,11,24,2,17,43,27,44,23$11.0
79$16,14,19,6,29,3,30,12,47,49,46,20,40,5,43,15,27,48,50,25,8,8,4,9,1,44,11,39,42,12,9,7,22,28,25,36,4,41,37,46,10,6,11,24,2,17,43,27,44,23$11.0
80$16,14,19,6,29,3,30,12,47,49,46,20,40,5,43,15,27,48,50,25,8,8,4,9,1,44,11,39,42,12,19,7,22,28,25,36,4,41,37,46,10,6,11,24,2,17,43,27,44,23$11.0
81$16,14,19,6,29,3,30,12,47,49,46,20,40,5,43,15,27,48,50,25,8,8,4,9,1,44,11,39,42,12,19,7,22,28,25,36,4,41,37,46,10,6,11,24,2,17,43,27,44,23$11.0
82$16,14,19,6,29,3,30,12,47,49,46,31,40,5,43,15,27,48,50,3,8,8,4,9,1,44,11,39,42,35,9,7,22,28,25,36,4,41,37,46,10,6,11,24,2,17,43,27,44,23$10.0
83$16,14,19,6,29,3,30,12,47,49,46,20,40,5,43,15,27,48,50,3,8,8,4,9,1,44,11,39,42,12,19,33,22,28,25,36,4,41,37,46,10,6,11,24,2,17,43,27,44,23$11.0
84$16,14,19,6,29,3,30,12,47,49,46,20,40,5,43,15,27,48,50,25,8,8,4,9,1,44,11,39,42,12,19,33,22,28,25,36,4,41,37,46,10,6,11,24,2,17,43,27,44,23$11.0
85$16,14,19,6,29,3,30,12,47,49,46,20,40,5,43,15,27,48,50,25,8,8,4,9,1,44,11,39,42,12,19,7,22,28,25,36,4,41,37,46,10,6,11,24,2,17,43,27,44,23$11.0
86$16,14,19,6,29,3,30,12,47,49,46,20,40,5,43,15,27,48,50,3,8,8,4,9,1,44,11,39,42,12,9,7,22,28,25,36,4,41,37,46,10,6,11,24,2,17,43,27,44,23$11.0
87$16,14,19,6,29,3,30,12,47,49,46,20,40,5,43,15,27,48,50,3,8,8,4,9,1,44,11,39,42,12,19,33,22,28,25,36,4,41,37,46,10,6,11,24,2,17,43,27,44,23$11.0
88$35,14,19,45,29,3,30,12,47,49,46,20,40,5,43,15,27,48,50,3,8,8,4,9,1,44,11,39,42,12,19,7,22,28,25,36,4,41,37,46,10,6,11,24,2,17,43,27,44,23$10.0
89$16,14,19,6,29,3,30,12,47,49,46,20,40,5,43,15,27,48,50,25,8,8,4,9,1,44,11,39,42,12,19,33,22,28,25,36,4,41,37,46,10,6,11,24,2,17,43,27,44,23$11.0
90$16,14,19,6,29,3,30,12,47,49,46,20,40,5,43,15,27,48,50,3,8,8,4,9,1,44,11,39,42,12,19,7,22,28,25,36,4,41,37,46,10,6,11,24,2,17,43,13,44,23$10.0
91$16,14,19,6,29,3,30,12,47,49,46,20,40,5,43,15,27,48,50,3,8,8,4,9,1,44,11,39,42,12,19,7,22,28,25,36,4,41,37,46,10,6,11,24,2,17,43,13,44,23$10.0
92$16,14,19,6,38,3,30,12,47,49,46,20,40,5,43,15,27,48,50,29,8,8,4,9,1,44,11,39,42,12,9,33,22,28,25,36,4,41,37,46,10,6,11,24,2,17,43,27,44,23$10.0
93$16,14,19,6,38,3,30,12,47,49,46,20,40,5,43,15,27,48,50,3,8,8,4,9,1,44,11,39,42,12,19,7,22,28,25,36,4,41,37,46,10,6,21,24,2,17,43,27,44,23$10.0
94$16,14,19,6,38,3,30,12,47,49,46,20,40,5,43,15,27,48,50,29,8,8,4,9,1,44,11,39,42,12,19,7,22,28,25,36,4,41,37,46,10,6,11,24,2,17,43,27,44,23$10.0
95$16,14,19,6,38,3,30,12,47,49,46,20,40,5,43,15,27,48,50,29,8,8,4,9,1,44,11,39,42,12,9,33,22,28,25,36,4,41,37,46,10,6,11,24,2,17,43,27,44,23$10.0
96$16,14,19,6,38,3,30,12,47,49,46,20,40,5,43,15,27,48,50,29,8,8,4,9,1,44,11,39,42,12,9,33,22,28,25,36,4,41,37,46,10,6,11,24,2,17,43,27,44,23$10.0
97$16,14,32,6,29,3,30,12,47,49,46,20,40,5,43,15,27,48,50,29,8,8,4,9,1,44,11,39,42,12,19,7,22,28,25,36,4,41,37,46,10,6,11,24,2,17,43,27,44,23$10.0
98$16,14,19,6,38,3,30,12,47,49,46,20,40,5,43,15,27,48,50,29,8,8,4,9,1,44,11,39,42,12,19,7,22,28,25,36,4,41,37,46,10,6,11,24,2,17,43,27,44,23$10.0
99$34,14,19,6,29,3,30,12,47,49,46,20,40,5,43,15,27,48,50,25,8,8,4,9,1,44,11,39,42,12,19,7,22,28,25,36,4,41,37,46,10,6,11,24,2,17,43,27,32,23$10.0
100$16,14,19,6,38,3,30,12,47,49,46,20,40,5,43,15,27,48,50,25,8,8,4,9,1,35,11,39,42,12,9,7,22,28,25,36,4,41,37,46,10,6,11,24,2,17,43,27,44,23$10.0
101$16,14,19,6,29,3,30,12,47,49,46,20,40,5,43,15,27,48,50,25,8,8,4,9,1,35,11,39,42,12,9,7,22,28,25,36,4,41,37,46,10,6,11,24,2,17,43,27,44,23$10.0
102$16,14,19,6,29,3,30,12,47,49,46,20,40,5,43,15,27,48,50,25,8,8,4,9,1,35,11,39,42,12,9,7,22,28,25,36,4,41,37,46,10,6,11,24,2,17,43,27,44,23$10.0
103$16,14,19,6,29,3,30,12,47,49,46,20,40,5,43,15,27,48,50,25,8,8,4,9,1,35,11,39,42,12,9,7,22,28,25,36,4,41,37,46,10,6,11,24,2,17,43,27,44,23$10.0
104$16,14,19,6,29,3,30,12,47,49,46,20,40,5,43,15,27,48,50,25,8,8,4,9,1,35,11,39,42,12,9,7,22,28,25,36,4,41,37,46,10,6,11,24,2,17,43,27,44,23$10.0
105$16,14,19,6,29,3,30,12,47,49,46,20,40,5,43,15,27,48,50,25,8,8,4,9,1,35,11,39,42,12,9,7,22,28,25,36,4,41,37,46,10,6,11,24,2,17,43,27,44,23$10.0
106$34,14,19,6,29,3,30,12,47,49,46,20,40,5,43,15,27,48,50,25,8,8,4,9,1,35,11,39,42,12,9,7,22,28,25,36,4,41,37,46,10,6,11,24,2,17,43,27,44,23$10.0
107$16,14,19,6,29,3,30,12,47,49,46,20,40,5,43,15,27,48,50,25,8,8,4,9,1,35,11,39,42,22,9,7,22,28,25,36,4,41,37,46,10,6,11,24,2,17,43,27,44,23$10.0
108$16,14,19,6,29,3,30,12,47,49,46,20,40,5,43,15,27,48,50,25,8,8,4,9,1,35,11,39,42,12,9,7,22,28,25,36,4,41,37,46,10,6,11,24,2,17,43,27,44,23$10.0
109$16,14,19,6,29,3,30,12,47,49,46,20,40,5,43,15,27,48,50,25,8,8,4,9,1,35,11,39,42,12,9,7,22,28,25,36,4,41,37,46,10,6,11,24,2,17,43,27,44,23$10.0
110$16,14,19,6,29,3,30,12,47,49,46,20,40,5,43,15,27,48,50,25,8,8,4,9,1,35,11,39,42,12,9,7,22,28,25,36,4,41,37,46,10,6,11,24,2,17,43,27,44,23$10.0
111$16,14,19,6,29,3,30,12,47,49,46,20,40,5,43,15,27,48,50,25,8,8,4,9,1,35,11,39,42,12,9,7,22,28,25,36,4,41,37,46,10,6,31,24,2,17,43,27,44,23$9.0
111$16,14,19,6,29,3,30,12,47,49,46,20,40,5,43,15,27,48,50,25,8,8,4,9,1,35,11,39,42,12,9,7,22,28,25,36,4,41,37,46,10,6,31,24,2,17,43,27,44,23$9.0
112$16,14,19,6,29,3,30,12,47,49,46,20,40,5,43,15,27,48,50,25,8,8,4,9,1,35,11,39,42,12,9,7,22,28,25,36,4,41,37,46,10,6,31,24,2,17,43,27,44,23$9.0
113$16,14,19,6,29,3,30,12,47,49,46,20,40,5,43,15,27,48,50,25,8,8,4,9,1,35,11,39,42,12,9,7,22,28,25,36,4,41,37,46,10,6,31,24,2,17,43,27,44,23$9.0
114$16,14,19,6,29,3,30,12,47,49,46,20,40,5,43,15,27,48,50,25,8,8,4,9,1,35,11,39,42,12,9,7,22,28,25,36,4,41,37,46,10,6,31,24,2,17,43,27,44,23$9.0
115$16,14,19,6,29,3,30,12,47,49,46,20,40,5,43,15,27,48,50,25,8,8,4,9,1,35,11,39,42,12,9,7,22,28,25,36,4,41,37,46,10,6,31,24,2,17,43,27,44,23$9.0
116$16,14,19,6,29,3,30,12,47,49,46,20,40,5,43,15,27,48,50,3,8,8,4,9,1,35,11,39,42,12,9,7,22,28,25,36,4,41,37,46,10,6,31,24,2,17,43,27,44,23$9.0
117$16,14,19,6,29,3,30,12,47,49,46,20,40,5,43,15,27,48,50,25,8,8,4,9,1,35,11,39,42,12,9,7,22,28,25,36,4,41,37,46,10,6,11,24,2,17,43,27,44,23$10.0
118$16,14,19,6,29,3,30,12,47,49,46,20,40,5,43,15,27,48,50,25,8,8,4,9,1,35,11,39,42,12,9,7,22,28,25,36,4,41,37,46,10,6,31,24,2,17,43,27,44,23$9.0
119$16,14,19,6,29,3,30,12,47,49,46,20,40,5,43,15,27,48,50,25,8,8,4,9,1,35,11,39,42,12,9,7,22,28,25,36,4,41,37,46,10,6,31,24,2,17,43,27,44,23$9.0
120$16,14,19,6,29,3,30,12,47,49,46,20,40,5,43,15,27,48,50,3,8,8,4,9,1,35,11,39,42,12,9,33,22,28,25,36,4,41,37,46,10,6,48,24,2,17,43,27,44,23$10.0
121$16,14,19,6,29,3,30,12,47,49,46,20,40,5,43,15,27,48,50,25,8,8,4,9,1,35,11,39,42,12,9,7,22,28,25,36,4,41,37,46,10,6,11,24,2,17,43,27,44,23$10.0
122$16,14,19,6,29,3,30,12,47,49,46,20,40,5,43,15,27,48,50,25,8,8,4,9,1,35,11,39,42,12,9,7,22,28,25,36,4,41,37,46,10,6,31,21,2,17,43,27,44,23$9.0
123$16,14,19,6,29,3,30,12,47,49,46,20,40,5,43,15,27,48,50,25,8,8,4,9,1,35,11,39,42,12,9,7,22,28,25,36,4,41,37,46,10,6,11,24,2,17,43,27,44,23$10.0
124$16,14,19,6,29,3,30,12,47,49,46,20,40,5,43,15,27,48,50,25,8,8,4,9,1,35,11,39,42,12,9,7,22,28,25,36,4,41,37,46,10,6,31,21,2,17,43,27,44,23$9.0
125$16,14,19,6,29,3,30,12,47,49,46,20,40,5,43,15,27,48,50,25,8,8,4,9,1,35,11,39,42,12,9,7,22,28,25,36,4,41,37,46,10,6,11,24,2,17,43,27,44,23$10.0
126$16,14,19,6,29,3,30,12,47,49,46,20,40,5,43,15,27,48,50,25,8,8,4,9,1,35,11,39,42,12,9,7,22,28,25,36,4,41,37,46,10,6,31,24,2,17,43,27,44,23$9.0
127$16,14,19,6,29,3,30,12,47,49,46,20,40,5,43,15,27,48,50,25,8,8,4,9,1,35,11,39,42,12,9,7,22,28,25,36,4,41,37,46,10,6,31,21,2,17,43,27,44,23$9.0
128$16,14,19,6,29,3,30,12,47,49,46,20,40,5,43,15,27,48,50,25,8,8,4,9,1,35,11,39,42,12,9,7,22,28,25,36,4,41,37,46,10,6,31,24,2,17,43,27,44,23$9.0
129$16,14,19,6,45,3,30,12,47,49,46,20,40,5,43,15,27,48,50,25,8,8,4,9,1,35,11,39,42,12,9,7,22,28,25,36,4,41,37,46,10,6,31,24,2,17,43,27,44,23$9.0
130$16,14,19,6,29,3,30,12,47,49,46,20,40,5,43,33,27,48,50,25,8,8,4,9,1,35,11,39,42,12,9,7,22,28,1,36,4,41,37,46,10,6,31,24,2,17,43,27,44,23$9.0
131$16,14,19,6,29,3,30,12,47,49,46,20,40,5,43,15,27,48,50,25,8,8,4,9,1,35,11,39,42,12,9,7,22,28,1,36,4,41,37,46,10,6,31,24,2,17,43,27,44,23$9.0
132$16,14,19,6,29,3,30,12,47,49,46,20,40,5,43,15,27,48,50,25,8,8,4,9,1,35,11,39,42,12,9,7,22,28,1,36,4,41,37,46,10,6,31,24,2,17,43,27,44,23$9.0
133$16,14,19,6,29,3,30,12,47,49,46,20,40,5,43,15,27,48,50,25,8,8,4,9,1,35,11,39,42,12,9,7,22,28,25,36,4,41,37,46,10,6,31,24,2,17,43,27,44,23$9.0
134$16,14,19,6,29,3,30,12,47,49,46,20,40,5,43,15,27,48,50,25,8,8,4,9,1,35,11,39,42,12,9,7,22,28,25,36,4,41,37,46,10,6,31,24,2,17,43,27,44,23$9.0
135$16,14,19,6,29,3,30,12,47,49,46,20,40,5,43,15,27,48,50,25,8,8,4,9,1,35,11,39,42,12,9,7,22,28,25,36,4,41,37,46,10,6,31,24,2,17,43,27,44,23$9.0
136$16,14,19,6,29,3,30,12,47,49,46,20,40,5,43,15,27,48,50,25,8,8,4,9,1,35,11,39,42,12,9,7,22,28,25,36,4,41,37,46,10,6,31,24,2,17,43,27,44,23$9.0
137$16,14,19,6,29,3,30,12,47,49,46,20,40,5,43,15,27,48,50,25,8,8,4,9,1,35,11,39,42,12,9,7,22,28,25,36,4,41,37,46,10,6,31,24,2,17,43,27,44,23$9.0
138$16,14,19,6,29,3,30,12,47,49,46,20,40,5,43,15,27,48,50,25,8,8,4,9,1,35,11,39,42,12,9,7,22,28,25,36,4,41,37,46,10,6,31,24,2,17,43,27,44,23$9.0
139$16,14,19,6,29,3,30,12,47,49,46,20,40,5,43,15,27,48,50,25,8,8,4,9,1,35,11,39,42,12,9,7,22,28,25,36,4,41,37,46,10,6,31,24,2,17,43,27,44,23$9.0
140$16,14,19,6,29,3,30,12,47,49,46,20,40,5,43,15,27,48,50,25,8,8,4,9,1,35,11,39,42,12,9,7,22,28,25,36,4,41,37,46,10,6,31,24,2,17,43,27,44,23$9.0
141$16,14,19,6,29,3,30,12,47,49,46,20,40,5,43,15,27,48,50,25,8,8,4,9,1,35,11,39,42,12,9,7,22,28,25,36,4,41,37,46,10,6,31,24,2,17,43,27,44,23$9.0
142$16,14,19,6,29,3,30,12,47,49,46,20,40,5,43,15,27,48,50,25,8,8,4,9,1,35,11,39,42,12,9,7,22,28,25,36,4,41,37,46,10,6,31,24,2,17,43,27,44,23$9.0
143$16,14,19,6,29,3,30,12,47,49,46,20,40,5,43,15,27,48,50,25,8,8,4,9,1,35,11,39,42,12,9,7,22,28,25,36,4,41,37,46,10,6,31,24,2,17,43,27,44,23$9.0
144$16,14,19,6,29,3,30,12,47,49,46,20,40,5,43,15,27,48,50,25,8,8,4,9,1,35,11,39,42,12,9,7,22,28,25,36,4,41,37,3,10,6,31,24,2,17,43,27,44,23$9.0
145$16,14,19,6,29,3,30,12,47,49,46,20,40,5,43,33,27,48,50,25,8,8,4,9,1,35,11,39,42,12,9,7,22,28,25,36,4,41,37,46,10,6,31,24,2,17,43,27,44,23$9.0
146$16,14,19,6,29,3,30,12,47,49,46,20,40,5,43,15,27,48,50,25,8,8,4,9,1,35,11,39,42,12,9,7,22,28,25,36,4,41,37,46,10,6,31,24,2,17,43,27,44,23$9.0
147$16,14,19,6,45,3,30,12,47,49,46,20,40,5,43,33,27,48,50,25,8,8,4,9,1,35,11,39,42,12,9,7,22,28,25,36,4,41,37,46,10,6,31,24,2,17,43,27,44,23$9.0
148$16,14,19,6,45,3,30,12,47,49,46,20,40,5,43,15,27,48,50,25,8,8,4,41,1,35,11,39,42,12,9,7,22,28,25,36,4,41,37,3,10,6,31,24,2,17,43,27,44,23$9.0
149$16,14,19,6,45,3,30,12,47,49,46,20,40,5,43,33,27,48,50,25,8,8,4,9,1,35,11,39,42,12,9,7,22,28,25,36,4,41,37,46,10,6,31,24,2,17,43,27,44,23$9.0
150$16,14,19,6,29,3,30,12,47,49,46,20,40,5,37,15,27,48,50,25,8,8,4,9,1,35,11,39,42,12,9,7,22,28,25,36,4,41,37,46,10,6,31,24,2,17,43,27,44,23$9.0
151$16,14,19,48,29,3,30,12,47,49,46,20,40,5,43,15,27,48,50,25,8,8,4,41,1,35,11,39,42,12,9,7,22,28,25,36,4,41,37,46,10,6,31,24,2,17,43,27,44,23$9.0
152$16,14,19,6,29,3,30,12,47,49,46,20,40,5,43,15,27,48,50,25,8,8,4,41,1,35,11,39,42,12,9,7,22,28,25,36,4,41,37,46,10,6,31,24,2,17,43,27,44,23$9.0
153$16,14,19,6,29,3,30,12,47,49,46,20,40,5,37,33,27,48,50,25,8,8,4,9,1,35,11,39,42,12,9,7,22,28,25,36,4,41,37,46,10,6,31,24,2,17,43,27,44,23$9.0
154$16,14,19,6,29,3,30,12,47,49,46,20,40,5,37,33,27,48,50,25,8,8,4,9,1,35,11,39,42,12,9,7,22,28,25,36,4,41,37,46,10,6,31,24,2,17,43,27,44,23$9.0
155$16,14,19,6,29,3,30,12,47,49,46,20,40,5,37,33,27,48,50,25,8,8,4,9,1,35,11,39,42,12,9,7,22,28,25,36,4,41,37,46,10,6,31,24,2,17,43,27,44,23$9.0
156$16,14,19,6,29,3,30,12,47,49,46,20,40,5,43,15,27,48,50,25,8,8,4,9,1,35,11,39,42,13,9,7,22,28,25,36,4,41,37,46,10,6,31,24,2,17,43,27,44,23$8.0
156$16,14,19,6,29,3,30,12,47,49,46,20,40,5,43,15,27,48,50,25,8,8,4,9,1,35,11,39,42,13,9,7,22,28,25,36,4,41,37,46,10,6,31,24,2,17,43,27,44,23$8.0
157$16,14,19,21,29,3,30,10,47,49,46,20,40,5,43,15,27,48,50,25,8,8,4,9,1,35,11,39,42,12,9,7,22,28,25,36,4,41,37,46,10,6,31,24,2,17,43,27,44,23$8.0
158$16,14,19,6,29,3,30,12,47,49,46,20,40,5,43,15,27,48,50,25,8,8,4,41,1,35,11,39,42,12,9,7,22,28,25,36,4,41,37,46,10,6,31,24,2,17,43,27,44,23$9.0
159$16,14,19,21,29,3,30,10,47,49,46,20,40,21,43,15,27,48,50,25,8,8,4,9,1,35,11,39,42,12,9,7,22,28,25,36,4,41,37,46,10,6,31,24,2,17,43,27,44,23$9.0
160$16,14,19,21,29,3,30,10,47,49,46,20,40,5,43,15,27,48,50,25,8,8,4,9,1,35,11,39,42,12,9,7,22,28,25,36,4,41,37,46,10,6,31,24,2,17,43,27,44,23$8.0
161$16,14,19,21,29,3,30,10,47,49,46,20,40,5,43,15,27,48,50,25,8,8,4,9,1,35,11,39,42,12,9,7,22,28,25,36,4,41,37,46,10,6,31,24,2,17,43,27,44,23$8.0
162$16,14,19,6,29,3,30,7,47,49,46,20,40,32,37,33,27,48,50,34,8,8,4,9,1,35,11,39,42,12,9,7,22,28,25,36,4,41,37,46,10,6,31,24,2,17,43,27,44,23$8.0
163$16,14,19,6,29,3,30,7,47,49,46,20,40,32,37,33,27,48,50,34,8,8,4,9,1,35,11,39,42,12,9,7,22,28,25,36,4,41,37,46,10,6,31,24,2,17,43,27,44,23$8.0
164$16,14,19,6,29,3,30,7,47,49,46,20,40,32,37,33,27,48,50,34,8,8,4,9,1,35,11,39,42,12,9,7,22,28,25,36,4,41,37,46,10,6,31,24,2,17,43,27,44,23$8.0
165$16,14,19,6,45,3,30,15,47,49,46,20,40,32,37,33,27,48,50,34,8,8,4,9,1,35,11,39,42,12,9,7,22,28,25,36,4,41,37,46,10,6,31,24,2,17,43,27,44,23$7.0
165$16,14,19,6,45,3,30,15,47,49,46,20,40,32,37,33,27,48,50,34,8,8,4,9,1,35,11,39,42,12,9,7,22,28,25,36,4,41,37,46,10,6,31,24,2,17,43,27,44,23$7.0
166$16,14,19,6,45,3,30,15,47,49,46,20,40,32,37,33,27,48,50,34,8,8,4,9,1,35,11,39,42,12,9,7,22,28,25,36,4,41,37,46,10,6,31,24,2,17,43,27,44,23$7.0
167$16,14,19,6,45,3,30,15,47,49,46,20,40,32,37,33,27,48,50,34,8,8,4,9,1,35,11,39,42,12,5,7,22,28,25,36,4,41,37,46,10,6,31,24,2,17,43,27,44,23$6.0
167$16,14,19,6,45,3,30,15,47,49,46,20,40,32,37,33,27,48,50,34,8,8,4,9,1,35,11,39,42,12,5,7,22,28,25,36,4,41,37,46,10,6,31,24,2,17,43,27,44,23$6.0
168$16,14,19,21,29,3,30,10,47,49,46,20,40,5,43,15,27,48,50,25,8,8,4,9,1,35,11,39,42,12,9,7,22,28,25,36,4,41,37,46,10,6,31,24,2,17,43,27,44,23$8.0
169$16,14,19,6,45,3,30,15,47,49,46,20,40,32,37,33,27,48,50,34,8,8,4,9,1,35,11,39,42,12,9,7,22,28,25,36,4,41,37,46,10,6,31,24,2,17,43,27,44,23$7.0
170$16,14,19,6,45,3,30,15,47,49,46,20,40,32,37,33,27,48,50,34,8,8,4,9,1,35,11,39,42,12,9,7,22,28,25,36,4,41,37,46,10,6,31,24,2,17,43,27,44,23$7.0
171$16,14,19,6,45,3,30,15,47,49,46,20,40,32,37,33,27,48,50,34,8,8,4,9,1,35,11,39,42,12,9,7,22,28,25,36,4,41,37,46,10,6,31,24,2,17,43,27,44,23$7.0
172$16,14,19,6,45,3,30,15,47,49,46,20,40,32,37,33,27,48,50,34,8,8,4,9,1,35,11,39,42,12,9,7,22,28,25,36,4,41,37,46,10,6,31,24,2,17,43,27,44,23$7.0
173$16,14,19,6,45,3,30,15,47,49,46,20,40,32,37,33,27,48,50,34,8,8,4,9,1,35,11,39,42,12,9,7,22,28,25,36,4,41,37,46,10,6,31,24,2,17,43,27,44,23$7.0
174$16,14,19,6,29,3,30,15,47,49,46,20,40,32,37,33,27,48,50,34,8,8,4,9,1,35,11,39,42,12,9,7,22,28,25,36,4,41,37,46,10,6,31,24,2,17,43,27,44,23$7.0
175$16,14,19,6,29,3,30,15,47,49,46,20,40,32,37,33,27,48,50,34,8,8,4,9,1,35,11,39,42,12,9,7,22,28,25,36,4,41,37,46,10,6,31,24,2,17,43,27,44,23$7.0
176$16,14,19,6,29,3,30,15,47,49,46,20,40,32,37,33,27,48,50,34,8,8,4,9,1,35,11,39,42,12,9,7,22,28,25,36,4,41,37,46,10,6,31,24,2,17,43,27,44,23$7.0
177$16,14,19,6,29,3,30,15,47,49,46,20,40,32,37,33,27,48,50,34,8,8,4,9,1,35,11,39,42,12,9,7,22,28,25,36,4,41,37,46,10,6,31,24,2,17,43,27,44,23$7.0
178$16,14,19,6,29,3,30,15,47,49,46,20,40,32,37,33,27,48,50,34,8,8,4,9,1,35,11,39,42,12,9,7,22,28,25,36,4,41,37,46,10,6,31,24,2,17,43,27,44,23$7.0
179$16,14,19,6,29,3,30,15,47,49,46,20,40,32,37,33,27,48,50,34,8,8,4,9,1,35,11,39,42,12,9,7,22,28,25,36,4,41,37,46,10,6,31,24,2,17,43,27,44,23$7.0
180$16,14,19,6,29,3,30,15,47,49,46,20,40,32,37,33,27,48,50,34,8,8,4,9,1,35,11,39,42,12,9,7,22,28,25,36,4,41,37,46,10,6,31,24,2,17,43,27,44,23$7.0
181$16,14,19,6,29,3,30,15,47,49,46,20,40,32,37,33,27,48,50,34,8,8,4,9,1,35,11,39,42,12,9,7,22,28,25,36,4,41,37,46,10,6,31,24,2,17,43,27,44,23$7.0
182$16,14,19,6,29,3,30,15,47,49,46,20,40,32,37,33,27,48,50,34,8,8,4,9,1,35,11,39,42,12,9,7,22,28,25,36,4,41,37,46,10,6,31,24,2,17,43,27,44,23$7.0
183$16,14,19,6,29,3,30,15,47,49,46,20,40,32,37,33,27,48,50,34,8,8,4,9,1,35,11,39,42,12,9,7,22,28,25,36,4,41,37,46,10,6,31,24,2,17,43,27,44,23$7.0
184$16,14,19,6,29,3,30,15,47,49,46,20,40,32,37,33,27,48,50,34,8,8,4,9,1,35,11,39,42,12,9,7,22,28,25,36,4,41,37,46,10,6,31,24,2,17,43,27,44,23$7.0
185$16,14,19,6,29,3,30,15,47,49,46,20,40,32,37,33,27,48,50,34,8,8,4,9,1,35,11,39,42,12,9,7,22,28,25,36,4,41,37,46,10,6,31,24,2,17,43,27,44,23$7.0
186$16,14,19,6,45,3,30,15,47,49,46,20,40,32,37,33,27,48,50,34,8,8,4,9,1,35,11,39,42,12,9,7,22,28,25,36,4,41,37,46,10,6,31,24,2,17,43,27,44,23$7.0
187$16,14,19,6,45,3,30,15,47,49,46,20,40,32,37,33,27,48,50,34,8,8,4,9,1,35,11,39,42,12,9,7,22,28,25,36,4,41,37,46,10,6,31,24,2,17,43,27,44,23$7.0
188$16,14,19,6,29,3,30,15,47,49,46,20,18,32,37,33,27,48,50,34,8,13,4,9,1,35,11,39,42,12,9,7,22,28,25,36,4,41,37,46,10,6,31,24,2,17,43,27,44,23$6.0
189$16,14,19,6,29,3,30,15,47,49,46,20,18,32,37,33,27,48,50,34,8,13,4,9,1,35,11,39,42,12,9,7,22,28,25,36,4,41,37,46,10,6,31,24,2,17,43,27,44,23$6.0
190$16,14,19,6,29,3,30,15,47,49,46,20,40,32,37,33,27,48,50,34,8,8,4,9,1,35,11,39,42,12,9,7,22,28,25,36,4,41,37,46,10,6,31,24,2,17,43,27,44,23$7.0
191$16,14,19,6,29,3,30,15,47,49,46,20,40,32,37,33,27,48,50,34,8,8,4,9,1,35,11,39,42,12,9,7,22,28,25,36,4,41,37,45,10,6,31,24,2,17,43,27,44,23$6.0
192$16,14,19,6,29,3,30,15,47,49,46,20,40,32,37,33,27,48,50,34,8,8,4,9,1,35,11,39,42,12,9,7,22,28,25,36,4,41,37,45,10,6,31,24,2,17,43,27,44,23$6.0
193$16,14,19,6,29,3,30,15,47,49,46,20,40,32,37,33,27,48,50,34,8,8,4,9,1,35,11,39,42,12,9,7,22,28,25,36,4,41,37,45,10,6,31,24,2,17,43,27,44,23$6.0
194$16,14,19,6,29,3,30,15,47,49,46,20,40,32,37,33,27,48,50,34,8,8,4,9,1,35,11,39,42,12,9,7,22,28,25,36,4,41,37,46,10,6,31,24,2,17,43,27,44,23$7.0
195$16,14,19,6,29,3,30,15,47,49,46,20,40,32,37,33,27,48,50,34,8,8,4,9,1,35,11,39,42,12,9,7,22,28,25,36,4,41,37,45,10,6,31,24,2,17,43,27,44,23$6.0
196$16,14,19,6,29,3,30,15,47,49,46,20,40,32,37,33,27,48,50,34,8,8,4,9,1,35,11,39,42,12,9,7,22,28,25,36,4,41,37,45,10,6,31,24,2,17,43,27,44,23$6.0
197$16,14,19,6,29,3,30,15,47,49,46,20,40,32,37,33,27,48,50,34,8,8,4,9,1,35,11,39,42,12,9,7,22,28,25,36,28,41,37,45,10,6,31,24,2,17,43,27,44,23$6.0
198$16,14,19,6,29,3,30,15,47,49,46,20,40,32,37,33,27,48,50,34,8,8,4,9,1,35,11,39,42,12,9,7,22,28,25,36,4,41,37,45,10,6,31,24,2,17,43,27,44,23$6.0
199$16,14,19,6,29,3,30,15,47,49,46,20,40,32,37,33,27,48,50,34,8,8,4,9,1,35,11,39,42,12,9,7,22,28,25,36,28,41,37,45,10,6,31,24,2,17,43,27,44,23$6.0
200$16,14,19,6,29,3,30,15,47,49,46,20,40,32,37,33,27,48,50,34,8,8,4,9,1,35,11,39,42,12,9,7,22,28,25,36,4,41,37,45,10,6,31,24,2,17,43,27,44,23$6.0
201$16,14,19,6,29,3,30,15,47,49,46,20,40,32,37,33,27,48,50,34,8,8,4,9,1,35,11,39,42,12,9,7,22,28,25,36,4,41,37,45,10,6,31,24,2,38,43,27,44,23$6.0
202$16,14,19,6,29,3,30,15,47,49,46,20,40,32,37,33,27,48,50,34,8,8,4,9,1,35,11,39,42,12,9,7,22,28,25,36,4,41,37,5,10,1,31,24,2,17,43,27,44,23$6.0
203$16,14,19,6,29,3,30,15,47,49,46,20,40,32,37,33,27,48,50,34,8,8,4,9,1,35,11,39,42,12,9,7,22,28,25,36,4,41,37,5,10,1,31,24,2,17,43,27,44,23$6.0
204$16,14,19,6,29,3,30,15,47,49,46,20,40,32,37,33,27,48,50,34,8,8,4,9,1,35,11,39,42,12,9,7,22,28,25,36,4,41,37,45,10,6,31,24,2,38,43,27,44,23$6.0
205$16,14,19,6,29,3,30,15,47,49,46,20,40,32,37,33,27,48,50,34,8,8,4,9,1,35,11,39,42,12,9,7,22,28,25,36,4,41,37,45,10,6,31,24,2,17,43,27,44,23$6.0
206$16,14,19,6,29,3,30,15,47,49,46,20,40,32,37,33,27,48,50,34,8,8,4,9,1,35,11,39,42,12,9,7,22,28,25,36,4,41,37,5,10,1,31,24,2,17,43,27,44,23$6.0
207$16,14,19,6,29,3,30,15,47,49,46,20,40,32,37,33,27,48,50,34,8,8,4,9,1,35,11,39,42,12,9,7,22,28,25,36,4,41,37,5,10,1,31,24,2,17,43,27,44,23$6.0
208$16,14,19,6,29,3,30,15,47,49,46,20,40,32,37,33,27,48,50,34,8,8,4,9,1,35,11,39,42,12,9,7,22,28,25,36,4,41,37,5,10,1,31,24,2,17,43,27,44,23$6.0
209$16,14,19,6,29,3,30,15,47,49,46,20,40,32,37,33,27,48,50,34,8,8,4,9,1,35,11,39,42,12,9,7,22,28,25,36,4,41,37,5,10,1,31,24,2,17,43,27,44,23$6.0
210$16,14,19,6,29,3,30,15,47,49,46,20,40,32,37,33,27,48,50,34,8,8,4,9,1,35,11,39,42,12,9,7,22,28,25,36,4,41,37,5,10,1,31,24,2,17,43,27,44,23$6.0
211$16,14,19,6,29,3,30,15,47,49,46,20,40,32,37,33,27,48,50,34,8,8,4,9,1,35,11,39,42,12,9,7,22,28,25,36,4,41,37,45,10,6,31,24,2,17,43,27,44,23$6.0
212$16,14,19,6,29,3,30,15,47,49,46,20,40,32,37,33,27,48,50,34,8,8,4,9,1,35,11,39,42,12,9,7,22,28,25,36,4,41,37,5,10,1,31,24,2,17,43,27,44,23$6.0
213$16,14,19,6,45,3,30,15,47,49,46,20,40,32,37,33,18,48,50,34,8,8,4,9,1,35,11,39,42,12,9,7,22,28,25,36,4,41,37,5,10,1,31,24,2,17,43,27,44,23$5.0
213$16,14,19,6,45,3,30,15,47,49,46,20,40,32,37,33,18,48,50,34,8,8,4,9,1,35,11,39,42,12,9,7,22,28,25,36,4,41,37,5,10,1,31,24,2,17,43,27,44,23$5.0
214$16,14,19,6,29,3,30,15,47,49,46,20,40,32,37,33,18,48,50,34,8,8,4,9,1,35,11,39,42,12,9,7,22,28,25,36,28,41,37,45,10,6,31,24,2,17,43,27,44,23$5.0
215$16,14,19,6,29,3,30,15,47,49,46,20,40,32,37,33,18,48,50,34,8,8,4,9,1,35,11,39,42,12,9,7,22,28,25,36,28,41,37,45,10,6,31,24,2,17,43,27,44,23$5.0
216$16,14,19,6,29,3,30,15,47,49,46,20,40,32,37,33,27,48,50,34,8,8,4,9,1,35,11,39,42,12,9,7,22,28,25,36,4,41,37,5,10,1,31,24,2,17,43,27,44,23$6.0
217$16,14,19,6,29,3,30,15,47,49,3,20,40,32,37,33,18,48,50,34,8,8,4,9,1,35,11,39,42,12,9,7,22,28,25,36,4,41,37,5,10,1,31,24,2,17,43,27,44,23$6.0
218$16,14,19,6,29,3,30,15,15,49,46,20,40,32,37,33,18,48,50,34,8,8,4,9,1,35,11,39,42,12,9,7,22,28,25,36,4,41,37,5,10,1,31,24,2,17,43,27,44,23$6.0
219$16,14,19,6,29,3,30,15,47,49,46,20,40,32,37,33,27,48,50,34,8,8,4,9,1,35,11,39,42,12,9,7,22,28,25,36,4,41,37,5,10,1,31,24,2,17,43,27,44,23$6.0
220$16,14,19,6,29,3,30,15,47,49,46,20,40,32,37,33,27,48,50,34,8,8,4,9,1,35,11,39,42,12,9,7,22,28,25,36,4,41,37,5,10,1,31,24,2,17,43,27,44,23$6.0
221$16,14,19,6,29,3,30,15,47,49,46,20,40,32,37,33,27,48,50,34,8,8,4,9,1,35,11,39,42,12,9,7,22,28,25,36,4,41,37,5,10,1,31,24,2,17,43,27,44,23$6.0
222$16,14,19,6,29,3,30,15,47,49,46,20,40,32,37,33,18,48,50,34,8,8,4,9,1,35,11,39,42,12,9,7,22,28,25,36,4,41,37,5,10,1,31,24,2,17,43,27,44,23$5.0
223$16,14,19,6,29,3,30,15,47,49,46,20,40,32,37,33,18,48,50,34,8,8,4,9,1,35,11,39,42,12,9,7,22,28,25,36,4,41,37,5,10,1,31,24,2,17,43,27,44,23$5.0
224$16,14,19,6,29,3,30,15,47,49,46,20,40,32,37,33,18,48,50,34,8,8,4,9,1,35,11,39,42,12,9,7,22,28,25,36,4,41,37,5,10,1,31,24,2,17,43,27,44,23$5.0
225$16,14,19,6,29,3,30,15,47,49,46,20,40,32,37,33,18,48,50,34,8,8,4,9,1,35,11,39,42,12,9,7,22,28,25,36,4,41,37,5,10,1,31,21,2,17,43,27,44,23$5.0
226$16,14,19,6,29,3,30,15,47,49,46,20,40,32,37,33,18,48,50,34,8,8,4,9,1,35,11,39,42,12,9,7,22,28,25,36,4,41,37,5,10,1,31,24,2,17,43,27,44,23$5.0
227$30,14,19,6,29,3,30,15,47,49,46,20,40,32,37,33,18,48,50,34,8,8,4,9,1,35,11,39,42,12,9,7,22,28,25,36,4,41,37,5,10,1,31,24,2,17,43,27,44,23$6.0
228$16,14,19,6,29,3,30,15,47,49,46,20,40,32,37,33,18,48,50,34,8,8,4,9,1,35,11,39,42,12,9,7,22,28,25,36,4,41,37,5,10,1,31,24,2,17,43,27,44,23$5.0
229$16,14,19,6,29,3,30,15,47,49,46,20,40,32,37,33,18,48,50,34,8,8,4,9,1,35,11,39,42,12,9,7,22,28,25,36,4,41,37,5,10,1,31,24,2,17,43,27,44,23$5.0
230$16,14,19,6,29,3,30,15,47,49,46,38,40,32,37,33,18,48,50,34,8,8,4,9,1,35,11,39,42,12,9,7,22,28,25,36,4,41,37,5,10,1,31,24,2,17,43,27,44,23$5.0
231$16,14,19,6,29,3,30,15,47,49,46,20,40,32,37,33,18,48,50,34,8,8,4,9,1,35,11,39,42,12,9,7,22,28,25,36,4,41,37,5,10,1,31,24,2,17,43,27,44,23$5.0
232$16,14,19,6,29,3,30,15,47,49,46,20,40,32,37,33,18,48,50,34,8,8,4,9,1,35,11,39,42,12,9,7,22,28,25,36,4,41,37,5,10,1,31,24,2,17,43,27,44,23$5.0
233$16,14,19,6,29,3,30,15,47,49,46,20,40,32,37,33,18,48,50,34,8,8,4,9,1,35,11,39,42,12,9,7,22,28,25,36,4,41,37,5,10,1,31,24,2,17,43,27,44,23$5.0
234$16,14,19,6,29,3,30,15,47,49,46,20,40,32,37,33,18,48,50,34,8,8,4,9,1,35,11,39,42,12,9,7,22,28,25,36,4,41,37,5,10,1,31,24,2,17,43,27,44,23$5.0
235$16,14,19,6,29,3,30,15,47,49,46,20,40,32,37,33,18,48,50,34,8,8,4,9,1,35,11,39,42,12,9,7,22,28,25,36,4,41,37,5,10,1,31,24,2,17,43,27,44,23$5.0
236$16,14,19,6,29,3,30,15,47,49,46,20,40,32,37,33,27,48,50,45,8,8,4,9,1,35,11,39,42,12,9,7,22,28,25,36,4,41,37,5,10,1,31,24,2,17,43,27,44,23$6.0
237$16,14,19,6,29,3,30,15,47,49,46,20,40,32,37,33,27,48,50,34,8,8,4,9,45,35,11,39,42,12,9,7,22,28,25,36,4,41,37,5,10,1,31,24,2,17,43,27,44,23$5.0
238$16,14,19,6,29,3,30,15,47,49,46,20,40,32,37,33,27,48,50,34,8,8,4,9,45,35,11,39,42,12,9,7,22,28,25,36,4,41,37,5,10,1,31,24,2,17,43,27,44,23$5.0
239$16,14,19,6,29,3,30,15,47,49,46,20,40,32,37,33,27,48,50,34,8,8,4,9,1,35,11,39,42,12,9,7,22,28,25,36,4,41,37,5,10,1,31,24,2,17,43,27,44,23$6.0
240$16,14,19,6,29,3,30,15,47,49,46,20,40,32,37,33,27,48,50,34,8,8,4,9,45,35,11,39,42,12,9,7,22,28,25,36,4,41,37,5,10,1,31,24,2,17,43,27,44,23$5.0
241$16,14,19,6,29,3,30,15,47,49,46,20,40,32,37,33,18,48,50,34,8,8,4,9,45,35,11,39,42,12,9,7,22,28,25,36,4,41,37,5,10,1,31,24,2,17,43,27,44,23$4.0
241$16,14,19,6,29,3,30,15,47,49,46,20,40,32,37,33,18,48,50,34,8,8,4,9,45,35,11,39,42,12,9,7,22,28,25,36,4,41,37,5,10,1,31,24,2,17,43,27,44,23$4.0
242$16,14,19,6,29,3,30,15,47,49,46,20,40,32,37,33,18,48,50,34,8,8,4,9,45,35,11,39,42,12,9,7,22,28,25,36,4,41,37,5,10,1,31,24,2,17,43,27,44,23$4.0
243$16,14,19,6,29,3,30,15,47,49,46,20,40,32,37,33,18,48,50,34,8,8,4,9,45,35,11,39,42,12,9,7,22,28,25,36,4,41,37,5,10,1,31,24,2,17,43,27,44,23$4.0
244$16,14,19,6,29,3,30,15,47,49,46,20,40,32,37,33,18,48,50,34,8,8,4,9,45,35,11,39,42,12,9,7,22,28,25,36,4,41,49,5,10,1,31,24,2,17,43,27,44,23$4.0
245$16,14,19,6,29,3,30,15,47,49,46,20,40,32,37,33,18,48,50,34,8,8,4,9,45,35,11,39,42,12,9,7,22,28,25,36,4,41,49,5,10,1,31,24,2,17,43,27,44,23$4.0
246$16,14,19,6,29,3,30,15,47,49,46,20,40,32,37,33,18,48,50,34,8,8,4,9,45,35,11,39,42,12,9,7,22,28,25,36,4,41,49,5,10,1,31,24,2,17,43,27,44,23$4.0
247$16,14,19,6,29,3,30,15,47,49,46,20,40,32,37,33,18,48,50,34,8,8,4,9,45,35,11,39,42,12,9,7,22,28,25,36,4,41,49,5,10,1,31,24,2,17,43,27,44,23$4.0
248$16,14,19,6,29,3,30,15,47,49,46,20,40,32,37,33,18,48,50,34,8,8,4,9,45,35,11,39,42,12,9,7,22,28,25,36,4,41,37,5,10,1,31,24,2,17,43,27,44,23$4.0
249$16,14,19,6,29,3,30,15,47,49,46,20,40,32,37,33,18,48,50,34,8,8,4,9,45,35,11,39,42,12,9,7,22,28,25,36,4,41,37,5,10,1,31,24,2,17,43,27,44,23$4.0
250$16,14,19,6,29,3,30,15,47,49,46,20,40,32,37,33,18,48,50,34,8,8,4,9,45,35,11,39,42,12,9,7,22,28,25,36,4,41,37,5,10,1,31,24,2,17,43,27,44,23$4.0
251$16,14,19,6,29,3,30,15,47,49,46,20,40,32,37,33,18,48,50,34,8,8,4,9,45,35,11,39,42,12,9,7,22,28,25,36,4,41,37,5,10,1,31,24,2,17,43,27,44,23$4.0
252$16,14,19,6,29,3,30,15,47,49,46,20,40,32,37,33,18,48,50,34,8,8,4,9,45,35,11,39,42,12,9,7,22,28,25,36,4,41,37,5,10,1,31,24,2,17,43,27,44,23$4.0
253$16,14,19,6,29,3,30,15,47,49,46,20,40,32,37,33,18,48,50,34,8,8,4,9,45,35,11,39,42,12,9,7,22,28,25,36,4,41,37,5,10,1,31,24,2,17,43,27,44,23$4.0
254$16,14,19,6,29,3,30,15,47,49,46,20,40,32,37,33,18,48,50,34,8,8,4,9,45,35,11,39,42,12,50,7,22,28,25,36,4,41,37,5,10,1,31,24,2,17,43,27,44,23$4.0
255$16,14,19,6,29,3,30,15,47,49,46,20,40,32,21,33,18,48,50,34,8,8,4,9,1,35,11,39,42,12,9,7,22,28,25,36,4,41,37,5,10,1,31,24,2,17,43,27,44,23$4.0
256$16,14,19,6,29,3,30,15,47,49,46,20,40,32,37,33,18,48,50,34,8,8,4,9,45,35,11,39,42,12,50,7,22,28,25,36,4,41,1,5,10,1,31,24,2,17,43,27,44,23$4.0
257$16,14,19,6,29,3,30,15,47,49,46,20,40,32,21,33,18,48,50,34,8,8,4,9,45,35,11,39,42,12,50,7,22,28,25,36,4,41,37,5,10,1,31,24,2,17,43,27,44,23$3.0
257$16,14,19,6,29,3,30,15,47,49,46,20,40,32,21,33,18,48,50,34,8,8,4,9,45,35,11,39,42,12,50,7,22,28,25,36,4,41,37,5,10,1,31,24,2,17,43,27,44,23$3.0
258$16,14,19,6,29,3,30,15,47,49,46,20,40,32,21,33,18,48,50,34,8,8,4,9,1,35,11,39,42,12,9,7,22,28,25,36,4,41,37,5,10,1,31,24,2,17,43,27,44,23$4.0
259$16,14,19,6,29,3,30,15,47,49,46,20,40,32,37,33,18,48,50,34,8,8,4,9,45,35,11,39,42,12,9,7,22,28,25,36,4,41,37,5,10,1,31,24,2,17,43,27,44,23$4.0
260$16,14,19,6,29,3,30,15,47,49,46,20,40,32,37,33,18,48,50,34,8,8,4,9,45,35,11,39,42,12,9,7,22,28,25,36,4,41,37,5,10,1,31,24,2,17,43,27,44,23$4.0
261$16,14,19,6,29,3,30,15,47,49,46,20,40,32,37,33,18,48,50,34,8,8,4,9,45,35,11,39,42,12,9,7,22,28,25,36,4,41,37,5,10,1,31,24,2,17,43,27,44,23$4.0
262$16,14,19,6,29,3,30,15,47,49,46,20,40,32,37,33,18,48,50,34,8,8,4,9,45,35,11,39,42,12,9,7,22,28,25,36,4,41,37,5,10,1,31,24,2,17,43,27,44,23$4.0
263$16,14,19,6,29,3,30,15,47,49,46,20,40,32,37,33,18,48,50,34,8,8,4,9,45,35,11,39,42,12,9,7,22,28,25,36,4,41,37,5,10,1,31,24,2,17,43,27,44,23$4.0
264$16,14,19,6,29,3,30,15,47,49,46,20,40,32,37,33,18,48,50,34,8,8,4,9,45,35,11,39,42,12,9,7,22,28,25,36,4,41,37,5,10,1,31,24,2,17,43,27,44,23$4.0
265$16,14,19,6,29,3,30,15,47,49,46,20,40,32,37,33,18,48,50,34,8,8,4,9,45,35,11,39,42,12,9,7,22,28,25,36,4,41,37,5,10,1,31,24,2,17,43,27,44,23$4.0
266$16,14,19,6,29,3,30,15,47,49,46,20,40,32,37,33,18,48,50,34,8,8,4,9,45,35,11,39,42,12,9,7,22,28,25,36,4,41,37,5,10,1,31,24,2,17,43,27,44,23$4.0
267$16,14,19,6,29,38,30,15,47,49,46,20,40,32,37,33,18,48,50,34,8,8,4,9,45,35,11,39,42,12,9,7,22,28,25,36,4,41,37,5,10,1,31,24,2,17,43,27,44,23$4.0
268$16,14,19,6,29,3,30,15,47,49,46,20,40,32,37,33,18,48,50,34,8,8,4,9,45,35,11,39,42,12,9,7,22,28,25,36,4,41,37,5,10,1,31,24,2,17,43,27,44,23$4.0
269$16,14,19,6,29,3,30,15,47,49,46,20,40,32,37,33,18,48,50,34,8,8,4,9,45,35,11,39,42,12,50,7,22,28,25,36,4,41,37,5,10,1,31,24,2,17,43,27,44,23$4.0
270$16,14,19,6,29,3,30,15,47,49,46,20,40,32,37,33,18,48,50,34,8,8,4,9,45,35,11,39,42,12,9,7,22,28,25,36,4,41,37,5,10,1,31,24,2,17,43,27,44,23$4.0
271$16,14,19,6,29,3,30,15,47,49,46,20,40,32,37,33,18,48,50,34,8,8,4,9,45,35,11,39,42,12,50,7,22,28,25,36,4,41,37,5,10,1,31,24,2,17,43,27,44,23$4.0
272$16,14,19,6,29,3,30,15,47,49,46,20,40,32,37,33,18,48,50,34,8,8,4,9,45,35,11,39,42,12,50,7,22,28,25,36,4,41,37,5,10,1,31,24,2,17,43,27,44,23$4.0
273$16,14,19,6,29,3,30,15,47,49,46,20,40,32,37,33,18,48,50,34,8,8,4,9,45,35,11,39,42,12,50,7,22,28,25,36,4,41,38,5,10,1,31,24,2,17,43,27,44,23$3.0
274$16,14,19,6,29,3,30,15,47,49,46,20,40,32,37,33,18,48,50,34,8,8,4,9,45,35,11,39,42,12,50,7,22,28,25,36,4,41,38,5,10,1,31,24,2,17,43,27,44,23$3.0
275$16,14,19,6,29,3,30,15,47,49,46,20,40,32,37,33,18,48,50,34,8,8,4,9,45,35,11,39,42,12,50,7,22,28,25,36,4,41,38,5,10,1,31,24,2,17,43,27,44,23$3.0
276$16,14,19,6,29,3,30,15,47,49,46,20,40,32,37,33,18,48,50,34,8,14,4,9,45,35,11,39,42,12,50,7,22,28,25,36,4,41,38,5,10,1,31,24,2,17,43,27,44,23$3.0
277$16,14,19,6,29,3,30,15,47,49,46,20,40,32,37,33,18,48,50,34,8,14,4,9,45,35,11,39,42,12,50,7,22,28,25,36,4,41,38,5,10,1,31,24,2,17,43,27,44,23$3.0
278$16,14,19,6,29,3,30,15,47,49,46,20,40,32,37,33,18,48,50,34,8,14,4,9,45,35,11,39,42,12,50,7,22,28,25,36,4,41,38,5,10,1,31,24,2,17,43,27,44,23$3.0
279$16,14,19,6,29,3,30,15,47,49,46,20,40,32,37,33,18,48,50,34,8,8,4,9,45,35,11,39,42,12,50,7,22,28,25,36,4,41,38,5,10,1,31,24,2,17,43,27,44,23$3.0
280$16,14,19,6,29,3,30,15,47,49,46,20,40,32,37,33,18,48,50,34,8,14,4,9,45,35,11,39,42,12,50,7,22,28,25,36,4,41,38,5,10,1,31,24,2,17,43,27,44,23$3.0
281$16,14,19,6,29,3,30,15,47,49,46,20,40,32,37,33,18,48,50,34,8,14,4,9,45,35,11,39,42,12,50,7,22,28,25,36,4,41,38,5,10,1,31,24,2,17,43,27,44,23$3.0
282$16,14,19,6,29,3,30,15,47,49,46,20,40,32,37,33,18,48,50,34,8,14,4,9,45,35,11,39,42,12,50,7,22,28,25,36,4,41,38,5,10,1,31,24,2,17,43,27,44,23$3.0
283$16,14,19,6,29,3,30,15,47,49,46,20,40,32,37,33,18,48,50,34,8,8,4,9,45,35,11,39,42,12,50,7,22,28,25,36,4,41,38,5,10,1,31,24,2,17,43,27,44,23$3.0
284$16,14,19,6,29,3,30,15,47,49,46,20,40,32,37,33,18,48,50,34,8,14,4,9,45,35,11,39,42,12,50,7,22,28,25,36,4,41,38,5,10,1,31,24,2,17,43,27,44,23$3.0
285$16,14,19,6,29,3,30,15,47,49,46,20,40,32,37,33,18,48,50,34,8,14,4,9,45,35,11,39,42,12,50,7,22,28,25,36,4,41,38,5,10,1,31,24,2,17,43,27,44,23$3.0
286$16,14,19,6,29,3,30,15,47,49,46,20,40,32,37,33,18,48,50,34,8,14,4,9,45,35,11,39,42,12,50,7,22,28,25,36,4,41,38,5,10,1,31,24,2,17,43,27,44,23$3.0
287$16,14,19,6,29,3,30,15,47,49,46,20,40,32,37,33,18,48,50,34,8,14,4,9,45,35,11,39,42,12,50,7,22,28,25,36,4,41,38,5,10,1,31,24,2,17,43,27,44,23$3.0
288$16,14,19,6,29,3,30,15,47,49,46,20,40,32,37,33,18,48,50,34,8,14,4,9,45,35,11,39,42,12,50,7,22,28,25,36,4,41,38,5,10,1,31,24,2,17,43,27,44,23$3.0
289$16,14,19,6,29,3,30,15,47,49,46,20,40,32,37,33,18,48,50,34,8,8,4,9,45,35,11,39,42,12,50,7,22,28,25,36,4,41,38,5,10,1,31,24,2,17,43,27,44,23$3.0
290$16,14,19,6,29,3,30,15,47,49,46,20,40,32,37,33,18,48,50,34,8,14,4,9,45,35,11,39,42,12,50,7,22,28,25,36,4,41,38,5,10,1,31,24,2,17,43,27,44,23$3.0
291$16,14,19,6,29,3,30,15,47,49,46,20,40,32,37,33,18,48,50,34,8,14,4,9,45,35,11,39,42,12,50,7,22,28,25,36,4,41,38,5,10,1,31,24,2,17,43,27,44,23$3.0
292$16,14,19,6,29,3,30,15,47,49,46,20,40,32,37,33,18,48,50,34,8,14,4,9,45,35,11,39,42,12,50,7,22,28,25,36,4,41,38,5,10,1,31,24,2,17,43,27,44,23$3.0
293$16,14,19,6,29,3,30,15,47,49,46,20,40,32,37,33,18,48,50,34,8,14,4,9,45,35,11,39,42,12,50,7,22,28,25,36,4,41,38,5,10,1,31,24,2,17,43,27,44,23$3.0
294$16,14,19,6,29,3,30,15,47,49,46,20,40,32,37,33,18,48,50,34,8,14,4,9,45,35,11,39,42,12,50,7,22,28,25,36,4,41,38,5,10,1,31,24,2,17,43,27,44,23$3.0
295$16,14,19,6,29,3,30,15,47,49,46,20,40,32,37,33,18,48,50,34,8,8,4,9,45,35,11,39,42,12,50,7,22,28,25,36,4,41,38,5,10,1,31,24,2,17,43,27,44,23$3.0
296$16,14,19,6,29,3,30,15,47,49,46,20,40,32,37,33,18,48,50,34,8,14,4,9,45,35,11,39,42,12,50,7,22,28,25,36,4,41,38,5,10,1,31,24,2,17,43,27,44,23$3.0
297$16,14,19,6,29,3,30,15,47,49,46,20,40,32,37,33,18,48,50,34,8,14,4,9,45,35,11,39,42,12,50,7,22,28,25,36,4,41,38,5,10,1,31,24,2,17,43,27,44,23$3.0
298$16,14,19,6,29,3,30,15,47,49,46,20,40,32,37,33,18,48,50,34,8,14,4,9,45,35,11,39,42,12,50,7,22,28,25,36,3,41,38,5,10,1,31,24,2,17,43,27,44,23$3.0
299$16,14,19,6,29,3,30,15,47,49,46,20,40,32,37,33,18,48,50,34,8,8,4,9,45,35,11,39,42,12,50,7,22,28,25,36,4,41,38,5,10,1,31,24,2,17,43,27,44,23$3.0
300$16,14,19,6,29,3,30,15,47,49,46,20,40,32,37,33,18,48,50,34,8,14,4,9,45,35,11,39,42,12,50,7,22,28,25,36,4,41,38,5,10,1,31,24,2,17,43,27,44,23$3.0
301$16,14,19,6,29,3,30,15,47,49,46,20,40,32,37,33,18,48,50,34,8,14,4,9,45,35,11,39,42,12,50,7,22,28,25,36,4,41,38,5,10,1,31,24,2,17,43,27,44,23$3.0
302$16,14,19,6,29,3,30,15,47,49,46,20,40,32,37,33,18,48,50,34,8,14,4,9,45,35,11,39,42,12,50,7,22,28,25,36,4,41,38,5,10,1,31,24,2,17,43,27,44,23$3.0
303$16,14,19,6,29,3,30,15,47,49,46,20,40,32,37,33,18,48,50,34,8,14,4,9,45,35,11,39,42,12,50,7,22,28,25,36,4,41,38,5,10,1,31,24,2,17,43,27,44,23$3.0
304$16,14,19,6,29,3,30,15,47,49,46,20,40,32,37,33,18,48,50,34,8,14,4,9,45,35,11,39,42,12,50,7,22,28,25,36,4,41,38,5,10,1,31,24,2,17,43,27,44,23$3.0
305$16,14,19,6,29,3,30,15,47,49,46,20,40,32,37,33,18,48,50,34,8,14,4,9,45,35,11,39,42,12,50,7,22,28,25,36,4,41,38,5,10,1,31,24,2,17,43,27,44,23$3.0
306$16,14,19,6,29,3,30,15,47,49,46,20,40,32,37,33,18,48,50,34,8,14,4,9,45,35,11,39,42,12,50,7,22,28,25,36,4,41,38,5,10,1,31,24,2,17,43,27,44,23$3.0
307$16,14,19,6,29,3,30,15,47,49,46,20,40,32,37,33,18,48,50,34,8,14,4,9,45,35,11,39,42,12,50,7,22,28,25,36,4,41,38,5,10,1,31,24,2,17,43,27,44,23$3.0
308$16,14,19,6,29,3,30,15,47,49,46,20,40,32,37,33,18,48,50,34,8,14,4,9,45,35,11,39,42,12,50,7,22,28,25,36,13,41,38,5,10,1,31,24,2,17,43,27,44,23$2.0
308$16,14,19,6,29,3,30,15,47,49,46,20,40,32,37,33,18,48,50,34,8,14,4,9,45,35,11,39,42,12,50,7,22,28,25,36,13,41,38,5,10,1,31,24,2,17,43,27,44,23$2.0
309$16,14,19,6,29,3,30,15,47,49,46,20,40,32,37,33,18,48,50,34,8,14,4,9,45,35,11,39,42,12,50,7,22,28,25,36,13,41,38,5,10,1,31,24,2,17,43,27,44,23$2.0
310$16,14,19,6,29,3,30,15,47,49,46,20,40,32,37,33,18,48,50,34,8,14,4,9,45,35,11,39,42,12,50,7,22,28,25,36,13,41,38,5,10,1,31,24,2,17,43,27,44,23$2.0
311$16,14,19,6,29,3,30,15,47,49,46,20,40,32,37,33,18,48,50,34,8,14,4,9,45,35,11,39,42,12,50,7,22,28,25,36,4,41,38,5,10,1,31,24,2,17,43,27,44,23$3.0
312$16,14,19,6,29,3,30,15,47,49,46,20,40,32,37,33,18,48,50,34,8,14,4,9,45,35,11,39,42,12,50,7,22,28,25,36,4,41,38,5,10,1,31,24,2,17,43,27,44,23$3.0
313$16,14,19,6,26,3,30,15,47,49,46,20,40,32,37,33,18,48,50,34,8,14,4,9,45,35,11,39,42,12,50,7,22,28,25,36,13,41,38,5,10,1,31,24,2,17,43,27,44,23$2.0
314$16,14,19,6,26,3,30,15,47,49,46,20,40,32,37,33,18,48,50,34,8,14,4,9,45,35,11,39,42,12,50,7,22,28,25,36,13,41,38,5,10,1,31,24,2,17,43,27,44,23$2.0
315$16,14,19,6,26,3,30,15,47,49,46,20,40,32,37,33,18,48,50,34,8,14,4,9,45,35,11,39,42,12,50,7,22,28,25,36,13,41,38,5,10,1,31,24,2,17,43,27,44,23$2.0
316$16,14,19,6,29,3,30,15,47,49,46,20,40,32,37,33,18,48,50,34,8,14,4,9,45,35,11,39,42,12,50,7,22,28,25,36,4,41,38,5,10,1,31,24,2,17,43,27,44,23$3.0
317$16,14,19,6,29,3,30,15,47,49,46,20,40,32,37,33,18,48,50,34,8,14,4,9,45,35,11,39,42,12,50,7,22,28,25,36,4,41,38,5,10,1,31,24,2,17,43,27,44,23$3.0
318$16,14,19,6,29,3,30,15,47,49,46,20,40,32,37,33,18,48,50,34,8,14,4,9,45,35,11,39,42,12,50,7,22,28,25,36,4,41,38,5,10,1,31,24,2,17,43,27,44,23$3.0
319$16,14,19,6,29,3,30,15,47,49,46,20,40,32,37,33,18,48,50,34,8,14,4,9,45,35,11,39,42,12,50,7,22,28,25,36,4,41,38,5,10,1,31,24,2,17,43,27,44,23$3.0
320$16,14,19,6,29,3,30,15,47,49,46,20,40,32,37,33,18,48,50,34,8,14,4,9,45,35,11,39,42,12,50,7,22,28,25,36,4,41,38,5,10,1,31,24,2,17,43,27,44,23$3.0
321$16,14,19,6,29,3,30,15,47,49,46,20,40,32,37,33,18,48,50,34,8,14,4,9,45,35,11,39,42,12,50,7,22,28,25,36,4,41,38,5,10,1,31,24,2,17,43,27,44,23$3.0
322$16,14,19,6,29,3,30,15,47,49,46,20,40,32,37,33,18,48,50,34,8,14,4,9,45,35,11,39,42,12,50,7,22,28,25,36,4,41,38,5,10,1,31,24,2,17,43,27,44,23$3.0
323$16,14,19,6,29,3,30,15,47,49,46,20,40,32,37,33,18,48,50,34,8,14,4,9,45,35,11,39,42,12,50,7,22,28,25,36,4,41,38,5,10,1,31,24,2,17,43,27,44,23$3.0
324$16,14,19,6,29,3,30,15,47,49,46,20,40,32,37,33,18,48,50,34,8,14,4,9,45,35,11,39,42,12,9,7,22,28,25,36,4,41,38,5,10,1,31,24,2,17,43,27,44,23$3.0
325$16,14,19,6,29,3,30,15,47,49,46,20,40,32,37,33,18,48,50,34,8,14,4,9,45,35,11,39,42,12,50,7,22,28,25,36,4,41,38,5,10,1,31,24,2,17,43,27,44,23$3.0
326$16,14,19,6,29,3,30,15,47,49,46,20,40,32,37,33,18,48,50,34,8,14,4,9,45,35,11,39,42,12,50,7,22,28,25,36,4,41,38,5,10,1,31,24,2,17,43,27,44,23$3.0
327$16,14,19,6,29,3,30,15,47,49,46,20,40,32,37,33,18,48,50,34,8,14,4,9,45,35,11,39,42,12,50,7,22,28,25,36,4,41,38,5,10,1,31,24,2,17,43,27,44,23$3.0
328$16,14,19,6,29,3,30,15,47,49,46,20,40,32,37,33,18,48,50,34,8,14,4,9,45,35,11,39,42,12,50,7,22,28,25,36,4,41,38,5,10,1,31,24,2,17,43,27,44,23$3.0
329$16,14,19,6,29,3,30,15,47,49,46,20,40,32,37,33,18,48,50,34,8,14,4,9,45,35,11,39,42,12,50,7,22,28,25,36,43,41,38,5,10,1,31,24,2,17,43,27,44,23$3.0
330$16,42,19,6,29,3,30,15,47,49,46,20,40,32,37,33,18,48,50,34,8,14,4,9,45,35,11,39,42,12,50,7,22,28,25,36,4,41,38,5,10,1,31,24,2,17,43,27,44,23$3.0
331$16,14,19,6,29,3,30,15,47,49,46,20,40,32,37,33,18,48,50,34,8,14,4,9,45,35,11,39,42,12,50,7,22,28,25,36,4,41,38,5,10,1,31,24,2,17,43,27,44,23$3.0
332$16,14,19,6,29,3,30,15,47,49,46,20,40,32,37,33,18,48,50,34,8,14,4,9,45,35,11,39,42,12,50,7,22,28,25,36,4,41,38,5,10,1,31,24,2,17,43,27,44,23$3.0
333$16,14,19,6,29,3,30,15,47,49,46,20,40,32,37,33,18,48,50,34,8,14,4,9,45,35,11,39,42,12,50,7,22,28,25,36,4,41,38,5,10,1,31,24,2,17,43,27,44,23$3.0
334$16,14,19,6,29,3,30,15,47,49,46,20,40,32,37,33,18,48,50,34,8,14,4,9,45,35,11,39,42,12,50,7,22,28,25,36,4,41,38,5,10,1,31,24,2,17,43,27,44,23$3.0
335$16,14,19,6,29,3,30,15,47,49,46,20,40,32,37,33,18,48,50,34,8,14,4,9,45,35,11,39,42,12,50,7,22,28,25,36,4,41,38,5,10,1,31,24,2,17,43,27,44,23$3.0
336$16,14,19,6,29,3,30,15,47,49,46,20,40,32,37,33,18,48,50,34,8,14,4,9,45,35,11,39,42,12,50,7,22,28,25,36,4,41,38,5,10,1,31,24,2,17,43,27,44,23$3.0
337$16,14,19,6,29,3,30,15,47,49,46,20,40,32,37,33,18,48,50,34,8,14,4,9,45,35,11,39,42,12,50,7,22,28,25,36,4,41,38,5,10,1,31,24,2,17,43,27,44,23$3.0
338$16,14,19,6,29,3,30,15,47,49,46,20,40,32,37,33,18,48,50,34,8,14,4,9,45,35,11,39,42,12,50,7,22,28,25,36,4,41,38,5,10,1,31,24,2,17,43,27,44,23$3.0
339$16,14,19,6,29,3,30,15,47,49,46,20,40,32,37,33,18,48,50,34,8,14,4,9,45,35,11,39,42,12,50,7,22,28,25,36,4,41,38,5,10,1,31,24,2,17,43,27,44,23$3.0
340$16,14,19,6,29,3,30,15,47,49,46,20,40,32,37,33,18,48,50,34,8,14,4,9,45,35,11,39,42,12,50,7,22,28,25,36,4,41,38,5,10,1,31,24,2,17,43,27,44,23$3.0
341$16,14,19,6,29,3,30,15,47,49,46,20,40,32,37,33,18,48,50,34,8,14,4,9,45,35,11,39,42,12,50,7,22,28,25,36,4,41,38,5,10,1,31,24,2,17,43,27,44,23$3.0
342$16,14,19,6,29,3,30,15,47,49,46,20,40,32,37,33,18,48,50,34,8,14,4,9,45,35,11,39,42,12,50,7,22,28,25,36,4,41,38,5,10,1,31,24,2,17,43,27,44,23$3.0
343$16,14,19,6,29,3,30,15,47,49,46,20,40,32,37,33,18,48,50,34,8,14,4,9,45,35,11,39,42,12,50,7,22,28,25,36,4,41,38,5,10,1,31,24,2,17,43,27,44,23$3.0
344$16,14,19,6,29,3,30,15,47,49,46,20,40,32,37,33,18,48,50,34,8,14,4,9,45,35,11,39,42,12,50,7,22,28,25,36,4,41,38,5,10,1,31,24,2,17,43,27,44,23$3.0
345$16,14,19,6,29,3,30,15,47,49,46,20,40,32,37,33,18,48,50,34,8,14,4,9,45,35,11,39,42,12,50,7,22,28,25,36,4,41,38,5,10,1,31,24,2,17,43,27,44,23$3.0
346$16,14,19,6,29,3,30,15,47,49,46,20,40,32,37,33,18,48,50,34,8,14,4,9,45,35,11,39,42,12,50,7,22,28,25,36,4,41,38,5,10,1,31,24,2,17,43,27,44,23$3.0
347$16,14,19,6,29,3,30,15,47,49,46,20,40,32,37,33,18,48,50,34,8,14,4,9,45,35,11,39,42,12,50,7,22,28,25,36,4,41,38,5,10,1,31,24,2,17,43,27,44,23$3.0
348$16,14,19,6,29,3,30,15,47,49,46,20,40,32,37,33,18,48,50,34,8,14,4,9,45,35,11,39,42,12,50,7,22,28,25,36,4,41,38,5,10,1,31,24,2,17,43,27,44,23$3.0
349$16,14,19,6,29,3,30,15,47,49,46,20,40,32,37,33,18,48,50,34,8,14,4,9,45,35,11,39,42,12,50,7,22,28,25,36,4,41,38,5,10,1,31,24,2,17,43,27,44,23$3.0
350$16,14,19,6,29,3,30,15,47,49,46,20,40,32,37,33,18,48,50,34,8,14,4,9,45,35,11,39,42,12,50,7,22,28,25,36,4,41,38,5,10,1,31,24,2,17,43,27,44,23$3.0
351$16,14,19,6,29,3,30,15,47,49,46,20,40,32,37,33,18,48,50,34,8,14,4,9,45,35,11,39,42,12,50,7,22,28,25,36,4,41,38,5,10,1,31,24,2,17,43,27,44,23$3.0
352$16,14,19,6,29,3,30,15,47,49,46,20,40,32,37,33,18,48,50,34,8,14,4,9,45,35,11,39,42,12,50,7,22,28,25,36,4,41,38,5,10,1,31,24,2,17,43,27,44,23$3.0
353$16,14,19,6,29,3,30,15,47,49,46,20,40,32,37,33,18,48,50,34,8,14,4,9,45,35,11,39,42,12,50,7,22,28,25,36,4,41,38,5,10,1,31,24,2,17,43,27,44,23$3.0
354$16,14,19,6,29,3,30,15,47,49,46,20,40,32,37,33,18,48,50,34,8,14,4,9,45,35,11,39,42,12,50,7,22,28,25,36,4,41,38,5,10,1,31,24,2,17,43,27,44,23$3.0
355$16,14,19,6,29,3,30,15,47,49,46,20,40,32,37,33,18,48,50,34,8,14,4,9,45,35,11,39,42,12,50,7,22,28,25,36,4,41,38,5,10,1,31,24,2,17,43,27,44,23$3.0
356$16,14,19,6,29,3,30,15,47,49,46,20,40,32,37,33,18,48,50,34,8,14,4,9,45,35,11,39,42,12,50,7,22,28,25,36,4,41,38,5,10,1,31,24,2,17,43,27,44,23$3.0
357$16,14,19,6,29,3,30,15,47,49,46,20,40,32,37,33,18,48,50,34,8,14,4,9,45,35,11,39,42,12,50,7,22,28,25,36,4,41,38,5,10,1,31,24,2,17,43,27,44,23$3.0
358$16,14,19,6,29,3,30,15,47,49,46,20,40,32,37,33,18,48,50,34,8,14,4,9,45,35,11,39,42,12,50,7,22,28,25,36,4,41,38,5,10,1,31,24,2,17,43,27,44,23$3.0
359$16,14,19,6,29,3,30,15,47,49,46,20,40,32,37,33,18,48,50,34,8,14,4,9,45,35,11,39,42,12,50,7,22,28,25,36,4,41,38,5,10,1,31,24,2,17,43,27,44,23$3.0
360$16,14,19,6,29,3,30,15,47,49,46,20,40,32,37,33,18,48,50,34,8,14,4,9,45,35,11,39,42,12,50,7,22,28,25,36,4,41,38,5,10,1,31,24,2,17,43,27,44,23$3.0
361$16,14,19,6,29,3,30,15,47,49,46,20,40,32,37,33,18,48,50,34,8,14,4,9,45,35,11,39,42,12,50,7,22,28,25,36,4,41,38,5,10,1,31,24,2,17,43,27,44,23$3.0
362$16,14,19,6,29,3,30,15,47,49,46,20,40,32,37,33,18,48,50,34,8,14,4,9,45,35,11,39,42,12,50,7,22,28,25,36,4,41,38,5,10,1,31,24,2,17,43,27,44,23$3.0
363$16,14,19,6,29,3,30,15,47,49,46,20,40,32,37,33,18,48,50,34,8,14,4,9,45,35,11,39,42,12,50,7,22,28,25,36,4,41,38,5,10,1,31,24,2,17,43,27,44,23$3.0
364$16,14,19,6,29,3,30,15,47,49,46,20,40,32,37,33,18,48,50,34,8,14,4,9,45,35,11,39,42,12,50,7,22,28,25,36,4,41,38,5,10,1,31,24,2,17,43,27,44,23$3.0
365$16,14,19,6,29,3,30,15,47,49,46,20,40,32,37,33,18,48,50,34,8,14,4,9,45,35,11,39,42,12,50,7,22,28,25,36,4,41,38,5,10,1,31,24,2,17,43,27,44,23$3.0
366$16,14,19,6,29,3,30,15,47,49,46,20,40,32,37,33,18,48,50,34,8,14,4,9,45,35,11,39,42,12,50,7,22,28,25,36,4,41,38,5,10,1,31,24,2,17,43,27,44,23$3.0
367$16,14,19,6,29,3,30,15,47,49,46,20,40,32,37,33,18,48,50,34,8,14,4,9,45,35,11,39,42,12,50,7,22,28,25,36,4,41,38,5,10,1,31,24,2,17,43,27,44,23$3.0
368$16,14,19,6,29,3,30,15,47,49,46,20,40,32,37,33,18,48,50,34,8,14,4,9,45,35,11,39,42,12,50,7,22,28,25,36,4,41,38,5,10,1,31,24,2,17,43,27,44,23$3.0
369$16,14,19,6,29,3,30,15,47,49,46,20,40,32,37,33,18,48,50,34,8,14,4,9,45,35,11,39,42,12,50,7,22,28,25,36,4,41,38,5,10,1,31,24,2,17,43,27,44,23$3.0
370$16,14,19,6,29,3,30,15,47,49,46,20,40,32,37,33,18,48,50,34,8,14,4,9,45,35,11,39,42,12,50,7,22,28,25,36,4,41,38,5,10,1,31,24,2,17,43,27,44,23$3.0
371$16,14,19,6,29,3,30,15,47,49,46,20,40,32,37,33,18,48,50,34,8,14,4,9,45,35,11,39,42,12,50,7,22,28,25,36,4,41,38,5,10,1,31,24,2,17,43,27,44,23$3.0
372$16,14,19,6,29,3,30,15,47,49,46,20,40,32,37,33,18,48,50,34,8,14,4,9,45,35,11,39,42,12,50,7,22,28,25,36,4,41,38,5,10,1,31,24,2,17,43,27,44,23$3.0
373$16,14,19,6,29,3,30,15,47,49,46,20,40,32,13,33,18,48,50,34,8,14,4,9,45,35,11,39,42,12,50,7,22,28,25,36,4,41,38,5,10,1,31,24,2,17,43,27,44,23$3.0
374$16,28,19,6,29,3,30,15,47,49,46,20,40,32,13,33,18,48,50,34,8,14,4,9,45,35,11,39,42,12,50,7,22,28,25,36,4,41,38,5,10,1,31,24,2,17,43,27,44,23$3.0
375$16,14,19,6,29,3,30,15,47,49,46,20,40,32,37,33,18,48,50,34,8,14,4,9,45,35,11,39,42,12,50,7,22,28,25,36,4,41,38,5,10,1,31,24,2,17,43,27,44,23$3.0
376$16,14,19,6,29,3,30,15,47,49,46,20,40,32,37,33,18,48,50,34,8,14,4,9,45,35,11,39,42,12,50,7,22,28,25,36,4,41,38,5,10,1,31,24,2,17,43,27,44,23$3.0
377$16,14,19,6,29,3,30,15,47,49,46,20,40,32,37,33,18,48,50,34,8,14,4,9,45,35,11,39,42,12,50,7,22,28,25,36,4,41,38,5,10,1,31,24,2,17,43,27,44,23$3.0
378$16,14,19,6,29,3,30,15,47,49,46,20,40,32,13,33,18,48,50,34,8,14,4,9,45,35,11,39,42,12,50,7,22,28,25,36,4,41,38,5,10,1,31,24,2,17,43,27,44,23$3.0
379$16,14,19,6,29,3,30,15,47,49,46,20,40,32,37,33,18,48,50,34,8,14,4,9,45,35,11,39,42,12,50,7,22,28,25,36,4,41,38,5,10,1,31,24,2,17,43,27,44,23$3.0
380$16,14,19,6,29,3,30,15,47,49,46,20,40,32,13,33,18,48,50,34,8,14,4,9,45,35,11,39,42,12,50,7,22,28,25,36,4,41,38,5,10,1,31,24,2,17,43,27,44,23$3.0
381$16,14,19,6,29,3,30,15,47,49,46,20,40,32,37,33,18,48,50,34,8,14,4,9,45,35,11,39,42,12,50,7,22,28,25,36,4,41,38,5,10,1,31,24,2,17,43,27,44,23$3.0
382$16,14,19,6,29,3,30,15,47,49,46,20,40,32,37,33,18,48,50,34,8,14,4,9,45,35,11,39,42,12,50,7,22,28,25,36,4,41,38,5,10,1,31,24,2,17,43,27,44,23$3.0
383$16,14,19,6,29,3,30,15,47,49,46,20,40,32,13,33,18,48,50,34,8,14,4,9,45,35,11,39,42,12,50,7,22,28,25,36,4,41,38,5,10,1,31,24,2,17,43,27,44,23$3.0
384$16,14,19,6,29,3,30,15,47,49,46,20,40,32,37,33,18,48,50,34,8,14,4,9,45,35,11,39,42,12,50,7,22,28,25,36,4,41,38,5,10,1,31,24,2,17,43,27,44,23$3.0
385$16,14,19,6,29,3,30,15,47,49,46,20,40,32,13,33,18,48,50,34,8,14,4,9,45,35,11,39,42,12,50,7,22,28,25,36,4,41,38,5,10,1,31,24,2,17,43,27,44,23$3.0
386$16,14,19,6,29,3,30,15,47,49,46,20,40,32,37,33,18,48,50,34,8,14,4,9,45,35,11,39,42,12,50,7,22,28,25,36,4,41,38,5,10,1,31,24,2,17,43,27,44,23$3.0
387$16,14,19,6,29,3,30,15,47,49,46,20,40,32,13,33,18,48,50,34,8,14,4,9,45,35,11,39,42,12,50,7,22,28,25,36,4,41,38,5,10,1,31,24,2,17,43,27,44,23$3.0
388$16,14,19,6,29,3,30,15,47,49,46,20,40,32,37,33,18,48,50,34,8,14,4,9,45,35,13,39,42,12,50,7,22,28,25,36,4,41,38,5,10,1,31,24,2,17,43,27,44,23$3.0
389$16,14,19,6,29,3,30,15,47,49,46,20,40,32,37,33,18,48,50,34,8,14,4,9,45,35,11,39,42,12,50,7,22,28,25,36,4,41,38,5,10,1,31,24,2,17,43,27,44,23$3.0
390$16,28,19,6,29,3,30,15,47,49,46,20,40,32,37,33,18,48,50,34,8,14,4,9,45,35,11,39,42,12,50,7,22,28,25,36,4,41,38,5,10,1,31,24,2,17,43,27,44,23$3.0
391$16,14,19,6,29,3,30,15,47,49,46,20,40,32,37,33,18,48,50,34,8,14,4,9,45,35,11,39,42,12,50,7,22,28,25,36,4,41,38,5,10,1,31,24,2,17,43,27,44,23$3.0
392$16,28,19,6,29,3,30,15,47,49,46,20,40,32,37,33,18,48,50,34,8,14,4,9,45,35,11,39,42,12,50,7,22,28,25,36,4,41,38,5,10,1,31,24,2,17,43,27,44,23$3.0
393$16,14,19,6,29,3,30,15,47,49,46,20,40,32,13,33,18,48,50,34,8,26,4,9,45,35,11,39,42,12,50,7,22,28,25,36,4,41,38,5,10,1,31,24,2,17,43,27,44,23$2.0
394$16,14,19,6,29,3,30,15,47,49,46,20,40,32,13,33,18,48,50,34,8,26,4,9,45,35,11,39,42,12,50,7,22,28,25,36,4,41,38,5,10,1,31,24,2,17,43,27,44,23$2.0
395$16,14,19,6,29,3,30,15,47,49,46,20,40,32,13,33,18,48,50,34,8,26,4,9,45,35,11,39,42,12,50,7,22,28,25,36,4,41,38,5,10,1,31,24,2,17,43,27,44,23$2.0
396$16,14,19,6,29,3,30,15,47,49,46,20,40,32,13,33,18,48,50,34,8,26,4,9,45,35,11,39,42,12,50,7,22,28,25,36,4,41,38,5,10,1,31,24,2,17,43,27,44,23$2.0
397$16,14,19,6,29,3,30,15,47,49,46,20,40,32,13,33,18,48,50,34,8,26,4,9,45,35,11,39,42,12,50,7,22,28,25,36,4,41,38,5,10,1,31,24,2,17,43,27,44,23$2.0
398$16,14,19,6,29,3,30,15,47,49,46,20,40,32,13,33,18,48,50,34,8,26,4,9,45,35,11,39,42,12,50,7,22,28,25,36,4,41,38,5,10,1,31,24,2,17,43,27,44,23$2.0
399$16,14,19,6,29,3,30,15,47,49,46,20,40,32,13,33,18,48,50,34,8,26,4,9,45,35,11,39,42,12,50,7,22,28,25,36,4,41,38,5,10,1,31,24,2,17,43,27,44,23$2.0
400$16,14,19,6,29,3,30,15,47,49,46,20,40,32,13,33,18,48,50,34,8,26,4,9,45,35,11,39,42,12,50,7,22,28,25,36,4,41,38,5,10,1,31,24,2,17,43,27,44,23$2.0
401$16,14,19,6,29,3,30,15,47,49,46,20,40,32,13,33,18,48,50,34,8,26,4,9,45,35,11,39,42,12,50,7,22,28,25,36,4,41,38,5,10,1,31,24,2,17,43,27,44,23$2.0
402$16,14,19,6,29,3,30,15,47,49,46,20,40,32,37,33,18,48,50,34,8,26,4,9,45,35,11,39,42,12,50,7,22,28,25,36,7,41,38,5,10,1,31,24,2,17,43,27,44,23$2.0
403$16,28,19,6,29,3,30,15,47,49,46,20,40,32,37,33,18,48,50,34,8,26,4,9,45,35,11,39,42,12,50,7,22,28,25,36,4,41,38,5,10,1,31,24,2,17,43,27,44,23$3.0
404$16,28,19,6,29,3,30,15,47,49,46,20,40,32,37,33,18,48,50,34,8,14,4,9,45,35,13,39,42,12,50,7,22,28,25,36,4,41,38,5,10,1,31,24,2,17,43,27,44,23$3.0
405$16,14,19,6,29,3,30,15,47,49,46,20,40,32,13,33,18,48,50,34,8,26,4,9,45,35,11,39,42,12,50,7,22,28,25,36,4,41,38,5,10,1,31,24,2,17,43,27,44,23$2.0
406$16,14,19,6,29,3,30,15,47,49,46,20,40,32,13,33,18,48,50,34,8,26,4,9,45,35,11,39,42,12,50,7,22,28,25,36,4,41,38,5,10,1,31,24,2,17,43,27,44,23$2.0
407$16,14,19,6,29,3,30,15,47,49,46,20,40,32,13,33,18,48,50,34,8,26,4,9,45,35,11,39,42,12,50,7,22,28,25,36,4,41,38,5,10,1,31,24,2,17,43,27,44,23$2.0
408$16,14,19,6,29,3,30,15,47,49,46,20,40,32,37,33,18,48,50,34,8,26,4,9,45,35,13,39,42,12,50,7,22,28,25,36,4,41,38,5,10,1,31,24,2,17,43,27,44,23$2.0
409$16,14,19,6,29,3,30,15,47,49,46,20,40,32,37,33,18,48,50,34,8,26,4,9,45,35,13,39,42,12,50,7,22,28,25,36,4,41,38,5,10,1,31,24,2,17,43,27,44,23$2.0
410$16,14,19,6,29,3,30,15,47,49,46,20,40,32,37,33,18,48,50,34,8,26,4,9,45,35,11,39,42,12,50,7,22,28,25,36,7,41,38,5,10,1,31,24,2,17,43,27,44,23$2.0
411$16,14,19,6,29,3,30,15,47,49,46,20,40,32,37,33,18,48,50,34,8,26,4,9,45,35,11,39,42,12,50,7,22,28,25,36,4,41,38,5,10,1,31,24,2,17,43,27,44,23$2.0
412$16,14,19,6,29,3,30,15,47,49,46,20,40,32,37,33,18,48,50,34,8,26,4,9,45,35,11,39,42,12,50,7,22,28,25,36,4,41,38,5,10,1,31,24,2,17,43,27,44,23$2.0
413$16,14,19,6,29,3,30,15,47,49,46,20,40,32,37,33,18,48,50,34,8,26,4,9,45,35,11,39,42,12,50,7,22,28,25,36,4,41,38,5,10,1,31,24,2,17,43,27,44,23$2.0
414$16,14,19,6,29,3,30,15,47,49,46,20,40,32,37,33,18,48,50,34,8,26,21,9,45,35,13,39,42,12,50,7,22,28,25,36,4,41,38,5,10,1,31,24,2,17,43,27,44,23$1.0
414$16,14,19,6,29,3,30,15,47,49,46,20,40,32,37,33,18,48,50,34,8,26,21,9,45,35,13,39,42,12,50,7,22,28,25,36,4,41,38,5,10,1,31,24,2,17,43,27,44,23$1.0
415$16,14,19,6,29,3,30,15,47,49,46,20,40,32,37,33,18,48,50,34,8,26,4,9,45,35,13,39,42,12,50,7,22,28,25,36,4,41,38,5,10,1,31,24,2,17,43,27,44,23$2.0
416$16,28,19,6,29,3,30,15,47,49,46,20,40,32,37,33,18,48,50,34,8,26,4,9,45,35,13,39,42,12,50,7,22,28,25,36,4,41,38,5,10,1,31,24,2,17,43,27,44,23$3.0
417$16,14,19,6,29,3,30,15,47,49,46,20,40,32,37,33,18,48,50,34,8,26,4,9,45,35,11,39,42,12,50,7,22,28,25,36,4,41,38,5,10,1,31,24,2,17,43,27,44,23$2.0
418$16,14,19,6,29,3,30,15,47,49,46,20,40,32,37,33,18,48,50,34,8,26,4,9,45,35,11,39,42,12,50,7,22,28,25,36,4,41,38,5,10,1,31,24,2,17,43,27,44,23$2.0
419$16,14,19,6,29,3,30,15,47,49,46,20,40,32,37,33,18,48,50,34,8,26,4,9,45,35,11,39,42,12,50,7,22,28,25,36,4,41,38,5,10,1,31,21,2,17,43,27,44,23$2.0
420$16,14,19,6,29,3,30,15,47,49,46,20,40,32,37,33,18,48,50,34,8,26,21,9,45,35,13,39,42,12,50,7,22,28,25,36,4,41,38,5,10,1,31,24,2,17,43,27,44,23$1.0
421$16,14,19,6,29,3,30,15,47,49,46,20,40,32,37,33,18,48,50,34,8,26,21,9,45,35,13,39,42,12,50,7,22,28,25,36,4,41,38,5,10,1,31,24,2,17,43,27,44,23$1.0
422$16,14,19,6,29,3,30,15,47,49,46,20,40,32,37,33,18,48,50,34,8,26,21,9,45,35,13,39,42,12,50,7,22,28,25,36,4,41,38,5,10,1,31,24,2,17,43,27,44,23$1.0
423$16,14,19,6,29,3,30,15,47,49,46,20,40,32,37,33,18,48,50,34,8,26,21,9,45,35,13,39,42,12,50,7,22,28,25,36,4,41,38,5,10,1,31,24,2,17,43,27,44,23$1.0
424$16,14,19,6,29,3,30,15,47,49,46,20,40,32,37,33,18,48,50,34,8,26,21,9,45,35,13,39,42,12,50,7,22,28,25,36,4,41,38,5,10,1,31,24,2,17,43,27,44,23$1.0
425$16,14,19,6,29,3,30,15,47,49,46,20,40,32,37,33,18,48,50,34,8,26,21,9,45,35,13,39,42,12,50,7,22,28,25,36,4,41,38,5,10,1,31,24,2,17,43,27,44,23$1.0
426$16,14,19,6,29,3,30,15,47,49,46,20,40,32,37,33,18,48,50,34,8,26,21,9,45,35,13,39,42,12,50,7,22,28,25,36,4,41,38,5,10,1,31,24,2,17,43,27,44,23$1.0
427$16,14,19,6,29,3,30,15,47,49,46,20,40,32,37,33,18,48,50,34,8,26,21,9,45,35,13,39,42,12,50,7,22,28,25,36,4,41,38,5,10,1,31,24,2,17,43,27,44,23$1.0
428$16,14,19,6,29,3,30,15,47,49,46,20,40,32,37,33,18,48,50,34,8,26,21,9,45,35,13,39,42,12,50,7,22,28,25,36,4,41,38,5,10,1,31,24,2,17,43,27,44,23$1.0
429$16,14,19,6,29,3,30,15,47,49,46,20,40,32,37,33,18,48,50,34,8,26,21,9,45,35,13,39,42,12,50,7,22,28,25,36,4,41,38,5,10,1,31,24,2,17,43,27,44,23$1.0
430$16,14,19,6,29,3,30,15,47,49,46,20,40,32,37,33,18,48,50,34,8,26,21,9,45,35,13,39,42,12,50,7,22,28,25,36,4,41,38,5,10,1,31,24,2,17,43,27,44,23$1.0
431$16,14,19,6,29,3,30,15,47,49,46,20,40,32,37,33,18,48,50,34,8,26,21,9,45,35,13,39,42,12,50,7,22,28,25,36,4,41,38,5,10,1,31,24,2,17,43,27,44,23$1.0
432$16,14,19,6,29,3,30,15,47,49,46,20,40,32,37,33,18,48,50,34,8,26,21,9,45,35,13,39,42,12,50,7,22,28,25,36,4,41,38,5,10,1,31,24,2,17,43,27,44,23$1.0
433$16,14,19,6,29,3,30,15,47,49,46,20,40,32,37,33,18,48,50,34,8,26,21,9,45,35,13,39,42,12,50,7,22,28,25,36,4,41,38,5,10,1,31,24,2,17,43,27,44,23$1.0
434$16,14,19,6,29,3,30,15,47,49,46,20,40,32,37,33,18,48,50,34,8,26,21,9,45,35,13,39,42,12,50,7,22,28,25,36,4,41,38,5,10,1,31,24,2,17,43,27,44,23$1.0
435$16,14,19,6,29,3,30,15,47,49,46,20,40,32,37,33,18,48,50,34,8,26,21,9,45,35,13,39,42,12,50,7,22,28,25,36,4,41,38,5,10,1,31,24,2,17,43,27,44,23$1.0
436$16,14,19,6,29,3,30,15,47,49,46,20,40,32,37,33,18,48,50,34,8,26,21,9,45,35,13,39,42,12,50,7,22,28,25,36,4,41,38,5,10,1,31,24,2,17,43,27,44,23$1.0
437$16,14,19,6,29,3,30,15,47,49,46,20,40,32,37,33,18,48,50,34,8,26,21,9,45,35,13,39,42,12,50,7,22,28,25,36,4,41,38,5,10,1,31,24,2,17,43,27,44,23$1.0
438$16,14,19,6,29,3,30,15,47,49,46,20,40,32,37,33,18,48,50,34,8,26,21,9,45,35,13,39,42,12,50,7,22,28,25,36,4,41,38,5,10,1,31,24,2,17,43,27,44,23$1.0
439$16,14,19,6,29,3,30,15,47,49,46,20,40,32,37,33,18,48,50,34,8,26,21,9,45,35,13,39,42,12,50,7,22,28,25,36,4,41,38,5,10,1,31,24,2,17,43,27,44,23$1.0
440$16,14,19,6,29,3,30,15,47,49,46,20,40,32,37,33,18,48,50,34,8,26,21,9,45,35,13,39,42,12,50,7,22,28,25,36,4,41,38,5,10,1,31,24,2,17,43,27,44,23$1.0
441$16,14,19,6,29,3,30,15,47,49,46,20,40,32,37,33,18,48,50,34,8,26,21,9,45,35,13,39,42,12,50,7,22,28,25,36,4,41,38,5,10,1,31,24,2,17,43,27,44,23$1.0
442$16,14,19,6,29,3,30,15,47,49,46,20,40,32,37,33,18,48,50,34,8,26,21,9,45,35,13,39,42,12,50,7,22,28,25,36,4,41,38,5,10,1,31,24,2,17,43,27,44,23$1.0
443$16,14,19,6,29,3,30,15,47,49,46,20,40,32,37,33,18,48,50,34,8,26,21,9,45,35,13,39,42,12,50,7,22,28,25,36,4,41,38,5,10,1,31,24,2,17,43,27,44,23$1.0
444$16,14,19,6,29,3,30,15,47,49,46,20,40,32,37,33,18,48,50,34,8,26,21,9,45,35,13,39,42,12,50,7,22,28,25,36,4,41,38,5,10,1,31,24,2,17,43,27,44,23$1.0
445$16,14,19,6,29,3,30,15,47,49,46,20,40,32,37,33,18,48,50,34,8,26,21,9,45,35,13,39,42,12,50,7,22,28,25,36,4,41,38,5,10,1,31,24,2,17,43,27,44,23$1.0
446$16,14,19,6,29,3,30,15,47,49,46,20,40,32,37,33,18,48,50,34,8,26,21,9,45,35,11,39,42,12,50,7,22,28,25,36,4,41,38,5,10,1,31,24,2,17,43,27,44,23$1.0
447$16,14,19,6,29,3,30,15,47,49,46,20,40,32,37,33,18,48,50,34,8,26,21,9,45,35,13,39,42,12,50,7,22,28,25,36,4,41,38,5,10,1,31,24,2,17,43,27,44,23$1.0
448$16,14,19,6,29,3,30,15,47,49,46,20,40,32,37,33,18,48,50,34,8,26,21,9,45,35,13,39,42,12,50,7,22,28,25,36,4,41,38,5,10,1,31,24,2,17,43,27,44,23$1.0
449$16,14,19,6,29,3,30,15,47,49,46,20,40,32,37,33,18,48,50,34,8,26,21,9,45,35,13,39,42,12,50,7,22,28,25,36,4,41,38,5,10,1,31,24,2,17,43,27,44,23$1.0
450$16,14,19,6,29,3,30,15,47,49,46,20,40,32,37,33,18,48,50,34,8,26,21,9,45,35,13,39,42,12,50,7,22,28,25,36,4,41,38,5,10,1,31,24,2,17,43,27,44,23$1.0
451$16,14,19,6,29,3,30,15,47,49,46,20,40,32,37,33,18,48,50,34,8,26,21,9,45,35,13,39,42,12,50,7,22,28,25,36,4,41,38,5,10,1,31,24,2,17,43,27,44,23$1.0
452$16,14,19,6,29,3,30,15,47,49,46,20,40,32,37,33,18,48,50,34,8,26,21,9,45,35,13,39,42,12,50,7,22,28,25,36,4,41,38,5,10,1,31,24,2,17,43,27,44,23$1.0
453$16,14,19,6,29,3,30,15,47,49,46,20,40,32,37,33,18,48,50,34,8,26,21,9,45,35,13,39,42,12,50,7,22,28,25,36,4,41,38,5,10,1,31,24,2,17,43,27,44,23$1.0
454$16,14,19,6,29,3,30,15,47,49,46,20,40,32,37,33,18,48,50,34,8,26,21,9,45,35,13,39,42,12,50,7,22,28,25,36,4,41,38,5,10,1,31,24,2,17,43,27,44,23$1.0
455$16,14,19,6,29,3,30,15,47,49,46,20,40,32,37,33,18,48,50,34,8,26,21,9,45,35,13,39,42,12,50,7,22,28,25,36,4,41,38,5,10,1,31,24,2,17,43,27,44,23$1.0
456$16,14,19,6,29,3,30,15,47,49,46,20,40,32,37,33,18,48,50,34,8,26,21,9,45,35,13,39,42,12,50,7,22,28,25,36,4,41,38,5,10,1,31,24,2,17,43,27,44,23$1.0
457$16,14,19,6,29,3,30,15,47,49,46,20,40,32,37,33,18,48,50,34,8,26,21,9,45,35,13,39,42,12,50,7,22,28,25,36,4,41,38,5,10,1,31,24,2,17,43,27,44,23$1.0
458$16,14,19,6,29,3,30,15,47,49,46,20,40,32,37,33,18,48,50,34,8,26,21,9,45,35,13,39,42,12,50,7,22,28,25,36,4,41,38,5,10,1,31,24,2,17,43,27,44,23$1.0
459$16,14,19,6,29,3,30,15,47,49,46,20,40,32,37,33,18,48,50,34,8,26,21,9,45,35,13,39,42,12,50,7,22,28,25,36,4,41,38,5,10,1,31,24,2,17,43,27,44,23$1.0
460$16,14,19,6,29,3,30,15,47,49,46,20,40,32,37,33,18,48,50,34,8,26,21,9,45,35,13,39,42,12,50,7,22,28,25,36,4,41,38,5,10,1,31,24,2,17,43,27,44,23$1.0
461$16,14,19,6,29,3,30,15,47,49,46,20,40,32,37,33,18,48,50,34,8,26,21,9,45,35,13,39,42,12,50,7,22,28,25,36,4,41,38,5,10,1,31,24,2,17,43,27,44,23$1.0
462$16,14,19,6,29,3,30,15,47,49,46,20,40,32,37,33,18,48,50,34,8,26,21,9,45,35,13,39,42,12,50,7,22,28,25,36,4,41,38,5,10,1,31,24,2,17,43,27,44,23$1.0
463$16,14,19,6,29,3,30,15,47,49,46,20,40,32,37,33,18,48,50,34,8,26,21,9,45,35,13,39,42,12,50,7,22,28,25,36,4,41,38,5,10,1,31,24,2,17,43,27,44,23$1.0
464$16,14,19,6,29,3,30,15,47,49,46,20,40,32,37,33,18,48,50,34,8,26,21,9,45,35,13,39,42,12,50,7,22,28,25,36,4,41,38,5,10,1,31,24,2,17,43,27,44,23$1.0
465$16,14,19,6,29,3,30,15,47,49,46,20,40,32,37,33,18,48,50,34,8,26,21,9,45,35,13,39,42,12,50,7,22,28,25,36,4,41,38,5,10,1,31,24,2,17,43,27,44,23$1.0
466$16,14,19,6,29,3,30,15,47,49,46,20,40,32,37,33,18,48,50,34,8,26,21,9,45,35,13,39,42,12,50,7,22,28,25,36,4,41,38,5,10,1,31,24,2,17,43,27,44,23$1.0
467$16,14,19,6,29,3,30,15,47,49,46,20,40,32,37,33,18,48,50,34,8,26,21,9,45,35,13,39,42,12,50,7,22,28,25,36,4,41,38,5,10,1,31,24,2,17,43,27,44,23$1.0
468$16,14,19,6,29,3,30,15,47,49,46,20,40,32,37,33,18,48,50,34,8,26,21,9,45,35,13,39,42,12,50,7,22,28,25,36,4,41,38,5,10,1,31,24,2,17,43,27,44,23$1.0
469$16,14,19,6,29,3,30,15,47,49,46,20,40,32,37,33,18,48,50,34,8,26,21,9,45,35,13,39,42,12,50,7,22,28,25,36,4,41,38,5,10,1,31,24,2,17,43,27,44,23$1.0
470$16,14,19,6,29,3,30,15,47,49,46,20,40,32,37,33,18,48,50,34,8,26,21,9,45,35,13,39,42,12,50,7,22,28,25,36,4,41,38,5,10,1,31,24,2,17,43,27,44,23$1.0
471$16,14,19,6,29,3,30,15,47,49,46,20,40,32,37,33,18,48,50,34,8,26,21,9,45,35,13,39,42,12,50,7,22,28,25,36,4,41,38,5,10,1,31,24,2,17,43,27,44,23$1.0
472$16,14,19,6,29,3,30,15,47,49,46,20,40,32,37,33,18,48,50,34,8,26,21,9,45,35,13,39,42,12,50,7,22,28,25,36,4,41,38,5,10,1,31,24,2,17,43,27,44,23$1.0
473$16,14,19,6,29,3,30,15,47,49,46,20,40,32,37,33,18,48,50,34,8,26,21,9,45,35,13,39,42,12,50,7,22,28,25,36,4,41,38,5,10,1,31,24,2,17,43,27,44,23$1.0
474$16,14,19,6,29,3,30,15,47,49,46,20,40,32,37,33,18,48,50,34,8,26,21,9,45,35,13,39,42,12,50,7,22,28,25,36,4,41,38,5,10,1,31,24,2,17,43,27,44,23$1.0
475$16,14,19,6,29,3,30,15,47,49,46,20,40,32,37,33,18,48,50,34,8,26,21,9,45,35,13,39,42,12,50,7,22,28,25,36,4,41,38,5,10,1,31,24,2,17,43,27,44,23$1.0
476$16,14,19,6,29,3,30,15,47,49,46,20,40,32,37,33,18,48,50,34,8,26,21,9,45,35,13,39,42,12,50,7,22,28,25,36,4,41,38,5,10,1,31,24,2,17,43,27,44,23$1.0
477$16,14,19,6,29,3,30,15,47,49,46,20,40,32,37,33,18,48,50,34,8,26,21,9,45,35,13,39,42,12,50,7,22,28,25,36,4,41,38,5,10,1,31,24,2,17,43,27,44,23$1.0
478$16,14,19,6,29,3,30,15,47,49,46,20,40,32,37,33,18,48,50,34,8,26,21,9,45,35,13,39,42,12,50,7,22,28,25,36,4,41,38,5,10,1,31,24,2,17,43,27,44,23$1.0
479$16,14,19,6,29,3,30,15,47,49,46,20,40,32,37,33,18,48,50,34,8,26,21,9,45,35,13,39,42,12,50,7,22,28,25,36,4,41,38,5,10,1,31,24,2,17,43,27,44,23$1.0
480$16,14,19,6,29,3,30,15,47,49,46,20,40,32,37,33,18,48,50,34,8,26,21,9,45,35,13,39,42,12,50,7,22,28,25,36,4,41,38,5,10,1,31,24,2,17,43,27,44,23$1.0
481$16,14,19,6,29,3,30,15,47,49,46,20,40,32,37,33,18,48,50,34,8,26,21,9,45,35,13,39,42,12,50,7,22,28,25,36,4,41,38,5,10,1,31,24,2,17,43,27,44,23$1.0
482$16,14,19,6,29,3,30,15,47,49,46,20,40,32,37,33,18,48,50,34,8,26,21,9,45,35,13,39,42,12,50,7,22,28,25,36,4,41,38,5,10,1,31,24,2,17,43,27,44,23$1.0
483$16,14,19,6,29,3,30,15,47,49,46,20,40,32,37,33,18,48,50,34,8,26,21,9,45,35,13,39,42,12,50,7,22,28,25,36,4,41,38,5,10,1,31,24,2,17,43,27,44,23$1.0
484$16,14,19,6,29,3,30,15,47,49,46,20,40,32,37,33,18,48,50,34,8,26,21,9,45,35,13,39,42,12,50,7,22,28,25,36,4,41,38,5,10,1,31,24,2,17,43,27,44,23$1.0
485$16,14,19,6,29,3,30,15,47,49,46,20,40,32,37,33,18,48,50,34,8,26,21,9,45,35,13,39,42,12,50,7,22,28,25,36,4,41,38,5,10,1,31,24,2,17,43,27,44,23$1.0
486$16,14,19,6,29,3,30,15,47,49,46,20,40,32,37,33,18,48,50,34,8,26,21,9,45,35,13,39,42,12,50,7,22,28,25,36,4,41,38,5,10,1,31,24,2,17,43,27,44,23$1.0
487$16,14,19,6,29,3,30,15,47,49,46,20,40,32,37,33,18,48,50,34,8,26,21,9,45,35,13,39,42,12,50,7,22,28,25,36,4,41,38,5,10,1,31,24,2,17,43,27,44,23$1.0
488$16,14,19,6,29,3,30,15,47,49,46,20,40,32,37,33,18,48,50,34,8,26,21,9,45,35,13,39,42,12,50,7,22,28,25,36,4,41,38,5,10,1,31,24,2,17,43,27,44,23$1.0
489$16,14,19,6,29,3,30,15,47,49,46,20,40,32,37,33,18,48,50,34,8,26,21,9,45,35,13,39,42,12,50,7,22,28,25,36,4,41,38,5,10,1,31,24,2,17,43,27,44,23$1.0
490$16,14,19,6,29,3,30,15,47,49,46,20,40,32,37,33,18,48,50,34,8,26,21,9,45,35,13,39,42,12,50,7,22,28,25,36,4,41,38,5,10,1,31,24,2,17,43,27,44,23$1.0
491$16,14,19,6,29,3,30,15,47,49,46,20,40,32,37,33,18,48,50,34,8,26,21,9,45,35,13,39,42,12,50,7,22,28,25,36,4,41,38,5,10,1,31,24,2,17,43,27,44,23$1.0
492$16,14,19,6,29,3,30,15,47,49,46,20,40,32,37,33,18,48,50,34,8,26,21,9,45,35,13,39,42,12,50,7,22,28,25,36,4,41,38,5,10,1,31,24,2,17,43,27,44,23$1.0
493$16,14,19,6,29,3,30,15,47,49,46,20,40,32,37,33,18,48,50,34,8,26,21,9,45,35,13,39,42,12,50,7,22,28,25,36,4,41,38,5,10,1,31,24,2,17,43,27,44,23$1.0
494$16,14,19,6,29,3,30,15,47,49,46,20,40,32,37,33,18,48,50,34,8,26,21,9,45,35,13,39,42,12,50,7,22,28,25,36,4,41,38,5,10,1,31,24,2,17,43,27,44,23$1.0
495$16,14,19,6,29,3,30,15,47,49,46,20,40,32,37,33,18,48,50,34,8,26,21,9,45,35,13,39,42,12,50,7,22,28,25,36,4,41,38,5,10,1,31,24,2,17,43,27,44,23$1.0
496$16,14,19,6,29,3,30,15,47,49,46,20,40,32,37,33,18,48,50,34,8,26,21,9,45,35,13,39,42,12,50,7,22,28,25,36,4,41,38,5,10,1,31,24,2,17,43,27,44,23$1.0
497$16,14,19,6,29,3,30,15,47,49,46,20,40,32,37,33,18,48,50,34,8,26,21,9,45,35,13,39,42,12,50,7,22,28,25,36,4,41,38,5,10,1,31,24,2,17,43,27,44,23$1.0
498$16,14,19,6,29,3,30,15,47,49,46,20,40,32,37,33,18,48,50,34,8,26,21,9,45,35,13,39,42,12,50,7,22,28,25,36,4,41,38,5,10,1,31,24,2,17,43,27,44,23$1.0
499$16,14,19,6,29,3,30,15,47,49,46,20,40,32,37,33,18,48,50,34,8,26,21,9,45,35,13,39,42,12,50,7,22,28,25,36,4,41,38,5,10,1,31,24,2,17,43,27,44,23$1.0
500$16,14,19,6,29,3,30,15,47,49,46,20,40,32,37,33,18,48,50,34,8,26,21,9,45,35,13,39,42,12,50,7,22,28,25,36,4,41,38,5,10,1,31,24,2,17,43,27,44,23$1.0
501$16,14,19,6,29,3,30,15,47,49,46,20,40,32,37,33,18,48,50,34,8,26,21,9,45,35,13,39,42,12,50,7,22,28,25,36,4,41,38,5,10,1,31,24,2,17,43,27,44,23$1.0
502$16,14,19,6,29,3,30,15,47,49,46,20,40,32,37,33,18,48,50,34,8,26,21,9,45,35,13,39,42,12,50,7,22,28,25,36,4,41,38,5,10,1,31,24,2,17,43,27,44,23$1.0
503$16,14,19,6,29,3,30,15,47,49,46,20,40,32,37,33,18,48,50,11,8,26,21,9,45,35,13,39,42,12,50,7,22,28,25,36,4,41,38,5,10,1,31,24,2,17,43,27,44,23$1.0
504$16,14,19,6,29,3,30,15,47,49,46,20,40,32,37,33,18,48,50,34,8,26,21,9,45,35,13,39,42,12,50,7,22,28,25,36,4,41,38,5,10,1,31,24,2,17,43,27,44,23$1.0
505$16,14,19,6,29,3,30,15,47,49,46,20,40,32,37,33,18,48,50,34,8,26,21,9,45,35,13,39,42,12,50,7,22,28,25,36,4,41,38,5,10,1,31,24,2,17,43,27,44,23$1.0
506$16,14,19,6,29,3,30,15,47,49,46,20,40,32,37,33,18,48,50,34,8,26,21,9,45,35,13,39,42,12,50,7,22,28,25,36,4,41,38,5,10,1,31,24,2,17,43,27,44,23$1.0
507$16,14,19,6,29,3,30,15,47,49,46,20,40,32,37,33,18,48,50,34,8,26,21,9,45,35,13,39,42,12,50,7,22,28,25,36,4,41,38,5,10,1,31,24,2,17,43,27,44,23$1.0
508$16,14,19,6,29,3,30,15,47,49,46,20,40,32,37,33,18,48,50,34,8,26,21,9,45,35,13,39,42,12,50,7,22,28,25,36,4,41,38,5,10,1,31,24,2,17,43,27,44,23$1.0
509$16,14,19,6,29,3,30,15,47,49,46,20,40,32,37,33,18,48,50,34,8,26,21,9,45,35,13,39,42,12,50,7,22,28,25,36,4,41,38,5,10,1,31,24,2,17,43,27,44,23$1.0
510$16,14,19,6,29,3,30,15,47,49,46,20,40,32,37,33,18,48,50,34,8,26,21,9,45,35,13,39,42,12,50,7,22,28,25,36,4,41,38,5,10,1,31,24,2,17,43,27,44,23$1.0
511$16,14,19,6,29,3,30,15,47,49,46,20,40,32,37,33,18,48,50,34,8,26,21,9,45,35,13,39,42,12,50,7,22,28,25,36,4,41,38,5,10,1,31,24,2,17,43,27,44,23$1.0
512$16,14,19,6,29,3,30,15,47,49,46,20,40,32,37,33,18,48,50,34,8,26,21,9,45,35,13,39,42,12,50,7,22,28,25,36,4,41,38,5,10,1,31,24,2,17,43,27,44,23$1.0
513$16,14,19,6,29,3,30,15,47,49,46,20,40,32,37,33,18,48,50,34,8,26,21,9,45,35,13,39,42,12,50,7,22,28,25,36,4,41,38,5,10,1,31,24,2,17,43,27,44,23$1.0
514$16,14,19,6,29,3,30,15,47,49,46,20,40,32,37,33,18,48,50,34,8,26,21,9,45,35,13,39,42,12,50,7,22,28,25,36,4,41,38,5,10,1,31,24,2,17,43,27,44,23$1.0
515$16,14,19,6,29,3,30,15,47,49,46,20,40,32,37,33,18,48,50,34,8,26,21,9,45,35,13,39,42,12,50,7,22,28,25,36,4,41,38,5,10,1,31,24,2,17,43,27,44,23$1.0
516$16,14,19,6,29,3,30,15,47,49,46,20,40,32,37,33,18,48,50,34,8,26,21,9,45,35,13,39,42,12,50,7,22,28,25,36,4,41,38,5,10,1,31,24,2,17,43,27,44,23$1.0
517$16,14,19,6,29,3,30,15,47,49,46,20,40,32,37,33,18,48,50,34,8,26,21,9,45,35,13,39,42,12,50,7,22,28,25,36,4,41,38,5,10,1,31,24,2,17,43,27,44,23$1.0
518$16,14,19,6,29,3,30,15,47,49,46,20,40,32,37,33,18,48,50,34,8,26,21,9,45,35,13,39,42,12,50,7,22,28,25,36,4,41,38,5,10,1,31,24,2,17,43,27,44,23$1.0
519$16,14,19,6,29,3,30,15,47,49,46,20,40,32,37,33,18,48,50,34,8,26,21,9,45,35,13,39,42,12,50,7,22,28,25,36,4,41,38,5,10,1,31,24,2,17,43,27,44,23$1.0
520$16,14,19,6,29,3,30,15,47,49,46,20,40,32,37,33,18,48,50,34,8,26,21,9,45,35,13,39,42,12,50,7,22,28,25,36,4,41,38,5,10,1,31,24,2,17,43,27,44,23$1.0
521$16,14,19,6,29,3,30,15,47,49,46,20,40,32,37,33,18,48,50,34,8,26,21,9,45,35,13,39,42,12,50,7,22,28,25,36,4,41,38,5,10,1,31,24,2,17,43,27,44,23$1.0
522$16,14,19,6,29,3,30,15,47,49,46,20,40,32,37,33,18,48,50,34,8,26,21,9,45,35,13,39,42,12,50,7,22,28,25,36,4,41,38,5,10,1,31,24,2,17,43,27,44,23$1.0
523$16,14,19,6,29,3,30,15,47,49,46,20,40,32,37,33,18,48,50,34,8,26,21,9,45,35,13,39,42,12,50,7,22,28,25,36,4,41,38,5,10,1,31,24,2,17,43,27,44,23$1.0
524$16,14,19,6,29,3,30,15,47,49,46,20,40,32,37,33,18,48,50,34,8,26,21,9,45,35,13,39,42,12,50,7,22,28,25,36,4,41,38,5,10,1,31,24,2,17,43,27,44,23$1.0
525$16,14,19,6,29,3,30,15,47,49,46,20,40,32,37,33,18,48,50,34,8,26,21,9,45,35,13,39,42,12,50,7,22,28,25,36,4,41,38,5,10,1,31,24,2,17,43,27,44,23$1.0
526$16,14,19,6,29,3,30,15,47,49,46,20,40,32,37,33,18,48,50,34,8,26,21,9,45,35,13,39,42,12,50,7,22,28,25,36,4,41,38,5,10,1,31,24,2,17,43,27,44,23$1.0
527$16,14,19,6,29,3,30,15,47,49,46,20,40,32,37,33,18,48,50,34,8,26,21,9,45,35,13,39,42,12,50,7,22,28,25,36,4,41,38,5,10,1,31,24,2,17,43,27,44,23$1.0
528$16,14,19,6,29,3,30,15,47,49,46,20,40,32,37,33,18,48,50,34,8,26,21,9,45,35,13,39,42,12,50,7,22,28,25,36,4,41,38,5,10,1,31,24,2,17,43,27,44,23$1.0
529$16,14,19,6,29,3,30,15,47,49,46,20,40,32,37,33,18,48,50,34,8,26,21,9,45,35,13,39,42,12,50,7,22,28,25,36,4,41,38,5,10,1,31,24,2,17,43,27,44,23$1.0
530$16,14,19,6,29,3,30,15,47,49,46,20,40,32,37,33,18,48,50,34,8,26,21,9,45,35,13,39,42,12,50,7,22,28,25,36,4,41,38,5,10,1,31,24,2,17,43,27,44,23$1.0
531$16,14,19,6,29,3,30,15,47,49,46,20,40,32,37,33,18,48,50,34,8,26,21,9,45,35,13,39,42,12,50,7,22,28,25,36,4,41,38,5,10,1,31,24,2,17,43,27,44,23$1.0
532$16,14,19,6,29,3,30,15,47,49,46,20,40,32,37,33,18,48,50,34,8,26,21,9,45,35,13,39,42,12,50,7,22,28,25,36,4,41,38,5,10,1,31,24,2,17,43,27,44,23$1.0
533$16,14,19,6,29,3,30,15,47,49,46,20,40,32,37,33,18,48,50,34,8,26,21,9,45,35,13,39,42,12,50,7,22,28,25,36,4,41,38,5,10,1,31,24,2,17,43,27,44,23$1.0
534$16,14,19,6,29,3,30,15,47,49,46,20,40,32,37,33,18,48,50,34,8,26,21,9,45,35,13,39,42,12,50,7,22,28,25,36,4,41,38,5,10,1,31,24,2,17,43,27,44,23$1.0
535$16,14,19,6,29,3,30,15,47,49,46,20,40,32,37,33,18,48,50,34,8,26,21,9,45,35,13,39,42,12,50,7,22,28,25,36,4,41,38,5,10,1,31,24,2,17,43,27,44,23$1.0
536$16,14,19,6,29,3,30,15,47,49,46,20,40,32,37,33,18,48,50,34,8,26,21,9,45,35,13,39,42,12,50,7,22,28,25,36,4,41,38,5,10,1,31,24,2,17,43,27,44,23$1.0
537$16,14,19,6,29,3,30,15,47,49,46,20,40,32,37,33,18,48,50,34,8,26,21,9,45,35,13,39,42,12,50,7,22,28,25,36,4,41,38,5,10,1,31,24,2,17,43,27,44,23$1.0
538$16,14,19,6,29,3,30,15,47,49,46,20,40,32,37,33,18,48,50,34,8,26,21,9,45,35,13,39,42,12,50,7,22,28,25,36,4,41,38,5,10,1,31,24,2,17,43,27,44,23$1.0
539$16,14,19,6,29,3,30,15,47,49,46,20,40,32,37,33,18,48,50,34,8,26,21,9,45,35,13,39,42,12,50,7,22,28,25,36,4,41,38,5,10,1,31,24,2,17,43,27,44,23$1.0
540$16,14,19,6,29,3,30,15,47,49,46,20,40,32,37,33,18,48,50,34,8,26,21,9,45,35,13,39,42,12,50,7,22,28,25,36,4,41,38,5,10,1,31,24,2,17,43,27,44,23$1.0
541$16,14,19,6,29,3,30,15,47,49,46,20,40,32,37,33,18,48,50,34,8,26,21,9,45,35,13,39,42,12,50,7,22,28,25,36,4,41,38,5,10,1,31,24,2,17,43,27,44,23$1.0
542$16,14,19,6,29,3,30,15,47,49,46,20,40,32,37,33,18,48,50,34,8,26,21,9,45,35,13,39,42,12,50,7,22,28,25,36,4,41,38,5,10,1,31,24,2,17,43,27,44,23$1.0
543$16,14,19,6,29,3,30,15,47,49,46,20,40,32,37,33,18,48,50,34,8,26,21,9,45,35,13,39,42,12,50,7,22,28,25,36,4,41,38,5,10,1,31,24,2,17,43,27,44,23$1.0
544$16,14,19,6,29,3,30,15,47,49,46,20,40,32,37,33,18,48,50,34,8,26,21,9,45,35,13,39,42,12,50,7,22,28,25,36,4,41,38,5,10,1,31,24,2,17,43,27,44,23$1.0
545$16,14,19,6,29,3,30,15,47,49,46,20,40,32,37,33,18,48,50,34,8,26,21,9,45,35,13,39,42,12,50,7,22,28,25,36,4,41,38,5,10,1,31,24,2,17,43,27,44,23$1.0
546$16,14,19,6,29,3,30,15,47,49,46,20,40,32,37,33,18,48,50,34,8,26,21,9,45,35,13,39,42,12,50,7,22,28,25,36,4,41,38,5,10,1,31,24,2,17,43,27,44,23$1.0
547$16,14,19,6,29,3,30,15,47,49,46,20,40,32,37,33,18,48,50,34,8,26,21,9,45,35,13,39,42,12,50,7,22,28,25,36,4,41,38,5,10,1,31,24,2,17,43,27,44,23$1.0
548$16,14,19,6,29,3,30,15,47,49,46,20,40,32,37,33,18,48,11,34,8,26,21,9,45,35,13,39,42,12,50,7,22,28,25,36,4,41,38,5,10,1,31,24,2,17,43,27,44,23$0.0
548$16,14,19,6,29,3,30,15,47,49,46,20,40,32,37,33,18,48,11,34,8,26,21,9,45,35,13,39,42,12,50,7,22,28,25,36,4,41,38,5,10,1,31,24,2,17,43,27,44,23$0.0
