16
0$6,13,11,2,1,8,8,3,12,16,14,16,9,4,12,16$15.0
0$6,13,11,2,1,8,8,3,12,16,14,16,9,4,12,16$15.0
1$7,13,4,2,11,11,9,15,3,2,14,12,6,10,3,2$15.0
2$16,16,3,9,6,13,3,4,11,13,2,15,2,7,1,10$10.0
2$7,3,13,16,5,5,11,6,12,9,2,15,14,7,1,10$14.0
2$9,2,5,16,7,12,14,1,5,14,7,3,8,11,13,15$11.0
2$16,16,3,9,6,13,3,4,11,13,2,15,2,7,1,10$10.0
3$15,2,16,1,6,16,14,1,1,4,7,11,8,11,13,15$12.0
4$5,9,11,14,3,10,16,1,1,15,6,12,15,16,4,8$11.0
5$5,9,14,5,15,10,16,15,1,4,1,7,12,14,6,13$10.0
6$5,9,14,5,15,10,16,15,1,4,1,7,12,14,6,13$10.0
7$7,3,11,16,16,5,15,8,6,2,13,15,1,3,10,1$10.0
8$5,9,13,3,7,15,1,12,1,16,2,15,4,14,8,5$9.0
8$5,9,13,3,7,15,1,12,1,16,2,15,4,14,8,5$9.0
9$7,3,11,16,14,5,15,8,6,2,13,16,16,12,10,12$8.0
9$7,3,11,16,14,5,15,8,6,2,13,16,16,12,10,12$8.0
10$10,8,16,1,3,11,9,1,3,2,7,5,12,14,6,13$10.0
11$10,8,16,1,9,11,9,15,3,11,7,5,12,14,6,13$8.0
12$10,8,14,4,2,8,12,15,3,11,15,15,5,7,1,14$7.0
12$10,8,14,4,2,8,12,15,3,11,15,15,5,7,1,14$7.0
13$4,14,5,9,9,13,12,14,3,16,7,3,8,11,13,15$10.0
14$10,8,5,16,9,4,12,15,3,11,2,16,9,4,12,8$9.0
15$7,3,8,13,1,1,9,15,3,11,15,15,5,14,6,4$9.0
16$10,6,14,5,15,7,12,15,3,16,7,3,16,9,13,15$10.0
17$10,8,16,1,3,11,15,15,3,11,7,5,12,14,6,13$9.0
18$10,8,13,16,9,1,12,14,3,11,7,5,12,14,6,11$9.0
19$10,14,5,9,9,13,2,2,3,11,7,5,12,4,12,8$8.0
20$10,8,5,14,9,11,15,15,3,11,7,5,12,14,6,13$10.0
21$10,8,16,1,3,11,6,15,3,10,15,13,5,3,1,6$9.0
22$10,8,16,1,3,11,6,15,3,10,15,13,5,3,1,6$9.0
23$10,8,16,1,3,11,15,15,3,5,15,1,16,14,6,2$6.0
23$10,8,16,1,3,11,15,15,3,5,15,1,16,14,6,2$6.0
24$10,8,13,1,9,2,12,15,3,11,9,14,5,14,6,4$6.0
25$10,8,13,1,9,2,12,15,3,11,14,14,5,4,6,15$6.0
26$10,6,12,1,4,8,12,15,3,11,9,10,16,14,2,2$7.0
27$10,8,16,1,4,8,12,15,3,11,7,10,5,14,2,4$7.0
28$10,8,16,1,4,8,12,15,3,11,7,3,16,14,2,5$7.0
29$10,8,16,1,4,8,15,15,3,5,15,1,16,14,6,4$7.0
30$10,8,4,1,9,16,12,15,3,11,9,1,5,14,2,8$7.0
31$10,8,16,1,4,7,15,15,3,14,1,3,16,14,2,5$7.0
32$10,8,16,12,4,1,12,6,3,11,15,3,16,14,7,2$5.0
32$10,8,16,12,4,1,12,6,3,11,15,3,16,14,7,2$5.0
33$10,8,16,12,4,1,12,6,3,11,15,3,16,14,7,2$5.0
34$10,8,4,1,9,16,12,15,3,11,9,1,5,14,2,13$6.0
35$10,8,4,1,9,16,12,15,3,11,9,14,5,14,2,6$6.0
36$10,8,4,1,9,16,12,15,3,11,9,14,5,14,2,6$6.0
37$10,8,16,1,4,2,13,15,4,11,15,3,16,14,7,2$6.0
38$10,8,16,1,4,7,15,15,3,14,9,1,5,14,2,13$7.0
39$10,8,16,12,9,2,13,15,4,11,15,3,16,14,7,2$7.0
40$10,8,16,1,4,7,15,15,3,14,9,3,16,14,1,5$5.0
41$10,8,16,1,4,16,9,6,3,11,15,1,5,14,2,8$5.0
42$10,8,16,1,4,16,9,6,3,11,15,1,5,14,2,8$5.0
43$10,7,16,1,9,2,13,15,4,11,15,3,5,14,2,6$4.0
43$10,7,16,1,9,2,13,15,4,11,15,3,5,14,2,6$4.0
44$10,8,16,1,4,16,9,6,3,11,15,1,5,14,2,8$5.0
45$10,7,16,12,9,2,13,15,4,11,15,3,5,14,2,6$4.0
46$10,7,16,12,9,2,13,15,4,11,15,3,5,14,2,6$4.0
47$10,8,16,1,4,13,9,6,3,11,15,12,16,14,2,6$6.0
48$10,4,16,1,4,7,13,11,3,8,15,3,1,14,2,6$5.0
49$10,12,16,1,4,4,13,15,3,11,15,3,16,14,2,8$4.0
50$10,12,16,1,4,4,13,15,3,11,15,3,5,14,2,6$3.0
50$10,12,16,1,4,4,13,15,3,11,15,3,5,14,2,6$3.0
51$10,12,16,1,4,4,13,15,3,11,15,3,5,14,2,6$3.0
52$10,12,16,1,4,4,13,16,3,15,15,3,8,14,2,6$4.0
53$10,12,16,1,4,4,13,15,3,11,15,3,5,14,2,6$3.0
54$10,12,16,1,4,4,13,15,3,11,15,3,5,14,2,6$3.0
55$10,12,16,1,4,4,13,15,3,11,15,3,5,14,2,6$3.0
56$10,12,16,1,4,4,13,15,3,11,15,3,5,14,2,6$3.0
57$10,12,16,1,4,4,13,15,3,11,15,3,5,14,2,6$3.0
58$10,12,5,1,4,4,13,15,3,11,15,1,16,14,2,8$3.0
59$10,12,16,1,8,4,13,15,3,11,15,3,5,14,2,6$2.0
59$10,12,16,1,8,4,13,15,3,11,15,3,5,14,2,6$2.0
60$10,12,16,1,8,4,13,15,3,11,15,3,5,2,2,6$3.0
61$10,12,16,1,8,4,13,15,3,11,15,3,5,14,2,6$2.0
62$10,12,16,1,8,4,13,15,3,11,15,3,5,14,2,6$2.0
63$10,12,16,1,8,4,13,15,3,11,15,3,5,14,2,6$2.0
64$10,12,16,1,8,4,13,15,3,11,15,3,5,14,2,6$2.0
65$10,12,16,1,8,4,13,15,3,11,15,3,5,14,2,6$2.0
66$10,7,16,1,8,4,13,15,3,11,15,3,5,14,2,6$2.0
67$10,7,16,1,8,4,13,15,3,11,15,3,5,14,2,6$2.0
68$10,12,16,1,8,4,13,15,3,11,15,3,5,14,2,6$2.0
69$10,12,16,1,8,4,13,1,3,11,15,3,5,9,2,6$2.0
70$10,12,16,1,8,4,13,16,3,11,15,3,5,14,2,6$2.0
71$10,12,16,1,8,4,13,16,3,11,15,3,5,14,2,6$2.0
72$10,7,16,1,8,4,13,15,3,11,15,3,5,14,2,6$2.0
73$10,12,16,1,8,4,13,15,3,11,15,3,5,14,2,6$2.0
74$10,7,16,1,8,4,13,15,3,11,15,3,5,14,2,6$2.0
75$10,12,16,1,8,4,13,15,3,11,15,3,5,14,2,6$2.0
76$10,12,16,1,8,4,13,15,3,11,13,3,5,14,2,6$2.0
77$10,12,16,1,8,4,13,15,3,11,15,3,5,14,2,6$2.0
78$10,12,16,1,8,4,13,15,3,11,15,3,5,14,2,6$2.0
79$10,12,16,1,8,4,13,15,3,11,15,3,5,14,2,6$2.0
80$10,12,16,1,8,4,13,15,3,11,15,3,5,14,2,9$2.0
81$10,12,16,1,8,4,13,15,3,11,15,3,5,14,2,6$2.0
82$10,12,16,1,8,4,13,15,3,11,13,3,5,14,2,6$2.0
83$10,12,16,1,8,4,13,15,3,11,15,3,5,14,2,6$2.0
84$10,12,16,1,8,4,13,15,3,11,15,3,5,14,2,6$2.0
85$10,12,16,1,8,4,13,15,3,11,15,3,5,14,2,6$2.0
86$10,12,16,1,8,4,13,15,3,11,15,3,5,14,2,6$2.0
87$10,12,16,1,8,4,13,15,3,11,15,3,5,14,2,6$2.0
88$10,12,16,1,8,4,13,15,3,11,15,3,5,14,2,6$2.0
89$10,12,16,1,8,4,13,15,3,11,15,3,5,14,2,6$2.0
90$10,12,16,1,8,4,13,15,3,11,15,3,5,14,2,6$2.0
91$10,12,16,1,8,4,13,15,3,11,15,3,5,14,2,6$2.0
92$10,12,16,1,8,4,13,15,3,11,15,3,5,14,2,6$2.0
93$10,12,16,1,8,4,13,15,3,11,15,3,5,14,2,6$2.0
94$10,12,16,1,8,4,13,15,3,11,15,3,5,14,2,6$2.0
95$10,12,16,1,8,4,13,15,3,11,15,3,5,14,2,6$2.0
96$10,12,16,1,8,4,13,15,3,11,15,3,5,14,2,6$2.0
97$10,12,16,1,8,4,13,15,3,11,15,3,5,14,2,6$2.0
98$10,12,16,1,8,4,9,15,3,11,15,3,5,14,2,6$2.0
99$10,7,16,1,8,4,13,15,3,11,15,3,5,14,2,6$2.0
100$10,12,16,1,8,4,13,15,3,11,15,3,5,14,2,6$2.0
101$10,12,16,1,8,4,13,15,3,11,16,3,5,14,2,6$2.0
102$10,12,16,1,8,4,13,15,3,11,16,3,5,14,2,6$2.0
103$10,12,16,1,8,4,13,15,3,11,15,3,5,14,2,6$2.0
104$10,12,16,1,8,4,13,15,3,11,15,3,5,14,2,6$2.0
105$10,12,16,1,8,4,13,15,3,11,15,3,5,14,2,6$2.0
106$10,12,16,1,8,4,9,15,3,11,15,3,5,14,2,6$2.0
107$10,12,16,1,8,4,9,15,3,11,16,3,5,14,2,6$2.0
108$10,12,16,1,8,4,9,15,3,11,16,3,5,14,2,6$2.0
109$10,12,16,1,8,4,9,15,3,11,15,3,5,14,2,6$2.0
110$10,12,16,1,8,4,9,15,3,11,15,3,5,14,2,6$2.0
111$10,12,16,1,8,4,9,15,3,11,15,8,5,14,2,6$2.0
112$10,12,16,1,8,4,9,15,3,11,15,3,5,14,2,6$2.0
113$10,12,16,1,8,4,9,15,3,11,15,3,5,14,2,6$2.0
114$10,12,16,1,8,4,13,15,3,11,16,3,5,14,2,6$2.0
115$10,12,16,1,8,4,9,15,3,11,15,3,5,14,2,6$2.0
116$10,12,16,1,8,4,13,15,3,11,16,3,5,14,2,6$2.0
117$10,12,16,1,8,4,9,15,3,11,15,3,5,14,2,6$2.0
118$10,12,16,1,8,4,9,15,3,11,15,3,5,14,2,6$2.0
119$10,12,16,1,8,4,9,15,3,11,16,3,5,14,2,6$2.0
120$10,12,16,1,8,4,9,15,3,11,15,3,5,14,2,6$2.0
121$10,12,16,1,8,4,9,15,3,11,15,3,5,14,2,6$2.0
122$10,12,16,1,8,4,9,15,3,11,16,3,5,14,2,6$2.0
123$10,12,16,1,8,4,9,15,3,11,15,3,5,14,2,6$2.0
124$10,12,16,1,8,4,9,15,3,11,15,3,5,14,2,6$2.0
125$10,12,16,1,8,4,9,15,3,11,15,3,5,14,2,6$2.0
126$10,12,16,1,8,4,9,15,3,11,16,3,5,14,2,6$2.0
127$10,12,16,1,8,4,9,15,3,11,15,3,5,14,2,6$2.0
128$10,12,16,1,8,4,13,15,3,11,15,3,5,14,2,6$2.0
129$10,12,16,1,8,4,13,15,3,11,15,3,5,14,2,6$2.0
130$10,12,16,1,8,4,13,15,3,11,15,3,5,14,2,6$2.0
131$10,12,16,1,8,4,13,15,3,11,15,3,5,14,2,9$2.0
132$10,12,16,1,8,4,13,15,3,11,15,3,5,14,2,9$2.0
133$10,12,16,1,8,4,13,15,3,11,15,3,5,14,2,6$2.0
134$10,12,16,1,8,4,13,15,3,11,16,3,5,14,2,6$2.0
135$10,12,16,1,8,4,13,15,3,11,16,3,5,14,2,6$2.0
136$10,12,16,1,8,4,9,15,3,11,15,3,5,14,2,6$2.0
137$10,12,16,1,8,4,9,15,3,11,16,3,5,14,2,6$2.0
138$10,12,16,1,8,4,9,15,3,11,16,3,5,14,2,6$2.0
139$10,12,16,1,8,4,9,15,3,11,15,3,5,14,2,6$2.0
140$10,12,16,1,8,4,9,15,3,11,15,3,5,14,2,6$2.0
141$10,12,16,1,8,4,9,15,3,11,16,3,5,14,2,6$2.0
142$10,12,16,1,8,4,9,15,3,11,16,3,5,14,2,6$2.0
143$10,12,16,1,8,4,9,15,3,11,15,8,5,14,2,6$2.0
144$10,12,16,1,8,4,9,15,3,11,15,3,5,14,2,6$2.0
145$10,12,16,1,8,4,9,15,3,11,15,3,5,14,2,6$2.0
146$10,12,16,1,8,4,9,15,3,11,15,3,5,14,2,6$2.0
147$10,12,16,1,8,4,9,15,3,11,15,3,5,14,2,6$2.0
148$10,12,16,1,8,4,9,15,3,11,15,3,5,14,2,6$2.0
149$10,12,16,1,8,4,9,15,3,11,15,8,5,14,2,6$2.0
150$10,12,16,1,8,4,9,15,3,11,15,8,5,14,2,6$2.0
151$10,12,16,1,8,4,9,15,3,11,15,3,5,14,2,6$2.0
152$10,12,16,1,8,4,9,15,3,11,15,3,5,14,2,6$2.0
153$10,12,16,1,8,4,9,16,3,11,15,3,5,14,2,6$2.0
154$10,12,16,1,8,4,9,15,3,11,15,8,5,14,2,6$2.0
155$10,12,16,1,8,4,9,1,3,11,15,3,5,14,2,6$2.0
156$10,12,16,1,8,4,9,15,3,11,15,8,5,14,2,6$2.0
157$10,12,16,1,8,4,9,15,3,11,15,3,5,14,2,6$2.0
158$10,12,16,1,8,4,9,15,3,11,15,3,5,14,2,6$2.0
159$10,12,16,1,8,4,9,15,3,11,15,8,5,14,2,6$2.0
160$10,12,16,1,8,4,9,15,3,11,15,8,5,14,2,6$2.0
161$10,12,16,1,8,4,9,15,3,11,15,3,5,14,2,6$2.0
162$10,12,16,1,8,4,9,1,3,11,15,8,5,14,2,6$2.0
163$10,12,16,1,8,4,9,15,3,11,15,3,5,14,2,6$2.0
164$10,12,16,1,8,4,9,1,3,11,15,8,5,14,2,6$2.0
165$10,12,16,1,8,4,9,15,3,11,15,3,5,14,2,6$2.0
166$10,12,16,1,8,4,9,15,3,11,15,8,5,14,2,6$2.0
167$10,12,16,1,8,4,9,1,3,11,15,3,5,14,2,6$2.0
168$10,13,16,1,8,4,9,15,3,11,15,8,5,14,2,6$2.0
169$10,12,16,1,8,4,9,15,3,11,16,3,5,14,2,6$2.0
170$10,12,16,1,8,4,9,1,3,11,15,3,5,14,2,6$2.0
171$10,12,16,1,8,4,9,15,3,11,15,3,5,14,2,6$2.0
172$10,12,16,1,8,4,9,15,3,11,15,3,5,14,2,6$2.0
173$10,13,16,1,8,4,9,15,3,11,15,8,5,14,2,6$2.0
174$10,12,16,1,8,4,9,15,3,11,15,8,5,14,2,6$2.0
175$10,12,16,1,8,4,9,15,3,11,15,3,5,14,2,6$2.0
176$10,12,16,1,8,4,9,15,3,11,15,3,5,14,2,6$2.0
177$10,12,16,1,8,4,9,15,3,11,15,3,5,14,2,6$2.0
178$10,12,16,1,8,4,9,15,3,11,15,3,5,14,2,6$2.0
179$10,12,16,1,8,4,9,15,3,11,15,3,5,14,2,6$2.0
180$10,12,16,1,8,4,9,1,15,11,15,3,5,14,2,6$2.0
181$10,12,16,1,8,4,9,15,3,11,15,8,5,14,2,6$2.0
182$10,12,16,1,8,4,9,15,3,11,15,3,5,14,2,6$2.0
183$10,12,16,1,8,4,9,15,3,11,15,3,5,14,2,6$2.0
184$10,12,16,1,8,4,9,15,3,11,15,3,5,14,2,6$2.0
185$10,12,16,1,8,4,9,15,3,11,15,3,5,14,2,6$2.0
186$10,12,16,1,8,4,9,15,3,11,15,3,5,14,2,6$2.0
187$10,12,16,1,8,4,9,15,3,11,15,3,5,14,2,6$2.0
188$10,12,16,1,8,4,9,15,3,11,15,3,5,14,2,6$2.0
189$10,12,16,1,8,4,9,15,3,11,15,8,5,14,2,6$2.0
190$10,12,16,1,8,4,9,15,3,11,16,3,5,14,2,6$2.0
191$10,12,16,1,8,4,9,15,3,11,15,3,5,14,2,6$2.0
192$7,12,16,1,8,4,9,15,3,11,15,3,5,10,2,6$2.0
193$10,12,16,1,8,4,9,15,3,11,15,3,5,14,2,6$2.0
194$7,12,16,1,8,4,9,15,3,11,15,3,5,14,2,6$2.0
195$10,12,16,1,8,4,9,15,3,11,15,3,5,14,2,6$2.0
196$10,12,16,1,8,4,9,15,3,11,15,3,5,14,2,6$2.0
197$10,7,16,1,8,4,9,15,3,11,15,3,5,14,2,6$2.0
198$10,12,16,1,8,4,9,15,3,11,15,8,5,14,2,6$2.0
199$10,12,16,1,8,4,9,15,3,11,15,3,5,14,2,6$2.0
200$7,12,16,1,8,4,9,15,3,11,16,8,5,14,2,6$2.0
201$10,12,16,1,8,4,9,15,3,11,15,3,5,14,2,6$2.0
202$10,12,16,1,8,4,9,15,3,11,15,3,5,14,2,6$2.0
203$10,12,16,1,8,4,9,15,3,11,16,3,5,14,2,6$2.0
204$7,12,16,1,8,4,9,15,3,11,16,3,5,14,2,6$2.0
205$7,12,16,1,8,4,9,15,3,11,16,3,5,14,2,6$2.0
206$7,12,16,1,8,4,9,15,3,11,16,3,5,14,2,6$2.0
207$10,12,16,1,8,4,9,15,3,11,16,3,5,14,2,6$2.0
208$10,12,16,1,8,4,9,15,3,11,15,3,5,14,2,6$2.0
209$7,12,16,1,8,4,9,15,3,11,16,3,5,14,2,6$2.0
210$7,12,16,1,8,4,9,15,3,11,16,3,5,14,2,6$2.0
211$10,12,16,1,8,4,9,15,3,11,16,3,5,14,2,6$2.0
212$10,12,16,1,8,4,9,15,3,11,16,3,5,14,2,6$2.0
213$10,12,16,1,8,4,9,15,3,11,15,3,5,13,2,6$2.0
214$10,12,16,1,8,4,9,15,3,11,16,3,5,14,2,6$2.0
215$7,12,16,1,8,4,9,15,3,11,16,3,5,14,2,6$2.0
216$7,12,16,1,8,4,9,15,2,11,16,3,5,14,10,6$1.0
216$7,12,16,1,8,4,9,15,2,11,16,3,5,14,10,6$1.0
217$7,12,16,1,8,4,9,15,3,11,16,3,5,14,2,6$2.0
218$7,12,16,1,8,4,9,15,3,11,16,3,5,14,2,6$2.0
219$7,12,16,1,8,4,9,15,3,11,16,3,5,14,10,6$2.0
220$7,12,16,1,8,4,9,15,3,11,16,3,5,14,2,6$2.0
221$7,12,16,1,8,4,9,15,13,11,16,3,5,14,2,9$2.0
222$7,12,16,1,8,4,9,15,13,11,16,3,5,14,2,9$2.0
223$7,12,16,1,8,4,9,15,3,11,16,3,5,10,2,6$2.0
224$7,12,16,1,8,4,9,15,3,11,16,3,5,14,2,6$2.0
225$7,12,16,1,8,4,9,15,3,11,16,3,5,14,2,6$2.0
226$7,12,16,1,8,4,9,15,3,11,16,3,5,14,2,6$2.0
227$10,12,16,1,8,4,9,15,3,11,16,3,5,14,2,6$2.0
228$7,12,16,1,8,4,9,15,3,11,16,3,5,14,2,6$2.0
229$7,12,16,1,8,4,9,15,3,11,16,3,5,14,2,6$2.0
230$7,12,16,1,8,4,9,15,3,11,16,3,5,14,2,6$2.0
231$7,12,16,1,8,4,9,15,3,11,16,3,5,14,2,6$2.0
232$10,12,16,1,8,4,9,15,3,11,16,3,5,14,2,6$2.0
233$10,12,16,1,8,4,9,15,3,11,16,3,5,14,2,6$2.0
234$7,12,16,1,8,4,9,15,3,11,16,3,5,14,10,6$2.0
235$7,12,16,1,8,4,9,15,3,11,16,3,5,14,2,6$2.0
236$7,12,16,1,8,4,9,15,3,11,16,3,5,14,2,6$2.0
237$7,12,16,1,8,4,9,15,3,11,16,3,5,14,2,6$2.0
238$7,12,16,1,8,4,9,15,3,11,16,3,5,14,2,6$2.0
239$7,12,16,1,8,4,9,15,3,11,15,3,5,14,2,6$2.0
240$7,12,16,1,8,4,9,15,3,11,16,3,5,10,2,6$2.0
241$7,12,16,1,8,4,9,15,3,11,15,3,5,14,2,6$2.0
242$7,12,16,1,8,4,9,15,3,11,16,3,5,14,2,6$2.0
243$7,12,16,1,8,4,9,15,3,11,16,3,5,14,2,6$2.0
244$7,12,16,1,8,4,9,15,3,11,16,3,5,14,2,6$2.0
245$7,12,16,1,8,4,9,15,3,11,16,3,5,14,10,6$2.0
246$7,12,16,1,8,4,9,15,3,11,16,3,5,14,2,6$2.0
247$7,12,16,1,8,4,9,15,2,11,16,3,5,14,10,6$1.0
248$7,12,16,1,8,4,9,15,2,11,16,3,5,14,10,6$1.0
249$7,12,16,1,8,4,9,15,2,11,16,3,5,14,10,6$1.0
250$7,12,16,1,8,4,9,15,2,11,16,3,5,14,10,6$1.0
251$7,12,16,1,8,4,9,15,2,11,16,3,5,14,10,6$1.0
252$7,12,16,1,8,4,9,15,2,11,16,3,5,14,10,6$1.0
253$7,12,16,1,8,4,9,15,2,11,16,3,5,14,10,6$1.0
254$7,12,16,1,8,4,9,15,2,11,16,3,5,14,10,6$1.0
255$7,12,16,1,8,4,9,15,3,11,16,3,5,14,2,6$2.0
256$7,12,16,1,8,4,9,15,2,11,16,3,5,14,10,6$1.0
257$7,12,16,1,8,4,9,15,2,11,16,3,5,14,10,6$1.0
258$7,12,16,1,8,4,9,15,2,11,16,3,5,14,10,6$1.0
259$7,12,16,1,8,4,9,15,2,11,16,3,5,14,10,6$1.0
260$7,12,16,1,8,4,9,15,2,11,16,3,5,14,10,6$1.0
261$7,12,16,1,8,4,9,15,2,11,16,3,5,14,10,6$1.0
262$7,12,16,1,8,4,9,15,2,11,16,3,5,14,10,6$1.0
263$7,12,16,1,8,4,9,15,2,11,16,3,5,14,10,6$1.0
264$7,12,16,13,8,4,9,15,2,11,16,3,5,14,10,6$1.0
265$7,12,16,1,8,4,9,15,2,11,16,3,5,14,10,6$1.0
266$7,12,16,13,8,4,9,15,2,11,16,3,5,14,10,6$1.0
267$7,12,16,13,8,4,9,15,2,11,16,3,5,14,10,6$1.0
268$7,12,16,13,8,4,9,15,2,11,16,3,5,14,10,6$1.0
269$7,12,16,1,8,4,9,15,2,11,15,3,5,14,10,6$1.0
270$7,12,16,13,8,4,9,15,2,11,16,3,5,14,10,6$1.0
271$7,12,16,1,8,4,9,15,2,11,16,3,5,14,10,6$1.0
272$7,12,16,1,8,4,9,15,2,11,16,3,5,14,10,6$1.0
273$7,12,16,1,8,4,9,15,2,11,16,3,5,14,10,6$1.0
274$7,12,16,13,8,4,9,15,2,11,16,3,5,14,10,6$1.0
275$7,12,16,1,8,4,9,15,2,11,16,3,5,14,10,6$1.0
276$7,12,16,1,8,4,9,15,2,11,16,3,5,14,10,6$1.0
277$7,12,16,1,8,4,9,15,2,11,15,3,5,14,10,6$1.0
278$7,12,16,1,8,4,9,15,2,11,15,3,5,14,10,6$1.0
279$7,12,16,1,8,4,9,15,2,11,16,3,5,14,10,6$1.0
280$7,12,16,1,8,4,9,15,2,11,16,3,5,14,10,6$1.0
281$7,12,16,1,8,4,9,15,2,11,16,3,5,14,10,6$1.0
282$7,12,16,1,8,4,9,15,2,11,16,3,5,14,10,6$1.0
283$7,12,16,1,8,4,9,15,2,11,16,3,5,14,10,6$1.0
284$7,12,16,1,8,4,9,15,2,11,16,3,5,14,10,6$1.0
285$7,12,16,1,8,4,9,15,2,11,16,3,5,14,10,6$1.0
286$7,12,14,1,8,4,9,15,2,11,16,3,5,14,10,6$1.0
287$7,12,16,1,8,4,9,15,2,11,15,3,5,14,10,6$1.0
288$7,12,16,1,8,4,9,15,2,11,16,3,5,14,10,6$1.0
289$7,12,14,1,8,4,9,15,2,11,16,3,5,14,10,6$1.0
290$7,12,16,1,8,4,9,15,2,11,16,3,5,14,10,6$1.0
291$7,12,16,13,8,4,9,15,2,11,16,3,5,14,10,6$1.0
292$7,12,16,1,8,4,9,15,2,11,16,3,5,14,10,6$1.0
293$7,12,16,1,8,4,9,15,2,11,16,3,5,14,10,6$1.0
294$7,12,16,1,8,4,9,15,2,11,16,3,5,14,10,6$1.0
295$7,12,16,1,8,4,9,15,2,11,15,3,5,14,10,6$1.0
296$7,12,16,1,8,4,9,15,2,11,16,3,5,14,10,6$1.0
297$7,12,14,1,8,4,9,15,2,11,16,3,5,14,10,6$1.0
298$7,12,16,1,8,4,9,15,2,11,16,3,5,14,10,6$1.0
299$7,12,16,1,8,4,9,15,2,11,16,3,5,14,10,6$1.0
300$7,12,16,1,8,4,9,15,2,11,16,3,5,14,10,6$1.0
301$7,12,16,1,8,4,9,15,2,11,16,3,5,14,10,6$1.0
302$7,12,2,13,1,4,9,15,2,11,16,3,5,14,10,6$1.0
303$7,12,16,1,8,4,9,15,2,11,16,3,5,14,10,6$1.0
304$7,12,16,1,8,4,9,15,2,11,16,3,5,14,10,6$1.0
305$7,12,14,1,8,4,9,15,2,11,16,3,5,14,10,6$1.0
306$7,12,14,1,8,4,9,15,2,11,16,3,5,14,10,6$1.0
307$7,12,2,13,8,4,9,15,2,11,16,3,5,14,10,6$1.0
308$7,12,2,13,8,4,9,15,2,11,16,3,5,14,10,6$1.0
309$7,12,14,1,8,4,9,15,2,11,16,3,5,14,10,6$1.0
310$7,12,16,1,8,4,9,15,2,11,16,3,5,14,10,6$1.0
311$7,12,16,1,8,4,9,15,2,11,16,3,5,14,10,6$1.0
312$7,12,14,1,8,4,9,15,2,11,16,3,5,14,10,6$1.0
313$7,12,14,1,8,4,9,15,2,11,16,3,5,14,10,6$1.0
314$7,12,16,13,8,4,9,15,2,11,16,3,5,14,10,6$1.0
315$7,12,16,1,8,4,9,15,2,11,16,3,5,14,10,6$1.0
316$7,12,16,13,8,4,9,15,2,11,16,3,5,14,10,6$1.0
317$7,12,16,13,8,4,9,15,2,11,16,3,5,14,10,6$1.0
318$7,12,2,13,8,4,9,15,2,11,16,3,5,14,10,6$1.0
319$7,12,16,1,8,4,9,15,2,11,16,3,5,14,10,6$1.0
320$7,12,16,13,1,4,9,15,2,11,16,3,5,14,10,6$1.0
321$7,12,16,1,8,4,9,15,2,11,16,3,5,14,10,6$1.0
322$7,12,6,13,1,4,9,15,2,11,16,3,5,14,10,6$1.0
323$7,12,16,1,8,4,9,15,2,11,16,3,5,14,10,6$1.0
324$7,12,16,1,8,4,9,15,2,11,16,3,5,14,10,6$1.0
325$7,12,16,13,8,4,9,15,2,11,16,3,5,14,10,6$1.0
326$7,12,16,8,1,4,9,15,2,11,16,3,5,14,10,6$1.0
327$7,12,16,8,1,4,9,15,2,11,16,3,5,14,10,6$1.0
328$7,12,16,13,1,4,9,15,2,11,16,3,5,14,10,6$1.0
329$7,12,16,13,1,4,9,15,2,11,16,3,5,14,10,6$1.0
330$7,12,16,13,8,4,9,15,2,11,16,3,5,14,10,6$1.0
331$7,12,16,13,8,4,9,15,2,11,16,3,5,14,10,6$1.0
332$7,12,16,13,8,4,9,16,2,11,15,3,5,14,10,6$1.0
333$7,12,16,13,8,4,9,15,2,11,15,3,5,14,10,6$1.0
334$7,12,16,13,8,4,9,15,2,11,16,3,5,14,10,6$1.0
335$7,12,16,13,8,4,9,15,2,11,16,3,5,14,10,6$1.0
336$7,12,16,13,8,4,9,15,2,11,16,3,5,14,10,6$1.0
337$7,1,16,13,8,4,9,15,2,11,16,3,5,14,10,6$1.0
338$7,12,2,13,8,4,9,15,2,11,16,3,5,14,10,6$1.0
339$7,12,16,13,8,4,9,15,2,11,16,3,5,14,10,6$1.0
340$7,12,16,1,8,4,9,15,2,11,16,3,5,14,10,6$1.0
341$7,12,2,13,8,4,9,15,2,11,16,3,5,14,10,6$1.0
342$7,12,2,13,8,4,9,15,2,11,16,3,5,14,10,6$1.0
343$7,12,16,1,8,4,9,15,2,11,16,3,5,14,10,6$1.0
344$7,12,16,13,8,4,9,15,2,11,16,3,5,14,10,6$1.0
345$7,12,2,13,8,4,9,15,2,11,16,3,5,14,10,6$1.0
346$7,12,16,13,1,4,9,15,2,11,15,3,5,14,10,6$1.0
347$7,12,2,13,8,4,9,15,2,11,16,3,5,14,10,6$1.0
348$7,12,2,13,8,4,9,15,2,11,16,3,5,14,10,6$1.0
349$7,12,2,13,8,4,9,15,2,11,16,3,5,14,10,6$1.0
350$7,12,16,1,8,4,9,15,2,11,16,3,5,14,10,6$1.0
351$7,12,16,1,8,4,9,15,2,11,16,3,5,14,10,6$1.0
352$7,12,16,13,8,4,9,15,2,11,16,3,5,14,10,6$1.0
353$7,12,16,13,8,4,9,15,2,11,16,3,5,14,10,6$1.0
354$7,12,16,13,1,4,9,15,2,11,16,3,5,14,10,6$1.0
355$7,12,16,13,1,4,9,15,2,11,16,3,5,14,10,6$1.0
356$7,12,16,13,8,4,9,15,2,11,16,3,5,14,10,6$1.0
357$7,12,16,1,8,4,9,15,2,11,16,3,5,14,10,6$1.0
358$7,12,16,13,1,4,9,15,2,11,16,3,5,14,10,6$1.0
359$7,12,16,1,8,4,9,15,2,11,16,3,5,14,10,6$1.0
360$7,12,2,13,8,4,9,15,2,11,16,3,5,14,10,6$1.0
361$7,12,16,13,8,4,9,15,2,11,16,3,5,14,10,6$1.0
362$7,12,16,13,8,4,9,15,2,11,16,3,5,14,10,6$1.0
363$7,12,2,13,8,4,9,15,2,11,16,3,5,14,10,6$1.0
364$7,12,2,13,1,4,9,15,2,11,16,3,5,14,10,6$1.0
365$7,12,16,13,8,4,9,15,2,11,16,3,5,14,10,6$1.0
366$7,12,2,13,8,4,9,15,2,11,16,3,5,14,10,6$1.0
367$7,12,2,13,8,4,9,15,2,11,16,3,5,14,10,6$1.0
368$7,12,16,13,8,4,9,15,2,11,16,3,5,14,10,6$1.0
369$7,12,2,13,8,4,9,15,2,11,16,3,5,14,10,6$1.0
370$7,12,16,13,8,4,9,15,2,11,16,3,5,14,10,6$1.0
371$7,12,2,13,8,4,9,15,2,11,16,3,5,14,10,6$1.0
372$7,12,16,13,8,4,9,15,2,11,16,3,5,14,10,6$1.0
373$7,12,16,13,8,4,9,15,2,11,16,3,5,14,10,6$1.0
374$7,12,16,13,8,4,9,15,2,11,16,3,5,14,10,6$1.0
375$7,12,16,13,8,4,9,15,2,11,16,3,5,14,10,6$1.0
376$7,12,2,13,8,4,9,15,2,11,16,3,5,14,10,6$1.0
377$7,12,2,13,8,4,9,15,2,11,16,3,5,14,10,6$1.0
378$7,12,16,13,8,4,9,15,2,11,16,3,5,14,10,6$1.0
379$7,12,2,13,8,4,9,15,2,11,16,3,5,14,10,6$1.0
380$7,12,2,13,8,4,9,15,2,11,16,3,5,14,10,6$1.0
381$7,12,2,13,8,4,9,15,2,11,16,3,5,14,10,6$1.0
382$7,12,16,13,8,4,9,15,2,11,16,3,5,14,10,6$1.0
383$7,12,16,13,8,4,9,15,2,11,16,3,5,14,10,6$1.0
384$7,12,2,13,8,4,9,15,2,11,16,3,5,14,10,6$1.0
385$7,12,2,13,8,4,9,15,2,11,16,3,5,14,10,6$1.0
386$7,12,2,13,8,4,9,15,2,11,16,3,5,14,10,6$1.0
387$7,12,2,13,8,4,9,15,2,11,16,3,5,14,10,6$1.0
388$7,12,2,13,8,4,9,15,2,11,16,3,5,14,10,6$1.0
389$7,12,16,13,8,4,9,15,2,11,16,3,5,14,10,6$1.0
390$7,12,2,13,8,4,9,15,2,11,16,3,5,14,10,6$1.0
391$7,12,2,13,8,4,9,15,2,11,16,3,5,14,10,6$1.0
392$7,12,2,13,8,4,9,15,2,11,16,3,5,14,10,6$1.0
393$7,12,2,13,8,4,9,15,2,11,16,3,5,14,10,6$1.0
394$7,12,2,13,8,4,9,1,3,11,16,3,5,14,10,6$1.0
395$7,12,2,13,8,4,9,15,3,11,16,3,5,14,10,6$1.0
396$7,12,2,13,8,4,9,15,3,11,16,3,5,14,10,6$1.0
397$7,12,2,13,8,4,9,15,2,11,16,3,5,14,10,6$1.0
398$7,1,16,13,8,4,9,15,2,11,16,3,5,14,10,6$1.0
399$7,12,2,13,8,4,9,15,2,11,16,3,5,14,10,6$1.0
400$7,12,2,13,8,4,9,15,2,11,16,3,5,14,10,6$1.0
401$7,12,2,13,8,4,9,15,2,11,16,3,5,14,10,6$1.0
402$7,12,2,13,8,4,9,15,2,11,16,3,5,14,10,6$1.0
403$7,12,2,13,8,4,9,15,2,11,16,3,5,14,10,6$1.0
404$7,12,2,13,8,4,9,15,3,11,16,3,5,14,10,6$1.0
405$7,12,2,13,8,4,9,15,2,11,16,3,5,14,10,6$1.0
406$7,12,2,13,8,4,9,15,2,11,16,3,5,14,10,6$1.0
407$7,12,2,13,8,4,9,15,2,11,16,3,5,14,10,6$1.0
408$7,12,2,13,8,4,9,15,3,11,16,3,5,14,10,6$1.0
409$7,12,2,13,8,4,9,15,2,11,16,3,5,14,10,6$1.0
410$7,12,2,13,8,4,9,15,3,11,16,3,5,14,10,6$1.0
411$7,12,2,13,8,4,9,15,3,11,16,3,5,14,10,6$1.0
412$7,12,2,13,8,4,9,15,2,11,16,3,5,14,10,6$1.0
413$7,12,2,13,8,4,9,15,3,11,16,3,5,14,10,6$1.0
414$7,12,2,13,8,4,9,15,3,11,16,3,5,14,10,6$1.0
415$7,12,2,13,8,4,9,15,3,11,16,3,5,14,10,6$1.0
416$7,12,2,13,8,4,9,15,3,11,16,3,5,14,10,6$1.0
417$7,12,2,13,8,4,9,15,3,11,16,3,5,14,10,6$1.0
418$7,12,2,13,8,4,9,15,3,11,16,3,5,14,10,6$1.0
419$7,12,2,13,8,4,9,15,2,11,16,3,5,14,10,6$1.0
420$7,12,2,13,8,4,9,15,2,11,16,3,5,14,10,6$1.0
421$7,12,2,13,8,4,9,15,2,11,16,3,5,14,10,6$1.0
422$7,12,2,13,8,4,9,15,2,11,16,3,5,14,10,6$1.0
423$7,12,2,13,8,4,9,15,2,11,16,3,5,14,10,6$1.0
424$7,12,2,13,8,4,9,15,3,11,16,3,5,14,10,6$1.0
425$7,12,2,13,8,4,9,15,3,11,16,3,5,14,10,6$1.0
426$7,12,2,13,8,4,9,15,3,11,16,3,5,14,10,6$1.0
427$7,12,2,13,8,4,9,15,3,11,16,3,5,14,10,6$1.0
428$7,12,2,13,8,4,9,15,3,11,16,3,5,14,10,6$1.0
429$7,12,2,13,8,4,9,15,2,11,16,3,5,14,10,6$1.0
430$7,12,2,13,1,4,9,15,2,11,16,3,5,14,10,6$1.0
431$7,12,2,13,8,4,9,15,2,11,16,3,5,14,10,6$1.0
432$7,12,2,13,8,4,9,15,2,11,16,3,5,14,10,6$1.0
433$7,12,2,13,8,4,9,15,2,11,16,3,5,14,10,6$1.0
434$7,12,2,13,8,4,9,15,2,11,16,3,5,14,10,6$1.0
435$7,12,2,13,8,4,9,15,3,11,16,3,5,14,10,6$1.0
436$7,12,2,13,8,4,9,15,3,11,16,3,5,14,10,6$1.0
437$7,12,2,13,8,4,9,15,3,11,16,3,5,14,10,6$1.0
438$7,12,2,13,8,4,9,15,2,11,16,3,5,14,10,6$1.0
439$7,12,16,13,8,4,9,15,2,11,16,3,5,14,10,6$1.0
440$7,12,2,13,8,4,9,15,2,11,16,3,5,14,10,6$1.0
441$7,12,16,13,8,4,9,15,2,11,16,3,5,14,10,6$1.0
442$7,12,2,13,8,4,9,15,2,11,16,3,5,14,10,6$1.0
443$7,12,2,13,8,4,9,15,2,11,16,3,5,14,10,6$1.0
444$7,12,2,13,8,4,9,15,2,11,16,3,5,14,10,6$1.0
445$7,12,2,13,8,4,9,15,2,11,16,3,5,14,10,6$1.0
446$7,12,2,13,8,4,9,15,2,11,16,3,5,14,10,6$1.0
447$7,12,2,13,8,4,9,15,2,11,16,3,5,14,10,6$1.0
448$7,12,16,13,8,4,9,15,2,11,16,3,5,14,10,6$1.0
449$7,12,2,13,8,4,9,15,2,11,16,3,5,14,10,6$1.0
450$7,12,2,13,8,4,9,15,2,11,16,3,5,14,10,6$1.0
451$7,12,2,13,8,4,9,15,2,11,16,3,5,14,10,6$1.0
452$7,12,2,13,8,4,9,15,2,11,16,3,5,14,10,6$1.0
453$7,12,2,13,8,4,9,15,2,11,16,3,5,14,10,6$1.0
454$7,12,2,13,8,4,9,15,2,11,16,3,5,14,10,6$1.0
455$7,12,16,13,8,4,9,15,2,11,16,3,5,14,10,6$1.0
456$7,12,16,13,8,4,9,15,2,11,15,3,5,14,10,6$1.0
457$7,12,2,13,8,4,9,15,2,11,16,3,5,14,10,6$1.0
458$7,12,16,13,8,4,9,15,2,11,16,3,5,14,10,6$1.0
459$7,12,2,13,8,4,9,15,2,11,16,3,5,14,10,6$1.0
460$7,12,2,13,8,4,9,15,2,11,16,3,5,14,10,6$1.0
461$7,12,16,13,8,4,9,15,2,11,16,3,5,14,10,6$1.0
462$7,12,16,13,8,4,9,15,2,11,16,3,5,14,10,6$1.0
463$7,12,2,13,8,4,9,15,2,11,16,3,5,14,10,6$1.0
464$7,12,2,13,8,4,9,15,2,11,16,3,5,14,10,6$1.0
465$7,12,2,13,8,4,9,15,2,11,16,3,5,14,10,6$1.0
466$7,12,2,13,8,4,9,15,2,11,16,3,5,14,10,6$1.0
467$7,12,2,13,8,4,9,15,2,11,16,3,5,14,10,6$1.0
468$7,12,16,13,8,4,9,15,2,11,16,3,5,14,10,6$1.0
469$7,12,2,13,8,4,9,15,2,11,16,3,5,14,10,6$1.0
470$7,12,2,13,8,4,9,15,2,11,16,3,5,14,10,6$1.0
471$7,12,2,13,8,4,9,15,2,11,16,3,5,14,10,6$1.0
472$7,12,16,13,8,4,9,15,2,11,16,3,5,14,10,6$1.0
473$7,12,16,13,8,4,9,15,2,11,16,3,5,14,10,6$1.0
474$7,12,2,13,8,4,9,15,2,11,16,3,5,14,10,6$1.0
475$7,12,2,13,8,4,9,15,2,11,16,3,5,14,10,6$1.0
476$7,12,2,13,8,4,9,15,2,11,16,3,5,14,10,6$1.0
477$7,12,16,13,8,4,9,15,2,11,16,3,5,14,10,6$1.0
478$7,12,2,13,8,4,9,15,2,11,16,3,5,14,10,6$1.0
479$7,12,2,13,8,4,9,15,2,11,16,3,5,14,10,6$1.0
480$7,12,2,13,8,4,9,15,2,11,16,3,5,14,10,6$1.0
481$7,12,2,13,8,4,9,15,2,11,16,3,5,14,10,6$1.0
482$7,12,2,13,8,4,9,15,2,11,16,3,5,14,10,6$1.0
483$7,12,2,13,8,4,9,15,2,11,16,3,5,14,10,6$1.0
484$7,12,2,13,8,4,9,15,2,11,16,3,5,14,10,6$1.0
485$7,12,2,13,8,4,9,15,2,11,16,3,5,14,10,6$1.0
486$7,12,2,13,8,4,9,15,2,11,16,3,5,14,10,6$1.0
487$7,12,2,13,8,4,9,15,2,11,16,3,5,14,10,6$1.0
488$7,12,2,13,8,4,9,15,3,11,16,3,5,14,10,6$1.0
489$7,12,2,13,8,4,9,15,2,11,16,3,5,14,10,6$1.0
490$7,12,2,13,8,4,9,15,3,11,16,3,5,14,10,6$1.0
491$7,12,2,13,8,4,9,15,3,11,16,3,5,14,10,6$1.0
492$7,12,2,13,8,4,9,15,2,11,16,3,5,14,10,6$1.0
493$7,12,2,13,8,4,9,15,2,11,16,3,5,14,10,6$1.0
494$7,12,2,13,8,4,9,15,2,11,16,3,5,14,10,6$1.0
495$7,12,2,13,8,4,9,15,2,11,16,3,5,14,10,6$1.0
496$7,12,2,13,8,4,9,15,3,11,16,3,5,14,10,6$1.0
497$7,12,2,13,8,4,9,15,3,11,16,3,5,14,10,6$1.0
498$7,12,2,13,8,4,9,15,2,11,16,3,5,14,10,6$1.0
499$7,12,2,13,8,4,9,15,3,11,16,3,5,14,10,6$1.0
500$7,12,2,13,8,4,9,15,2,11,16,3,5,14,10,6$1.0
501$7,12,2,13,8,4,9,15,3,11,16,3,5,14,10,6$1.0
502$7,12,2,13,8,4,9,15,2,11,16,3,5,14,10,6$1.0
503$7,12,2,13,8,4,9,15,2,11,16,3,5,14,10,6$1.0
504$7,12,2,13,8,4,9,15,3,11,16,3,5,14,10,6$1.0
505$7,12,2,13,8,4,9,15,3,11,16,3,5,14,10,6$1.0
506$7,12,2,13,1,4,9,15,2,11,16,3,5,14,10,6$1.0
507$7,12,2,13,1,4,9,15,2,11,16,3,5,14,10,6$1.0
508$7,12,2,13,8,4,9,15,3,11,16,3,5,14,10,6$1.0
509$7,12,2,13,8,4,9,15,3,11,16,3,5,14,10,6$1.0
510$7,12,2,13,8,4,9,15,3,11,16,3,5,14,10,6$1.0
511$7,12,2,13,8,4,9,15,3,11,16,3,5,14,10,6$1.0
512$7,12,2,13,8,4,9,15,3,11,16,3,5,14,10,6$1.0
513$7,12,2,13,8,4,9,15,3,11,16,3,5,14,10,6$1.0
514$7,12,2,13,8,4,9,15,3,11,16,3,5,14,10,6$1.0
515$7,12,2,13,8,4,9,15,3,11,16,3,5,14,10,6$1.0
516$7,12,2,13,8,4,9,15,3,11,16,3,5,14,10,6$1.0
517$7,12,2,13,8,4,9,15,3,11,16,3,5,14,10,6$1.0
518$7,12,2,13,8,4,9,15,2,11,16,3,5,14,10,6$1.0
519$7,12,2,13,8,4,9,15,3,11,16,3,5,14,10,6$1.0
520$7,12,2,13,8,4,9,15,3,11,16,3,5,14,10,6$1.0
521$7,12,2,13,8,4,9,15,3,11,16,3,5,14,10,6$1.0
522$7,12,2,13,8,4,9,15,3,11,16,3,5,14,10,6$1.0
523$7,12,2,13,8,4,9,15,3,11,16,3,5,14,10,6$1.0
524$7,12,2,13,8,4,9,15,3,11,16,3,5,14,10,6$1.0
525$7,12,2,13,8,4,9,15,3,11,16,3,5,14,10,6$1.0
526$7,12,2,13,8,4,9,15,3,11,16,3,5,14,10,6$1.0
527$7,12,2,13,8,4,9,15,3,11,16,8,5,14,10,6$1.0
528$7,12,2,13,8,4,9,15,3,11,16,3,5,14,10,6$1.0
529$7,12,2,13,8,4,9,15,3,11,16,3,5,14,10,6$1.0
530$7,12,2,13,8,4,9,15,3,11,16,3,5,14,10,6$1.0
531$7,12,2,13,8,4,9,15,3,11,16,8,5,14,10,6$1.0
532$7,12,2,13,8,4,9,15,3,11,16,3,5,14,10,6$1.0
533$7,12,2,13,8,4,9,15,3,11,16,3,5,14,10,6$1.0
534$7,12,2,13,8,4,9,15,3,11,16,3,5,14,10,6$1.0
535$7,12,2,13,8,4,9,15,3,11,16,3,5,14,10,6$1.0
536$7,12,2,13,8,4,9,15,3,11,16,3,5,14,10,6$1.0
537$7,12,2,13,1,4,9,15,3,11,16,3,5,14,10,6$1.0
538$7,12,2,13,8,4,9,15,3,11,16,3,5,14,10,6$1.0
539$7,12,2,13,8,4,9,15,3,11,16,3,5,14,10,6$1.0
540$7,12,2,13,1,4,9,15,3,11,16,3,5,14,10,6$1.0
541$7,12,2,13,8,4,9,15,3,11,16,3,5,14,10,6$1.0
542$7,12,2,13,8,4,9,15,3,11,16,3,5,14,10,6$1.0
543$7,12,2,13,1,4,9,15,3,11,16,3,5,14,10,6$1.0
544$7,12,2,13,1,4,9,15,3,11,16,3,5,14,10,6$1.0
545$7,12,2,13,1,4,9,15,3,11,16,3,5,14,10,6$1.0
546$7,12,2,13,8,4,9,15,3,11,16,3,5,14,10,6$1.0
547$7,12,2,13,1,4,9,15,3,11,16,3,5,14,10,6$1.0
548$7,12,2,13,1,4,9,15,3,11,16,3,5,14,10,6$1.0
549$7,12,2,13,1,4,9,15,3,11,16,3,5,14,10,6$1.0
550$7,12,2,13,1,4,9,15,3,11,16,3,5,14,10,6$1.0
551$7,12,2,13,1,4,9,15,3,11,16,3,5,14,10,6$1.0
552$7,12,2,13,8,4,9,15,3,11,16,3,5,14,10,6$1.0
553$7,12,2,13,8,4,9,15,3,11,16,3,5,14,10,6$1.0
554$7,12,2,13,8,4,9,15,2,11,16,3,5,14,10,6$1.0
555$7,12,2,13,8,4,9,15,2,11,16,3,5,14,10,6$1.0
556$7,12,2,13,1,4,9,15,3,11,16,3,5,14,10,6$1.0
557$7,12,2,13,1,4,9,15,3,11,16,3,5,14,10,6$1.0
558$7,12,2,13,8,4,9,15,2,11,16,3,5,14,10,6$1.0
559$7,12,2,13,1,4,9,15,3,11,16,3,5,14,10,6$1.0
560$7,12,2,13,8,4,9,15,2,11,16,3,5,14,10,6$1.0
561$7,12,2,13,1,4,9,15,3,11,16,3,5,14,10,6$1.0
562$7,12,2,13,8,4,9,15,3,11,16,3,5,14,10,6$1.0
563$7,12,2,13,8,4,9,1,3,11,16,3,5,14,10,6$1.0
564$7,12,16,13,8,4,9,15,2,11,16,3,5,14,10,6$1.0
565$7,12,2,13,8,4,9,15,3,11,16,3,5,14,10,6$1.0
566$7,12,2,13,8,4,9,15,3,11,16,3,5,14,10,6$1.0
567$7,12,2,13,8,4,9,15,2,11,16,3,5,14,10,6$1.0
568$7,12,2,13,1,4,9,15,3,11,16,3,5,14,10,6$1.0
569$7,12,2,13,8,4,9,15,3,11,16,3,5,14,10,6$1.0
570$7,12,2,13,1,4,9,15,2,11,16,3,5,14,10,6$1.0
571$7,12,2,13,8,4,9,15,2,11,16,3,5,14,10,6$1.0
572$7,12,2,13,8,4,9,15,2,11,16,3,5,14,10,6$1.0
573$7,12,2,13,1,4,9,15,2,11,16,3,5,14,10,6$1.0
574$7,12,2,13,8,4,9,15,2,11,16,3,5,14,10,6$1.0
575$7,12,2,13,1,4,9,15,2,11,16,3,5,14,10,6$1.0
576$7,12,2,13,8,4,9,15,3,11,16,3,5,14,10,6$1.0
577$7,12,2,13,1,4,9,15,2,11,16,3,5,14,10,6$1.0
578$7,12,2,13,1,4,9,15,2,11,16,3,5,14,10,6$1.0
579$7,12,2,13,1,4,9,15,2,11,16,3,5,14,10,6$1.0
580$7,12,2,13,8,4,9,15,2,11,16,3,5,14,10,6$1.0
581$7,12,2,13,8,4,9,15,2,11,16,3,5,14,10,6$1.0
582$7,12,2,13,8,4,9,15,2,11,16,3,5,14,10,6$1.0
583$7,12,2,13,8,4,9,15,2,11,16,3,5,14,10,6$1.0
584$7,12,2,13,8,4,9,15,2,11,16,3,5,14,10,6$1.0
585$7,12,2,13,1,4,9,15,2,11,16,3,5,14,10,6$1.0
586$7,12,2,13,1,4,9,15,2,11,16,3,5,14,10,6$1.0
587$7,12,2,13,8,4,9,15,2,11,16,3,5,14,10,6$1.0
588$7,12,2,13,8,4,9,15,2,11,16,3,5,14,10,6$1.0
589$7,12,2,13,1,4,9,15,3,11,16,3,5,14,10,6$1.0
590$7,12,2,13,8,4,9,15,2,11,16,3,5,14,10,6$1.0
591$7,12,2,13,8,4,9,15,2,11,16,3,5,14,10,6$1.0
592$7,12,2,13,8,4,9,15,2,11,16,3,5,14,10,6$1.0
593$7,12,2,13,8,4,9,15,2,11,16,3,5,14,10,6$1.0
594$7,12,2,13,8,4,9,15,3,11,16,3,5,14,10,6$1.0
595$7,12,2,13,8,4,9,15,3,11,16,3,5,14,10,6$1.0
596$7,12,2,13,8,4,9,15,2,11,16,3,5,14,10,6$1.0
597$7,12,2,13,8,4,9,15,2,11,16,3,5,14,10,6$1.0
598$7,12,2,13,8,4,9,15,2,11,16,3,5,14,10,6$1.0
599$7,12,2,13,8,4,9,15,2,11,16,3,5,14,10,6$1.0
600$7,12,2,13,8,4,9,15,2,11,16,3,5,14,10,6$1.0
601$7,12,2,13,8,4,9,15,2,11,16,3,5,14,10,6$1.0
602$7,12,2,13,8,4,9,15,2,11,16,3,5,14,10,6$1.0
603$7,12,2,13,8,4,9,15,2,11,16,3,5,14,10,6$1.0
604$7,12,2,13,8,4,9,15,2,11,16,3,5,14,10,6$1.0
605$7,12,2,13,8,4,9,15,2,11,16,3,5,14,10,6$1.0
606$7,12,2,13,8,4,9,15,2,11,16,3,5,14,10,6$1.0
607$7,12,2,13,8,4,9,15,2,11,16,3,5,14,10,6$1.0
608$7,12,2,13,8,4,9,1,3,11,16,3,5,14,10,6$1.0
609$7,12,2,13,8,4,9,15,2,11,16,3,5,14,10,6$1.0
610$7,12,2,13,8,4,9,15,2,11,16,3,5,14,10,6$1.0
611$7,12,2,13,8,4,9,15,2,11,16,3,5,14,10,6$1.0
612$7,12,2,13,8,4,9,15,2,11,16,3,5,14,10,6$1.0
613$7,12,2,13,8,4,9,15,2,11,16,3,5,14,10,6$1.0
614$7,12,2,13,8,4,9,15,2,11,16,3,5,14,10,6$1.0
615$7,12,2,13,8,4,9,1,3,11,16,3,5,14,10,6$1.0
616$7,12,2,13,8,4,9,1,3,11,16,3,5,14,10,6$1.0
617$7,12,2,13,8,4,9,1,3,11,15,3,5,14,10,6$1.0
618$7,12,2,13,8,4,9,15,2,11,16,3,5,14,10,6$1.0
619$7,12,2,13,8,4,9,15,2,11,16,3,5,14,10,6$1.0
620$7,12,2,13,8,4,9,15,2,11,16,3,5,14,10,6$1.0
621$7,12,2,13,8,4,9,1,3,11,16,3,5,14,10,6$1.0
622$7,12,2,13,8,4,9,15,2,11,16,3,5,14,10,6$1.0
623$7,12,2,13,8,4,9,15,2,11,16,3,5,14,10,6$1.0
624$7,12,2,13,8,4,9,1,3,11,16,3,5,14,10,6$1.0
625$7,12,2,13,8,4,9,15,2,11,16,3,5,14,10,6$1.0
626$7,12,2,13,8,4,9,15,2,11,16,3,5,14,10,6$1.0
627$7,12,2,13,8,4,9,15,2,11,16,3,5,14,10,6$1.0
628$7,12,2,13,8,4,9,15,2,11,16,3,5,14,10,6$1.0
629$7,12,2,13,8,4,9,15,2,11,16,3,5,14,10,6$1.0
630$7,12,2,13,8,4,9,15,2,11,16,3,5,14,10,6$1.0
631$7,12,2,13,8,4,9,15,2,11,16,3,5,14,10,6$1.0
632$7,12,2,13,8,4,9,15,2,11,16,3,5,14,10,6$1.0
633$7,12,2,13,8,4,9,15,2,11,16,3,5,14,10,6$1.0
634$7,12,2,13,8,4,9,15,3,11,16,3,5,14,10,6$1.0
635$7,12,2,13,8,4,9,15,2,11,16,3,5,14,10,6$1.0
636$7,12,2,13,8,4,9,15,2,11,16,3,5,14,10,6$1.0
637$7,12,2,13,8,4,9,15,3,11,16,3,5,14,10,6$1.0
638$7,12,2,13,8,4,9,15,2,11,16,3,5,14,10,6$1.0
639$7,12,2,13,8,4,9,15,2,11,16,3,5,14,10,6$1.0
640$7,12,2,13,8,4,9,15,2,11,16,3,5,14,10,6$1.0
641$7,12,2,13,8,4,9,15,3,11,16,3,5,14,10,6$1.0
642$7,12,2,13,8,4,9,15,2,11,16,3,5,14,10,6$1.0
643$7,12,2,13,8,4,9,15,2,11,16,3,5,14,10,6$1.0
644$7,12,2,13,8,4,9,15,2,11,16,3,5,14,10,6$1.0
645$7,12,2,13,8,4,9,15,2,11,16,3,5,14,10,6$1.0
646$7,12,2,13,8,4,9,15,2,11,16,3,5,14,10,6$1.0
647$7,12,2,13,8,4,9,15,2,11,16,3,5,14,10,6$1.0
648$7,12,2,13,8,4,9,15,3,11,16,3,5,14,10,6$1.0
649$7,12,2,13,8,4,9,15,2,11,16,3,5,14,10,6$1.0
650$7,12,2,13,1,4,9,15,2,11,16,3,5,14,10,6$1.0
651$7,12,2,13,8,4,9,15,2,11,16,3,5,14,10,6$1.0
652$7,12,2,13,1,4,9,15,2,11,16,3,5,14,10,6$1.0
653$7,12,2,13,8,4,9,15,2,11,16,3,5,14,10,6$1.0
654$7,12,2,13,1,4,9,15,2,11,16,3,5,14,10,6$1.0
655$7,12,2,13,8,4,9,15,2,11,16,3,5,14,10,6$1.0
656$7,12,2,13,8,4,9,15,2,11,16,3,5,14,10,6$1.0
657$7,12,2,13,8,4,9,15,2,11,16,3,5,14,10,6$1.0
658$7,12,2,13,1,4,9,15,2,11,16,3,5,14,10,6$1.0
659$7,12,2,13,8,4,9,15,2,11,16,3,5,14,10,6$1.0
660$7,12,2,13,8,4,9,15,2,11,16,3,5,14,10,6$1.0
661$7,12,2,13,8,4,9,15,2,11,16,3,5,14,10,6$1.0
662$7,12,2,13,1,4,9,15,2,11,16,3,5,14,10,6$1.0
663$7,12,2,13,8,4,9,15,2,11,16,3,5,14,10,6$1.0
664$7,12,2,13,8,4,9,15,2,11,16,3,5,14,10,6$1.0
665$7,12,16,13,8,4,9,15,2,11,16,3,5,14,10,6$1.0
666$7,12,2,13,1,4,9,15,2,11,16,3,5,14,10,6$1.0
667$7,12,2,13,8,4,9,15,2,11,16,3,5,14,10,6$1.0
668$7,12,2,13,8,4,9,15,2,11,16,3,5,14,10,6$1.0
669$7,12,2,13,8,4,9,15,2,11,16,3,5,14,10,6$1.0
670$7,12,2,13,8,4,9,15,2,11,16,3,5,14,10,6$1.0
671$7,12,2,13,8,4,9,15,2,11,16,3,5,14,10,6$1.0
672$7,12,2,13,8,4,9,15,2,11,16,3,5,14,10,6$1.0
673$7,12,2,13,8,4,9,15,2,11,16,3,5,14,10,6$1.0
674$7,12,2,13,8,4,9,15,2,11,16,3,5,14,10,6$1.0
675$7,12,2,13,8,4,9,15,2,11,16,3,5,14,10,6$1.0
676$7,12,2,13,8,4,9,15,2,11,16,3,5,14,10,6$1.0
677$7,12,2,13,8,4,9,15,2,11,16,3,5,14,10,6$1.0
678$7,12,2,13,8,4,9,15,2,11,16,3,5,14,10,6$1.0
679$7,12,2,13,8,4,9,15,2,11,16,3,5,14,10,6$1.0
680$7,12,2,13,8,4,9,15,3,11,16,3,5,14,10,6$1.0
681$7,12,2,13,8,4,9,15,2,11,16,3,5,14,10,6$1.0
682$7,12,2,13,8,4,9,15,2,11,16,3,5,14,10,6$1.0
683$7,12,2,13,8,4,9,15,2,11,16,3,5,14,10,6$1.0
684$7,12,16,13,8,4,9,15,2,11,16,3,5,14,10,6$1.0
685$7,12,2,13,8,4,9,15,2,11,16,3,5,14,10,6$1.0
686$7,12,2,13,8,4,9,15,2,11,16,3,5,14,10,6$1.0
687$7,12,2,13,8,4,9,15,2,11,16,3,5,14,10,6$1.0
688$7,12,2,13,8,4,9,15,2,11,16,3,5,14,10,6$1.0
689$7,1,16,13,8,4,9,15,2,11,16,3,5,14,10,6$1.0
690$7,12,2,13,8,4,9,15,2,11,16,3,5,14,10,6$1.0
691$7,12,2,13,8,4,9,15,2,11,16,3,5,14,10,6$1.0
692$7,12,2,13,8,4,9,15,2,11,16,3,5,14,10,6$1.0
693$7,12,2,13,8,4,9,15,2,11,16,3,5,14,10,6$1.0
694$7,12,2,13,8,4,9,15,2,11,16,3,5,14,10,6$1.0
695$7,12,2,13,8,4,9,15,2,11,16,3,5,14,10,6$1.0
696$7,12,16,13,8,4,9,15,2,11,16,3,5,14,10,6$1.0
697$7,12,2,13,8,4,9,15,2,11,16,3,5,14,10,6$1.0
698$7,12,2,13,8,4,9,15,2,11,16,3,5,14,10,6$1.0
699$7,12,2,13,8,4,9,15,2,11,16,3,5,14,10,6$1.0
700$7,12,2,13,8,4,9,15,2,11,16,3,5,14,10,6$1.0
701$7,12,2,13,8,4,9,15,2,11,16,3,5,14,10,6$1.0
702$7,12,2,13,8,4,9,15,3,11,16,3,5,14,10,6$1.0
703$7,12,2,13,8,4,9,15,2,11,16,3,5,14,10,6$1.0
704$7,12,2,13,8,4,9,15,2,11,16,3,5,14,10,6$1.0
705$7,12,2,13,8,4,9,15,2,11,16,3,5,14,10,6$1.0
706$7,12,2,13,8,4,9,15,2,11,16,3,5,14,10,6$1.0
707$7,12,2,13,8,4,9,15,2,11,16,3,5,14,10,6$1.0
708$7,12,2,13,8,4,9,15,2,11,16,3,5,14,10,6$1.0
709$7,12,2,13,8,4,9,15,2,11,16,3,5,14,10,6$1.0
710$7,12,2,13,8,4,9,15,2,11,16,3,5,14,10,6$1.0
711$7,12,2,13,8,4,9,15,2,11,16,3,5,14,10,6$1.0
712$7,12,2,13,8,4,9,15,2,11,16,3,5,14,10,6$1.0
713$7,12,2,13,8,4,9,15,2,11,16,3,5,14,10,6$1.0
714$7,12,2,13,8,4,9,1,3,11,16,3,5,14,10,6$1.0
715$7,12,2,13,8,4,9,15,2,11,16,3,5,14,10,6$1.0
716$7,12,2,13,8,4,9,15,3,11,16,3,5,14,10,6$1.0
717$7,12,2,13,8,4,9,15,2,11,16,3,5,14,10,6$1.0
718$7,12,2,13,8,4,9,15,3,11,16,3,5,14,10,6$1.0
719$7,12,2,13,8,4,9,15,2,11,16,3,5,14,10,6$1.0
720$7,12,2,13,8,4,9,15,2,11,16,3,5,14,10,6$1.0
721$7,12,2,13,8,4,9,15,2,11,16,3,5,14,10,6$1.0
722$7,12,2,13,8,4,9,15,2,11,16,3,5,14,10,6$1.0
723$7,12,2,13,8,4,9,15,2,11,16,3,5,14,10,6$1.0
724$7,12,2,13,8,4,9,15,3,11,16,3,5,14,10,6$1.0
725$7,12,2,13,8,4,9,15,3,11,16,3,5,14,10,6$1.0
726$7,12,2,13,8,4,9,15,3,11,16,3,5,14,10,6$1.0
727$7,12,2,13,1,4,9,15,3,11,16,3,5,14,10,6$1.0
728$7,12,2,13,8,4,9,15,3,11,16,3,5,14,10,6$1.0
729$7,12,2,13,8,4,9,15,2,11,16,3,5,14,10,6$1.0
730$7,12,2,13,8,4,9,15,3,11,16,3,5,14,10,6$1.0
731$7,12,2,13,8,4,9,15,3,11,16,3,5,14,10,6$1.0
732$7,12,2,13,8,4,9,15,2,11,16,3,5,14,10,6$1.0
733$7,12,2,13,8,4,9,15,3,11,16,3,5,14,10,6$1.0
734$7,12,2,13,8,4,9,15,3,11,16,3,5,14,10,6$1.0
735$7,12,2,13,8,4,9,15,3,11,16,3,5,14,10,6$1.0
736$7,12,2,13,8,4,9,15,3,11,16,3,5,14,10,6$1.0
737$7,12,2,13,8,4,9,15,3,11,16,3,5,14,10,6$1.0
738$7,12,2,13,8,4,9,15,3,11,16,3,5,14,10,6$1.0
739$7,12,2,13,8,4,9,15,3,11,16,3,5,14,10,6$1.0
740$7,12,2,13,8,4,9,15,2,11,16,3,5,14,10,6$1.0
741$7,12,2,13,8,4,9,15,3,11,16,3,5,14,10,6$1.0
742$7,12,2,13,8,4,9,1,3,11,16,3,5,14,10,6$1.0
743$7,12,2,13,8,4,9,15,3,11,16,3,5,14,10,6$1.0
744$7,12,2,13,8,4,9,1,3,11,16,3,5,14,10,6$1.0
745$7,12,2,13,8,4,9,15,3,11,16,3,5,14,10,6$1.0
746$7,12,2,13,1,4,9,15,3,11,16,3,5,14,10,6$1.0
747$7,12,2,13,2,4,9,15,3,11,16,1,5,14,10,6$1.0
748$7,12,2,13,8,4,9,15,3,11,16,3,5,14,10,6$1.0
749$7,12,2,13,8,4,9,1,3,11,16,3,5,14,10,6$1.0
750$7,12,2,13,8,4,9,1,3,11,16,3,5,14,10,6$1.0
751$7,12,2,13,8,4,9,1,3,11,16,3,5,14,10,6$1.0
752$7,12,2,13,8,4,9,1,3,11,16,3,5,14,10,6$1.0
753$7,12,2,13,8,4,9,1,3,11,16,3,5,14,10,6$1.0
754$7,12,2,13,8,4,9,1,3,11,16,3,5,14,10,6$1.0
755$7,12,2,13,8,4,9,1,3,11,16,3,5,14,10,6$1.0
756$7,12,2,13,8,4,9,15,3,11,16,3,5,14,10,6$1.0
757$7,12,2,13,8,4,9,1,3,11,16,3,5,14,10,6$1.0
758$7,12,2,13,8,4,9,15,3,11,16,3,5,14,10,6$1.0
759$7,12,2,13,8,4,9,15,3,11,16,3,5,14,10,6$1.0
760$7,12,2,13,8,4,9,1,3,11,16,3,5,14,10,6$1.0
761$7,12,2,13,8,4,9,1,3,11,16,3,5,14,10,6$1.0
762$7,12,2,13,8,4,9,15,3,11,16,3,5,14,10,6$1.0
763$7,12,2,13,8,4,9,15,3,11,16,3,5,14,10,6$1.0
764$7,12,2,13,8,4,9,1,3,11,16,3,5,14,10,6$1.0
765$7,12,2,13,8,4,9,1,3,11,16,3,5,14,10,6$1.0
766$7,12,2,13,8,4,9,1,3,11,16,3,5,14,10,6$1.0
767$7,12,2,13,8,4,9,1,3,11,16,3,5,14,10,6$1.0
768$7,12,2,13,8,4,9,15,3,11,16,3,5,14,10,6$1.0
769$7,12,2,13,8,4,9,1,3,11,16,3,5,14,10,6$1.0
770$7,12,2,13,8,4,9,15,3,11,16,3,5,14,10,6$1.0
771$7,12,2,13,8,4,9,15,3,11,16,3,5,14,10,6$1.0
772$7,12,2,13,8,4,9,15,3,11,16,3,5,14,10,6$1.0
773$7,12,2,13,8,4,9,15,3,11,16,3,5,14,10,6$1.0
774$7,12,2,13,8,4,9,1,3,11,16,3,5,14,10,6$1.0
775$7,12,2,13,8,4,9,1,3,11,16,3,5,14,10,6$1.0
776$7,12,2,13,8,4,9,1,3,11,16,3,5,14,10,6$1.0
777$7,12,2,13,8,4,9,1,3,11,16,3,5,14,10,6$1.0
778$7,12,2,13,8,4,9,1,3,11,16,3,5,14,10,6$1.0
779$7,12,2,13,8,4,9,1,3,11,16,3,5,14,10,6$1.0
780$7,12,2,13,8,4,9,1,3,11,16,3,5,14,10,6$1.0
781$7,12,2,13,8,4,9,1,3,11,16,3,5,14,10,6$1.0
782$7,12,2,13,8,4,9,1,3,11,16,3,5,14,10,6$1.0
783$7,12,2,13,8,4,9,1,3,11,16,3,5,14,10,6$1.0
784$7,12,2,13,8,4,9,1,3,11,16,3,5,14,10,6$1.0
785$7,12,2,13,8,4,9,1,3,11,16,3,5,14,10,6$1.0
786$7,12,2,13,8,4,9,1,3,11,16,3,5,14,10,6$1.0
787$7,12,2,13,8,4,9,1,3,11,16,3,5,14,10,6$1.0
788$7,12,2,13,8,4,9,1,3,11,16,3,5,14,10,6$1.0
789$7,12,2,13,8,4,9,1,3,11,16,3,5,14,10,6$1.0
790$7,12,2,13,8,4,9,1,3,11,16,3,5,14,10,6$1.0
791$7,12,2,13,8,4,9,1,3,11,16,3,5,14,10,6$1.0
792$7,12,2,13,8,4,9,1,3,11,16,3,5,14,10,6$1.0
793$7,12,2,13,8,4,9,1,3,11,16,3,5,14,10,6$1.0
794$7,12,2,13,8,4,9,1,3,11,16,3,5,14,10,6$1.0
795$7,12,2,13,8,4,9,1,3,11,16,3,5,14,10,6$1.0
796$7,12,2,13,8,4,9,1,3,11,16,3,5,14,10,6$1.0
797$7,12,2,13,8,4,9,1,3,11,16,8,5,14,10,6$1.0
798$7,12,2,13,8,4,9,1,3,11,16,8,5,14,10,6$1.0
799$7,12,2,13,8,4,9,1,3,11,16,8,5,14,10,6$1.0
800$7,12,2,13,8,4,9,1,3,11,16,3,5,14,10,6$1.0
801$7,12,2,13,8,4,9,1,3,11,16,3,5,14,10,6$1.0
802$7,12,2,13,8,4,9,1,3,11,16,3,5,14,10,6$1.0
803$7,12,2,13,8,4,9,1,3,11,16,3,5,14,10,6$1.0
804$7,12,2,13,8,4,9,1,3,11,16,3,5,14,10,6$1.0
805$7,12,2,13,8,4,9,1,3,11,15,3,5,14,10,6$1.0
806$7,12,2,13,8,4,9,1,3,11,16,8,5,14,10,6$1.0
807$7,12,2,13,8,4,9,1,3,11,16,8,5,14,10,6$1.0
808$7,12,2,13,8,4,9,1,3,11,16,3,5,14,10,6$1.0
809$7,12,2,13,8,4,9,1,3,11,15,3,5,14,10,6$1.0
810$7,12,2,13,8,4,9,1,3,11,16,3,5,14,10,6$1.0
811$7,12,2,13,8,4,9,1,3,11,16,8,5,14,10,6$1.0
812$7,12,2,13,8,4,9,1,3,11,16,8,5,14,10,6$1.0
813$7,12,2,13,8,4,9,1,3,11,16,3,5,14,10,6$1.0
814$7,12,2,13,8,4,9,1,3,11,16,3,5,14,10,6$1.0
815$7,12,16,13,8,4,9,1,3,11,15,8,5,14,10,6$1.0
816$7,12,2,13,8,4,9,1,3,11,16,8,5,14,10,6$1.0
817$7,12,2,13,8,4,9,1,3,11,16,3,5,14,10,6$1.0
818$7,12,2,13,8,4,9,1,3,11,16,3,5,14,10,6$1.0
819$7,12,2,13,8,4,9,1,3,11,16,3,5,14,10,6$1.0
820$7,12,2,13,8,4,9,1,3,11,16,8,5,14,10,6$1.0
821$7,12,2,13,8,4,9,1,3,11,16,3,5,14,10,6$1.0
822$7,12,2,13,8,4,9,1,3,11,16,8,5,14,10,6$1.0
823$7,12,2,13,8,4,9,1,3,11,16,3,5,14,10,6$1.0
824$7,12,2,13,8,4,9,1,3,11,16,8,5,14,10,6$1.0
825$7,12,2,13,8,4,9,1,3,11,16,8,5,14,10,6$1.0
826$7,12,2,13,8,4,9,1,3,11,16,8,5,14,10,6$1.0
827$7,12,2,13,8,4,9,1,3,11,16,8,5,14,10,6$1.0
828$7,12,2,13,8,4,9,15,3,11,16,8,5,14,10,6$1.0
829$7,12,2,13,8,4,9,1,3,11,16,8,5,14,10,6$1.0
830$7,12,2,13,8,4,9,1,3,11,16,8,5,14,10,6$1.0
831$7,12,2,13,8,4,9,1,3,11,16,3,5,14,10,6$1.0
832$7,12,2,15,8,4,9,1,3,11,16,8,5,14,10,6$1.0
833$7,12,2,15,8,4,9,1,3,11,16,3,5,14,10,6$1.0
834$7,12,2,13,8,4,9,1,3,11,16,3,5,14,10,6$1.0
835$7,12,2,15,8,4,9,1,3,11,16,8,5,14,10,6$1.0
836$7,12,2,13,8,4,9,1,3,11,16,3,5,14,10,6$1.0
837$7,12,2,13,8,4,9,1,3,11,16,3,5,14,10,6$1.0
838$7,12,2,15,8,4,9,1,3,11,16,8,5,14,10,6$1.0
839$7,12,2,15,8,4,9,1,3,11,16,3,5,14,10,6$1.0
840$7,12,2,15,8,4,9,1,3,11,16,8,5,14,10,6$1.0
841$7,12,2,15,8,4,9,1,3,11,16,8,5,14,10,6$1.0
842$7,12,2,15,12,4,9,1,3,11,16,8,5,14,10,6$1.0
843$7,12,2,15,8,4,9,1,3,11,16,8,5,14,10,6$1.0
844$7,12,2,15,8,4,9,1,3,11,16,8,5,14,10,6$1.0
845$7,12,2,15,8,4,9,1,3,11,16,8,5,14,10,6$1.0
846$7,12,2,15,8,4,9,1,3,11,16,8,5,14,10,6$1.0
847$7,12,2,15,8,4,9,1,3,11,16,8,5,14,10,13$1.0
848$7,12,2,15,8,4,9,1,3,11,16,8,5,14,10,13$1.0
849$7,12,2,15,12,4,9,1,3,11,16,8,5,14,10,6$1.0
850$7,12,2,13,8,4,9,1,3,11,16,8,5,14,10,6$1.0
851$7,12,2,15,12,4,9,1,3,11,16,8,5,14,10,6$1.0
852$7,12,2,13,8,4,9,1,3,11,15,8,5,14,10,6$1.0
853$7,12,2,15,12,4,9,1,3,11,16,8,5,14,10,6$1.0
854$7,12,2,15,8,4,9,1,3,11,16,8,5,14,10,13$1.0
855$7,12,2,15,8,4,9,1,3,11,16,8,5,14,10,6$1.0
856$7,12,2,15,8,4,9,1,3,11,16,8,5,14,10,6$1.0
857$7,12,2,15,8,4,9,1,3,11,16,8,5,14,10,6$1.0
858$7,12,2,15,8,4,9,1,3,11,16,8,5,14,10,6$1.0
859$7,12,2,15,8,4,9,1,3,11,16,8,5,14,10,6$1.0
860$7,12,2,15,8,4,9,1,3,11,16,8,5,14,10,13$1.0
861$7,12,2,15,8,4,9,1,3,11,16,8,5,14,10,6$1.0
862$7,12,2,15,8,4,9,1,3,11,16,8,5,14,10,6$1.0
863$7,12,2,15,8,4,9,1,3,11,16,8,5,14,10,6$1.0
864$7,12,2,15,8,4,9,1,3,11,16,8,5,14,10,6$1.0
865$7,12,2,15,12,4,9,1,3,11,16,8,5,14,10,6$1.0
866$7,12,2,15,8,4,9,1,3,11,16,8,5,14,10,6$1.0
867$7,12,2,15,8,4,9,1,3,11,16,8,5,14,10,6$1.0
868$7,12,2,15,8,4,9,1,3,11,16,8,5,14,10,6$1.0
869$7,12,2,15,8,4,9,1,3,11,16,8,5,14,10,13$1.0
870$7,12,2,15,8,4,9,1,3,11,16,8,5,14,10,13$1.0
871$7,12,2,15,12,4,9,1,3,11,16,8,5,14,10,13$1.0
872$7,12,2,15,8,4,9,1,3,11,16,8,5,14,10,6$1.0
873$7,12,2,15,8,4,9,1,3,11,16,8,5,14,10,13$1.0
874$7,12,2,13,8,4,9,1,3,11,16,8,5,14,10,6$1.0
875$7,12,2,15,8,4,9,1,3,11,16,8,5,14,10,6$1.0
876$7,11,2,15,12,4,9,1,3,14,16,8,5,14,10,13$1.0
877$7,12,2,15,12,4,9,1,3,11,16,8,5,14,10,13$1.0
878$7,11,2,15,12,4,9,1,3,11,16,8,5,14,10,6$1.0
879$7,12,2,15,12,4,9,1,3,11,16,8,5,14,10,6$1.0
880$7,12,2,15,8,4,9,1,3,11,16,8,5,14,10,6$1.0
881$7,12,2,15,2,4,9,1,3,11,16,8,5,14,10,6$1.0
882$7,12,2,15,8,4,9,1,3,11,16,8,5,14,10,6$1.0
883$7,12,2,15,8,4,9,1,3,11,16,8,5,14,10,6$1.0
884$7,12,2,15,8,4,9,1,3,11,16,8,5,14,10,6$1.0
885$7,12,2,15,8,4,9,1,3,11,16,8,5,14,10,6$1.0
886$7,12,2,15,12,4,9,1,3,11,16,8,5,14,10,6$1.0
887$7,12,2,15,8,4,9,1,3,11,16,8,5,14,10,6$1.0
888$7,12,2,15,8,4,9,1,3,11,16,8,5,14,10,6$1.0
889$7,12,2,15,8,4,9,1,3,11,16,8,5,14,10,13$1.0
890$7,12,2,15,8,4,9,1,3,11,16,8,5,14,10,6$1.0
891$7,12,2,15,12,4,9,1,3,11,16,8,5,14,10,6$1.0
892$7,12,2,15,8,4,9,1,3,11,16,8,5,14,10,6$1.0
893$7,12,2,15,8,4,9,1,3,11,16,8,5,14,10,6$1.0
894$7,12,2,15,8,4,9,1,3,11,16,8,5,14,10,6$1.0
895$7,12,2,15,8,4,9,1,3,11,16,8,5,14,10,6$1.0
896$7,12,2,15,12,4,9,1,3,11,16,8,5,14,10,6$1.0
897$7,12,2,15,8,4,9,1,3,11,16,8,5,14,10,6$1.0
898$7,12,2,13,8,4,9,1,3,11,16,8,5,14,10,6$1.0
899$7,12,2,15,12,4,9,1,3,11,16,8,5,14,10,13$1.0
900$7,12,2,15,12,4,9,1,3,11,16,8,5,14,10,13$1.0
901$7,12,2,13,8,4,9,1,3,11,16,8,5,14,10,6$1.0
902$7,12,2,15,12,4,9,1,3,11,16,8,5,14,10,6$1.0
903$7,12,2,13,8,4,9,1,3,11,16,3,5,14,10,6$1.0
904$7,12,2,15,12,4,9,1,3,11,16,8,5,14,10,6$1.0
905$7,12,2,15,12,4,9,1,3,11,16,8,5,14,10,6$1.0
906$7,12,2,13,8,4,9,1,3,11,16,8,5,14,10,6$1.0
907$7,12,2,13,8,4,9,1,3,11,16,8,5,14,10,6$1.0
908$7,12,2,15,8,4,9,1,3,11,16,8,5,14,10,6$1.0
909$7,12,2,15,12,4,9,1,3,11,16,8,5,14,10,6$1.0
910$7,12,2,15,8,4,9,1,3,11,16,8,5,14,10,6$1.0
911$7,12,2,15,8,4,9,1,3,11,16,8,5,14,10,6$1.0
912$7,12,2,15,8,4,9,1,3,11,16,8,5,14,10,6$1.0
913$7,12,2,15,8,4,9,1,3,11,16,8,5,14,10,6$1.0
914$7,12,2,15,8,4,9,1,3,11,16,8,5,14,10,6$1.0
915$7,12,2,13,2,4,9,1,3,11,16,8,5,14,10,6$1.0
916$7,12,2,15,8,4,9,1,3,11,16,8,5,14,10,6$1.0
917$7,12,2,15,8,4,9,1,3,11,16,8,5,14,10,6$1.0
918$7,12,2,15,8,4,9,1,3,11,16,3,5,14,10,6$1.0
919$7,12,2,15,8,4,9,1,3,11,16,3,5,14,10,6$1.0
920$7,12,2,15,8,4,9,1,3,11,16,8,5,14,10,6$1.0
921$7,12,2,15,8,4,9,1,3,11,16,3,5,14,10,6$1.0
922$7,12,2,15,8,4,9,1,3,11,16,3,5,14,10,6$1.0
923$7,12,2,15,8,4,9,1,3,11,16,8,5,14,10,6$1.0
924$7,12,2,15,8,4,9,1,3,11,16,3,5,14,10,6$1.0
925$7,12,2,15,8,4,9,1,3,11,16,3,5,14,10,6$1.0
926$7,12,2,15,8,4,9,1,3,11,16,8,5,14,10,6$1.0
927$7,12,2,15,8,4,9,1,3,11,16,8,5,14,10,6$1.0
928$7,12,2,15,8,4,9,1,3,11,16,8,5,14,10,6$1.0
929$7,12,2,15,8,4,9,1,3,11,16,8,5,14,10,6$1.0
930$7,12,2,15,8,4,9,1,3,11,16,8,5,14,10,6$1.0
931$7,12,2,15,8,4,9,1,3,11,16,8,5,14,10,6$1.0
932$7,12,2,15,8,4,9,1,3,11,16,8,5,14,10,6$1.0
933$7,12,2,15,8,4,9,1,3,11,16,8,5,14,10,6$1.0
934$7,12,2,15,8,4,9,1,3,11,16,8,5,14,10,6$1.0
935$7,12,2,15,8,4,9,1,3,11,16,8,5,14,10,6$1.0
936$7,12,2,15,12,4,9,1,3,11,16,8,5,14,10,6$1.0
937$7,12,2,15,8,4,9,1,3,11,16,8,5,14,10,6$1.0
938$7,12,2,15,8,4,9,1,3,11,16,8,5,14,10,6$1.0
939$7,12,2,15,8,4,9,1,3,11,16,8,5,14,10,6$1.0
940$7,12,2,15,8,4,9,1,3,11,16,8,5,14,10,6$1.0
941$7,12,2,15,8,4,9,1,3,11,16,8,5,14,10,6$1.0
942$7,12,2,13,2,4,9,1,3,11,16,8,5,14,10,6$1.0
943$7,12,2,13,8,4,9,1,3,11,16,8,5,14,10,6$1.0
944$7,12,2,13,8,4,9,1,3,11,16,8,5,14,10,6$1.0
945$7,12,2,15,8,4,9,1,3,11,16,8,5,14,10,6$1.0
946$7,12,2,15,8,4,9,1,3,11,16,8,5,14,10,6$1.0
947$7,12,2,15,8,4,9,1,3,11,16,8,5,14,10,6$1.0
948$7,12,2,15,12,4,9,1,3,13,16,8,5,14,10,6$1.0
949$7,12,2,15,8,4,9,1,3,11,16,8,5,14,10,6$1.0
950$7,12,2,15,12,4,9,1,3,11,16,8,5,14,10,6$1.0
951$7,12,2,15,12,4,9,1,3,11,16,8,5,14,10,6$1.0
952$7,12,2,15,8,4,9,1,3,11,16,8,5,14,10,6$1.0
953$7,12,2,15,8,4,9,1,3,11,16,8,5,14,10,6$1.0
954$7,12,2,15,8,4,9,1,3,11,16,8,5,14,10,6$1.0
955$7,12,2,15,8,4,9,1,3,11,16,8,5,14,10,6$1.0
956$7,12,2,15,12,4,9,1,3,13,16,8,5,14,10,6$1.0
957$7,12,2,15,8,4,9,1,3,11,16,8,5,14,10,6$1.0
958$7,12,2,15,8,4,9,1,3,11,16,8,5,14,10,6$1.0
959$7,12,2,15,8,4,9,1,3,11,16,8,5,14,10,6$1.0
960$7,12,2,15,8,4,9,1,3,11,16,8,5,14,10,6$1.0
961$7,12,2,15,8,4,9,1,3,11,16,8,5,14,10,6$1.0
962$7,12,2,15,8,4,9,1,3,11,16,8,5,14,10,6$1.0
963$7,12,2,15,8,4,9,1,3,11,16,8,5,14,10,6$1.0
964$7,12,2,15,8,4,9,1,3,11,16,8,5,14,10,6$1.0
965$7,12,2,15,8,4,9,1,3,11,16,8,5,14,10,6$1.0
966$7,12,2,15,8,4,9,1,3,11,16,8,5,14,10,6$1.0
967$7,12,2,15,8,4,9,1,3,11,16,8,5,14,10,6$1.0
968$7,12,2,15,8,4,9,1,3,11,16,8,5,14,10,6$1.0
969$7,12,2,15,8,4,9,1,3,11,16,3,5,14,10,6$1.0
970$7,12,2,15,8,4,9,1,3,11,16,3,5,14,10,6$1.0
971$7,12,2,15,8,4,9,1,3,11,16,3,5,14,10,6$1.0
972$7,12,2,15,8,4,9,1,3,11,16,3,5,14,10,6$1.0
973$7,12,2,15,8,4,9,1,3,11,16,3,5,14,10,6$1.0
974$7,12,2,15,8,4,9,1,3,11,16,3,5,14,10,6$1.0
975$7,12,2,15,8,4,9,1,3,11,16,3,5,14,10,6$1.0
976$7,12,2,15,8,4,9,1,3,11,16,3,5,14,10,6$1.0
977$7,12,2,15,8,4,9,1,3,11,16,3,5,14,10,6$1.0
978$7,12,2,15,8,4,9,1,3,11,16,3,5,14,10,6$1.0
979$7,12,2,15,8,4,9,1,3,11,16,3,5,14,10,6$1.0
980$7,12,2,15,8,4,9,1,3,11,16,3,5,14,10,6$1.0
981$7,12,2,15,8,4,9,1,3,11,16,3,5,14,10,6$1.0
982$7,12,2,15,8,4,9,1,3,11,16,3,5,14,10,6$1.0
983$7,12,2,15,8,4,9,1,3,11,16,3,5,14,10,6$1.0
984$7,12,2,15,8,4,9,1,3,11,16,8,5,14,10,6$1.0
985$7,12,2,15,8,4,9,1,3,11,16,3,5,14,10,6$1.0
986$7,12,2,15,8,4,9,1,3,11,16,3,5,14,10,6$1.0
987$7,12,2,15,8,4,9,1,3,11,16,8,5,14,10,6$1.0
988$7,12,2,15,8,4,9,1,3,11,16,8,5,14,10,6$1.0
989$7,12,2,15,8,4,9,1,3,11,16,3,5,14,10,6$1.0
990$7,12,2,15,8,4,9,1,3,11,16,3,5,14,10,6$1.0
991$7,12,2,15,8,4,9,1,3,11,16,3,5,14,10,6$1.0
992$7,12,2,15,8,4,9,1,3,11,16,3,5,14,10,6$1.0
993$7,12,2,15,8,4,9,1,3,11,16,3,5,14,10,6$1.0
994$7,12,2,15,8,4,9,1,3,11,16,3,5,14,10,6$1.0
995$7,12,2,15,8,4,9,1,3,11,16,8,5,14,10,6$1.0
996$7,12,2,15,8,4,9,1,3,11,16,3,5,14,10,6$1.0
997$7,12,2,15,8,4,9,1,3,11,16,8,5,14,10,6$1.0
998$7,12,2,15,8,4,9,1,3,11,16,8,5,14,10,6$1.0
999$7,12,2,13,8,4,9,1,3,11,16,8,5,14,10,6$1.0
1000$7,12,2,13,8,4,9,1,3,11,16,8,5,14,10,6$1.0
1001$7,12,2,13,2,4,9,1,3,11,16,8,5,14,10,6$1.0
1002$7,12,2,15,2,4,9,1,3,11,16,8,5,14,10,6$1.0
1003$7,12,2,15,8,4,9,1,3,11,16,8,5,14,10,6$1.0
1004$7,12,2,15,8,4,9,1,3,11,16,8,5,14,10,6$1.0
1005$7,12,2,13,8,4,9,15,3,11,16,8,5,14,10,6$1.0
1006$7,12,2,15,8,4,9,1,3,11,16,8,5,14,10,13$1.0
1007$7,12,2,15,8,4,9,1,3,11,16,3,5,14,10,6$1.0
1008$7,12,2,13,8,4,9,1,3,11,16,3,5,14,10,6$1.0
1009$7,12,2,15,8,4,9,1,3,11,16,8,5,14,10,6$1.0
1010$7,12,2,15,8,4,9,1,3,11,16,8,5,14,10,6$1.0
1011$7,12,2,15,8,4,9,1,3,11,16,8,5,14,10,6$1.0
1012$7,12,2,13,8,4,9,1,3,11,16,8,5,14,10,6$1.0
1013$7,12,2,13,8,4,9,1,3,11,16,8,5,14,10,6$1.0
1014$7,12,2,13,8,4,9,1,3,11,16,8,5,14,10,6$1.0
1015$7,12,2,15,2,4,9,1,3,11,16,8,5,14,10,6$1.0
1016$7,12,2,15,2,4,9,1,3,11,16,8,5,14,10,6$1.0
1017$7,12,2,13,8,4,9,1,3,11,16,8,5,14,10,6$1.0
1018$7,12,2,13,8,4,9,1,3,11,16,8,5,14,10,6$1.0
1019$7,12,2,13,8,4,9,15,3,11,16,8,5,14,10,6$1.0
1020$7,12,2,13,2,4,9,1,3,11,16,8,5,14,10,6$1.0
1021$7,12,2,15,8,4,9,1,3,11,16,8,5,14,10,6$1.0
1022$7,12,2,13,2,4,9,1,3,11,16,8,5,14,10,6$1.0
1023$7,12,2,15,12,4,9,1,3,11,16,8,5,14,10,6$1.0
1024$7,12,2,15,8,4,9,1,3,11,16,8,5,14,10,13$1.0
1025$7,12,2,15,8,4,9,1,3,11,16,8,5,14,10,13$1.0
1026$7,12,2,15,2,4,9,1,3,11,16,8,5,14,10,6$1.0
1027$7,12,2,13,2,4,9,1,3,11,16,8,5,14,10,6$1.0
1028$7,12,2,15,2,4,9,1,3,11,16,8,5,14,10,6$1.0
1029$7,12,2,13,2,4,9,1,3,11,16,8,5,14,10,6$1.0
1030$7,12,2,13,2,4,9,1,3,11,16,8,5,14,10,6$1.0
1031$7,12,2,15,8,4,9,1,3,11,16,8,5,14,10,6$1.0
1032$7,12,2,15,2,4,9,1,3,11,16,8,5,14,10,6$1.0
1033$7,12,2,13,2,4,9,1,3,11,16,8,5,14,10,6$1.0
1034$7,12,2,13,2,4,9,1,3,11,16,8,5,14,10,6$1.0
1035$7,12,2,15,2,4,9,1,3,11,16,8,5,14,10,6$1.0
1036$7,12,2,15,2,4,9,1,3,11,16,8,5,14,10,6$1.0
1037$7,12,2,15,2,4,9,1,3,11,16,8,5,14,10,6$1.0
1038$7,12,12,15,2,4,9,1,3,11,16,8,5,14,10,6$1.0
1039$7,12,2,13,2,4,9,1,3,11,16,8,5,14,10,6$1.0
1040$7,12,2,15,2,4,9,1,3,11,16,8,5,14,10,6$1.0
1041$7,12,2,13,8,4,9,1,3,11,16,8,5,14,10,6$1.0
1042$7,12,2,13,2,4,9,1,3,11,16,8,5,14,10,6$1.0
1043$7,12,2,15,8,4,9,1,3,11,16,8,5,14,10,6$1.0
1044$7,12,2,15,2,4,9,1,3,11,16,8,5,14,10,6$1.0
1045$7,12,2,15,8,4,9,1,3,11,16,8,5,14,10,6$1.0
1046$7,12,2,13,2,4,9,1,3,11,16,8,5,14,10,6$1.0
1047$7,12,2,15,8,4,9,1,3,11,16,8,5,14,10,6$1.0
1048$7,12,2,15,2,4,9,1,3,11,16,8,5,14,10,6$1.0
1049$7,12,2,15,8,4,9,1,3,11,16,8,5,14,10,6$1.0
1050$7,12,2,13,2,4,9,15,3,11,16,8,5,14,10,6$1.0
1051$7,12,2,13,2,4,9,1,3,11,16,8,5,14,10,6$1.0
1052$7,12,2,15,8,4,9,1,3,11,16,8,5,14,10,6$1.0
1053$7,12,2,13,2,4,9,1,3,11,16,8,5,14,10,6$1.0
1054$7,12,2,15,8,4,9,1,3,11,16,8,5,14,10,13$1.0
1055$7,12,2,13,2,4,9,15,3,11,16,8,5,14,10,6$1.0
1056$7,12,2,15,8,4,9,1,3,11,16,8,5,14,10,13$1.0
1057$7,12,2,15,8,4,9,1,3,11,16,8,5,14,10,13$1.0
1058$7,12,2,15,8,4,9,1,3,11,16,8,5,14,10,13$1.0
1059$7,12,2,15,8,4,9,1,3,11,16,8,5,14,10,13$1.0
1060$7,12,2,15,8,4,9,1,3,11,16,8,5,14,10,6$1.0
1061$7,12,2,15,8,4,9,1,3,11,16,8,5,14,10,6$1.0
1062$7,12,2,15,8,4,9,1,3,11,16,8,5,14,10,6$1.0
1063$7,12,2,15,8,4,9,1,3,11,16,8,5,14,10,6$1.0
1064$7,12,2,15,8,4,9,1,3,11,16,8,5,14,10,6$1.0
1065$7,12,2,15,8,4,9,1,3,11,16,8,5,14,10,13$1.0
1066$7,12,2,15,8,4,9,1,3,11,16,8,5,14,10,6$1.0
1067$7,12,2,13,8,4,9,1,3,11,16,8,5,14,10,6$1.0
1068$7,12,2,15,8,4,9,1,3,11,16,8,5,14,10,6$1.0
1069$7,12,2,15,8,4,9,1,3,11,16,8,5,14,10,13$1.0
1070$7,12,2,15,8,4,9,1,3,11,16,8,5,14,10,6$1.0
1071$7,12,2,15,8,4,9,1,3,11,16,8,5,14,10,6$1.0
1072$7,12,2,15,8,4,9,1,3,11,16,8,5,14,10,13$1.0
1073$7,12,2,15,8,4,9,1,3,11,16,8,5,14,10,6$1.0
1074$7,12,2,15,8,4,9,1,3,11,16,8,5,14,10,6$1.0
1075$7,12,2,15,12,4,9,1,3,11,16,8,5,14,10,6$1.0
1076$7,12,2,15,8,4,9,1,3,11,16,8,5,14,10,6$1.0
1077$7,12,2,15,12,4,9,1,3,11,16,8,5,14,10,6$1.0
1078$7,12,2,15,8,4,9,1,3,11,16,8,5,14,10,6$1.0
1079$7,12,2,15,12,4,9,1,3,11,16,8,5,14,10,6$1.0
1080$7,12,2,15,8,4,9,1,3,11,16,8,5,14,10,6$1.0
1081$7,12,2,15,12,4,9,1,3,11,16,8,5,14,10,6$1.0
1082$7,12,2,15,8,4,9,1,3,11,16,8,5,14,10,6$1.0
1083$7,12,2,15,8,4,9,1,3,11,16,8,5,14,10,6$1.0
1084$7,12,2,15,8,4,9,1,3,11,16,8,5,14,10,6$1.0
1085$7,12,2,15,8,4,9,1,3,11,16,8,5,14,10,6$1.0
1086$7,12,2,15,8,4,9,1,3,11,16,8,5,14,10,6$1.0
1087$7,12,2,15,8,4,9,1,3,11,16,8,5,14,10,6$1.0
1088$7,12,2,15,8,4,9,1,3,11,16,8,5,14,10,6$1.0
1089$7,12,2,15,8,4,9,1,3,11,16,8,5,14,10,6$1.0
1090$7,12,2,15,8,4,9,1,3,11,16,8,5,14,10,6$1.0
1091$7,12,2,15,8,4,9,1,3,11,16,8,5,14,10,6$1.0
1092$7,12,2,15,8,4,9,1,3,11,16,8,5,14,10,6$1.0
1093$7,12,2,15,8,4,9,1,3,11,16,8,5,14,10,6$1.0
1094$7,12,2,15,8,4,9,1,3,11,16,8,5,14,10,6$1.0
1095$7,12,2,15,8,4,9,1,3,11,16,8,5,14,10,6$1.0
1096$7,12,2,15,8,4,9,1,3,11,16,8,5,14,10,6$1.0
1097$7,12,2,15,8,4,9,1,3,11,16,8,5,14,10,6$1.0
1098$7,12,2,15,8,4,9,1,3,11,16,8,5,14,10,6$1.0
1099$7,12,2,15,8,4,9,1,3,11,16,8,5,14,10,6$1.0
1100$7,12,2,15,8,4,9,1,3,11,16,8,5,14,10,6$1.0
1101$7,12,2,15,8,4,9,1,3,11,16,8,5,14,10,6$1.0
1102$7,12,2,15,8,4,9,1,3,11,16,8,5,14,10,6$1.0
1103$7,12,2,15,8,4,9,1,3,11,16,8,5,14,10,6$1.0
1104$7,12,2,15,8,4,9,1,3,11,16,8,5,14,10,6$1.0
1105$7,12,2,15,8,4,9,1,3,11,16,8,5,14,10,6$1.0
1106$7,12,2,15,8,4,9,1,3,11,16,8,5,14,10,6$1.0
1107$7,12,2,15,8,4,9,1,3,11,16,8,5,14,10,6$1.0
1108$7,12,2,15,8,4,9,1,3,11,16,8,5,14,10,6$1.0
1109$7,12,2,15,8,4,9,1,3,11,16,8,5,14,10,6$1.0
1110$7,12,2,15,8,4,9,1,3,11,16,8,5,14,10,6$1.0
1111$7,12,2,15,8,4,9,1,3,11,16,8,5,14,10,6$1.0
1112$7,12,2,15,8,4,9,1,3,11,16,8,5,14,10,6$1.0
1113$7,12,2,15,8,4,9,1,3,11,16,8,5,14,10,6$1.0
1114$7,12,2,15,8,4,9,1,3,11,16,8,5,14,10,6$1.0
1115$7,12,2,15,8,4,9,1,3,11,16,8,5,14,10,6$1.0
1116$7,12,2,15,8,4,9,1,3,11,16,8,5,14,10,6$1.0
1117$7,12,2,15,8,4,9,1,3,11,16,8,5,14,10,6$1.0
1118$7,11,2,15,12,4,9,1,3,11,16,8,5,14,10,6$1.0
1119$7,12,2,15,8,4,9,1,3,11,16,8,5,14,10,6$1.0
1120$7,12,2,15,8,4,9,1,3,11,16,8,5,14,10,6$1.0
1121$7,12,2,15,8,4,9,1,3,11,16,8,5,14,10,6$1.0
1122$7,12,2,15,8,4,9,1,3,11,16,8,5,14,10,6$1.0
1123$7,12,2,15,8,4,9,1,3,11,16,8,5,14,10,6$1.0
1124$7,12,2,15,8,4,9,1,3,11,16,8,5,14,10,6$1.0
1125$7,12,2,15,8,4,9,1,3,11,16,8,5,14,10,6$1.0
1126$7,12,2,15,8,4,9,1,3,11,16,8,5,14,10,6$1.0
1127$7,12,2,15,2,4,9,1,3,11,16,8,5,14,10,6$1.0
1128$7,12,2,15,2,4,9,1,3,11,16,8,5,14,10,6$1.0
1129$7,12,2,15,2,4,9,1,3,11,16,8,5,14,10,6$1.0
1130$7,12,2,15,2,4,9,1,3,11,16,8,5,14,10,6$1.0
1131$7,12,2,15,2,4,9,1,3,11,16,8,5,14,10,6$1.0
1132$7,12,2,15,8,4,9,1,3,11,16,8,5,14,10,6$1.0
1133$7,12,2,15,2,4,9,1,3,11,16,8,5,14,10,6$1.0
1134$7,12,2,15,2,4,9,1,3,11,16,8,5,14,10,6$1.0
1135$7,12,2,15,8,4,9,1,3,11,16,8,5,14,10,6$1.0
1136$7,12,2,15,8,4,9,1,3,11,16,8,5,14,10,6$1.0
1137$7,12,2,13,8,4,9,1,3,11,16,8,5,14,10,6$1.0
1138$7,12,2,15,8,4,9,1,3,11,16,8,5,14,10,6$1.0
1139$7,12,2,15,8,4,9,1,3,11,16,8,5,14,10,6$1.0
1140$7,12,2,13,8,4,9,1,3,11,16,8,5,14,10,6$1.0
1141$7,12,2,13,8,4,9,1,3,11,16,8,5,14,10,6$1.0
1142$7,12,2,15,2,4,9,1,3,11,16,8,5,14,10,6$1.0
1143$7,12,2,15,8,4,9,1,3,11,16,8,5,14,10,6$1.0
1144$7,12,2,15,8,4,9,1,3,11,16,8,5,14,10,6$1.0
1145$7,12,2,15,2,4,9,1,3,11,16,8,5,14,10,6$1.0
1146$7,12,2,15,8,4,9,1,3,11,16,8,5,14,10,6$1.0
1147$7,12,2,15,2,4,9,1,3,11,16,8,5,14,10,6$1.0
1148$7,12,2,15,8,4,9,1,3,11,16,8,5,14,10,6$1.0
1149$7,12,2,15,8,4,9,1,3,11,16,8,5,14,10,6$1.0
1150$7,12,2,15,8,4,9,1,3,11,16,8,5,14,10,6$1.0
1151$7,12,2,15,8,4,9,1,3,11,16,8,5,14,10,6$1.0
1152$7,12,2,15,8,4,9,1,3,11,16,8,5,14,10,6$1.0
1153$7,12,2,15,8,4,9,1,3,11,16,8,5,14,10,6$1.0
1154$7,12,2,13,8,4,9,1,3,11,16,8,5,14,10,6$1.0
1155$7,12,2,13,2,4,9,1,3,11,16,8,5,14,10,6$1.0
1156$7,12,2,13,8,4,9,1,3,11,16,8,5,14,10,6$1.0
1157$7,12,2,13,8,4,9,1,3,11,16,8,5,14,10,6$1.0
1158$7,12,2,15,8,4,9,1,3,11,16,8,5,14,10,13$1.0
1159$7,12,2,15,8,4,9,1,3,11,16,8,5,14,10,6$1.0
1160$7,12,2,15,8,4,9,1,3,11,16,8,5,14,10,6$1.0
1161$7,12,2,15,8,4,9,1,3,11,16,8,5,14,10,13$1.0
1162$7,12,2,15,8,4,9,1,3,11,16,8,5,14,10,13$1.0
1163$7,12,2,15,8,4,9,1,3,11,16,8,5,14,10,13$1.0
1164$7,12,2,15,8,4,9,1,3,11,16,8,5,14,10,6$1.0
1165$7,12,2,15,8,4,9,1,3,11,16,8,5,14,10,6$1.0
1166$7,12,2,15,8,4,9,1,3,11,16,8,5,14,10,13$1.0
1167$7,12,2,15,8,4,9,1,3,11,16,8,5,14,10,6$1.0
1168$7,12,2,15,8,4,9,1,3,11,16,8,5,14,10,6$1.0
1169$7,12,2,15,8,4,9,1,3,11,16,8,5,14,10,13$1.0
1170$7,12,2,15,8,4,9,1,3,11,16,8,5,14,10,6$1.0
1171$7,12,2,15,8,4,9,1,3,11,16,8,5,14,10,13$1.0
1172$7,12,2,15,8,4,9,1,3,11,16,8,5,14,10,13$1.0
1173$7,12,2,15,8,4,9,1,3,11,16,8,5,14,10,13$1.0
1174$7,12,2,15,8,4,9,1,3,11,16,8,5,14,10,6$1.0
1175$7,12,2,15,8,4,9,1,3,11,16,8,5,14,10,13$1.0
1176$7,12,2,15,8,4,9,1,3,11,16,8,5,14,10,13$1.0
1177$7,12,2,15,8,4,9,1,3,11,16,8,5,14,10,13$1.0
1178$7,12,2,15,8,4,9,1,3,11,16,8,5,14,10,6$1.0
1179$7,12,2,15,8,4,9,1,3,11,16,8,5,14,10,6$1.0
1180$7,12,2,15,12,4,9,1,3,11,16,8,5,14,10,13$1.0
1181$7,12,2,15,8,4,9,1,3,11,16,8,5,14,10,13$1.0
1182$7,12,2,15,8,4,9,1,3,11,16,8,5,14,10,13$1.0
1183$7,12,2,15,8,4,9,1,3,11,16,8,5,14,10,6$1.0
1184$7,12,2,15,8,4,9,1,3,11,16,3,5,14,10,13$1.0
1185$7,12,2,15,8,4,9,1,3,11,16,8,5,14,10,6$1.0
1186$7,12,2,15,8,4,9,1,3,11,16,8,5,14,10,6$1.0
1187$7,12,2,15,8,4,9,1,3,11,16,8,5,14,10,6$1.0
1188$7,12,2,15,8,4,9,1,3,11,16,3,5,14,10,13$1.0
1189$7,12,2,15,8,4,9,1,3,11,16,8,5,14,10,13$1.0
1190$7,12,2,15,8,4,9,1,3,11,16,8,5,14,10,6$1.0
1191$7,12,2,15,8,4,9,1,3,11,16,8,5,14,10,6$1.0
1192$7,12,2,15,8,4,9,1,3,11,16,8,5,14,10,13$1.0
1193$7,12,2,15,8,4,9,1,3,11,16,8,5,14,10,6$1.0
1194$7,12,2,15,8,4,9,1,3,11,16,8,5,14,10,6$1.0
1195$7,12,2,15,8,4,9,1,3,11,16,8,5,14,10,6$1.0
1196$7,12,2,15,8,4,9,1,3,11,16,8,5,14,10,13$1.0
1197$7,12,2,15,8,4,9,1,3,11,16,8,5,14,10,13$1.0
1198$7,12,2,15,8,4,9,1,3,11,16,8,5,14,10,13$1.0
1199$7,12,2,15,8,4,9,1,3,11,16,8,5,14,10,6$1.0
1200$7,12,2,15,8,4,9,1,3,11,16,8,5,14,10,13$1.0
1201$7,12,2,15,8,4,9,1,3,11,16,8,5,14,10,13$1.0
1202$7,12,2,15,8,4,9,1,3,11,16,8,5,14,10,6$1.0
1203$7,12,2,15,8,4,9,1,3,11,16,8,5,14,10,6$1.0
1204$7,12,2,15,8,4,9,1,3,11,16,8,5,14,10,6$1.0
1205$7,12,2,15,8,4,9,1,3,11,16,3,5,14,10,13$1.0
1206$7,12,2,15,8,4,9,1,3,11,16,3,5,14,10,13$1.0
1207$7,12,2,15,8,4,9,1,3,11,16,8,5,14,10,6$1.0
1208$7,12,2,15,8,4,9,1,3,11,16,8,5,14,10,13$1.0
1209$7,12,2,15,8,4,9,1,3,11,16,8,5,14,10,6$1.0
1210$7,12,2,15,8,4,9,1,3,11,16,8,5,14,10,6$1.0
1211$7,12,2,15,8,4,9,1,3,11,16,8,5,14,10,6$1.0
1212$7,12,2,15,8,4,9,1,3,11,16,8,5,14,10,6$1.0
1213$7,12,2,15,8,4,9,1,3,11,16,8,5,14,10,6$1.0
1214$7,12,2,15,8,4,9,1,3,11,16,8,5,14,10,6$1.0
1215$7,12,2,15,8,4,9,1,3,11,16,8,5,14,10,6$1.0
1216$7,12,2,15,8,4,9,1,3,11,16,8,5,14,10,6$1.0
1217$7,12,2,15,8,4,9,1,3,11,16,8,5,14,10,13$1.0
1218$7,12,2,15,12,4,9,1,3,11,16,8,5,14,10,13$1.0
1219$7,12,2,15,8,4,9,1,3,11,16,8,5,14,10,13$1.0
1220$7,12,2,15,12,4,9,1,3,11,16,8,5,14,10,13$1.0
1221$7,12,2,15,12,4,9,1,3,11,16,8,5,14,10,13$1.0
1222$7,12,2,15,12,4,9,1,3,11,16,8,5,14,10,13$1.0
1223$7,12,2,15,8,4,9,1,3,11,16,8,5,14,10,6$1.0
1224$7,12,2,15,8,4,9,1,3,11,16,8,5,14,10,13$1.0
1225$7,12,2,15,12,4,9,1,3,11,16,8,5,14,10,13$1.0
1226$7,12,2,15,8,4,9,1,3,11,16,8,5,14,10,13$1.0
1227$7,11,2,15,12,4,9,1,3,11,16,8,5,14,10,13$1.0
1228$7,12,2,15,8,4,9,1,3,11,16,8,5,14,10,6$1.0
1229$7,11,2,15,12,4,9,1,3,11,16,8,5,14,10,13$1.0
1230$7,11,2,15,12,4,9,1,3,13,16,8,5,14,10,6$0.0
1230$7,11,2,15,12,4,9,1,3,13,16,8,5,14,10,6$0.0
