16
0$9,2,11,1,11,5,8,1,5,15,15,10,6,7,14,4$16.0
0$10,9,4,12,4,15,13,1,16,1,3,7,13,9,9,2$20.0
0$4,15,10,12,3,8,13,16,12,10,10,8,6,9,3,6$19.0
0$10,12,14,15,5,2,8,10,12,16,1,10,14,14,8,2$17.0
0$9,2,11,1,11,5,8,1,5,15,15,10,6,7,14,4$16.0
1$7,1,13,1,13,15,10,15,10,12,1,8,14,5,7,2$15.0
1$7,1,13,1,13,15,10,15,10,12,1,8,14,5,7,2$15.0
2$4,15,10,12,3,8,13,9,2,14,1,11,5,15,9,14$11.0
2$7,2,8,12,2,16,10,1,5,15,15,10,6,7,14,4$14.0
2$4,15,10,12,3,8,13,9,2,14,1,11,5,15,9,14$11.0
3$10,12,2,15,5,2,8,1,12,16,16,7,3,8,11,13$10.0
3$10,12,2,15,5,2,8,1,12,16,16,7,3,8,11,13$10.0
4$1,4,2,8,13,15,8,1,12,16,16,7,3,8,11,13$10.0
5$10,12,2,15,5,2,8,1,12,16,16,6,5,15,9,14$11.0
6$6,2,2,6,9,14,10,15,10,1,7,1,3,8,11,13$6.0
6$6,2,2,6,9,14,10,15,10,1,7,1,3,8,11,13$6.0
7$6,2,2,6,9,14,10,15,10,1,7,1,3,8,11,13$6.0
8$10,12,2,15,5,2,8,1,12,16,7,1,4,7,9,14$10.0
9$9,6,9,1,2,15,8,11,16,10,13,1,5,4,7,14$8.0
10$7,2,2,6,9,14,5,13,16,3,15,1,3,8,11,2$10.0
11$10,12,2,4,7,13,8,1,12,14,16,6,3,8,11,5$6.0
12$10,12,2,4,7,13,8,1,12,14,16,6,3,8,11,5$6.0
13$10,12,2,4,7,13,8,1,12,14,16,1,3,8,11,14$4.0
13$10,12,2,4,7,13,8,1,12,14,16,1,3,8,11,14$4.0
14$10,4,2,15,9,14,8,1,12,16,12,1,3,8,13,2$6.0
15$10,4,2,15,9,14,8,1,12,16,12,1,3,8,13,2$6.0
16$10,12,9,15,5,1,4,1,16,8,13,11,3,8,2,5$5.0
17$10,12,2,4,7,13,8,1,12,14,16,10,3,8,11,2$6.0
18$10,12,2,4,7,1,8,1,12,14,16,10,3,6,11,2$4.0
19$10,12,2,4,7,1,8,1,12,14,16,10,3,6,11,2$4.0
20$10,12,2,4,7,1,8,1,12,14,16,10,3,6,11,2$4.0
21$10,12,2,4,7,1,8,1,15,13,16,10,3,6,11,2$3.0
21$10,12,2,4,7,1,8,1,15,13,16,10,3,6,11,2$3.0
22$10,12,2,4,7,1,8,1,15,13,16,10,3,6,11,2$3.0
23$14,12,9,15,5,1,4,1,16,8,13,15,3,6,11,2$4.0
24$9,12,2,4,7,1,8,1,15,13,16,10,3,6,11,2$2.0
24$9,12,2,4,7,1,8,1,15,13,16,10,3,6,11,2$2.0
25$10,12,2,4,7,1,8,1,16,14,16,15,3,8,11,5$5.0
26$10,12,2,4,7,1,8,1,16,14,16,11,3,8,13,5$5.0
27$10,12,9,15,5,1,8,1,12,14,16,10,3,6,11,4$5.0
28$10,12,9,15,5,1,8,1,12,14,16,10,3,6,11,4$5.0
29$10,12,9,15,5,1,8,1,12,14,16,10,3,6,11,4$5.0
30$10,12,2,4,7,1,3,1,16,14,16,11,3,8,13,5$5.0
31$10,12,9,15,5,1,8,1,16,14,16,11,4,8,13,5$4.0
32$10,12,9,15,5,1,8,1,16,14,16,11,4,8,13,5$4.0
33$10,12,6,15,7,1,8,2,16,14,16,8,3,12,2,5$4.0
34$10,12,9,15,5,13,8,1,8,14,16,9,3,6,11,2$4.0
35$9,12,2,4,7,13,8,1,12,14,16,10,3,6,11,2$2.0
36$9,12,2,4,7,13,8,1,12,14,16,10,3,6,11,2$2.0
37$10,12,2,4,7,1,8,1,15,13,16,9,3,6,11,2$2.0
38$9,12,2,4,7,13,8,1,12,14,16,10,3,6,11,2$2.0
39$9,12,2,4,7,13,8,1,12,14,16,10,3,6,11,2$2.0
40$9,12,2,4,7,13,8,1,12,14,16,10,3,6,11,7$2.0
41$9,12,2,4,7,13,8,1,12,14,16,10,3,6,11,2$2.0
42$9,12,15,4,7,13,8,1,12,14,16,10,3,6,11,7$2.0
43$9,12,2,4,7,13,8,1,12,14,16,10,3,6,11,2$2.0
44$9,12,15,4,7,13,8,1,12,14,16,10,3,6,11,7$2.0
45$9,12,15,4,7,13,8,1,12,14,16,10,3,6,11,7$2.0
46$9,12,2,4,7,13,8,1,12,14,16,10,3,6,11,2$2.0
47$9,12,15,4,7,13,8,1,12,14,16,10,3,6,11,7$2.0
48$9,12,2,4,7,13,8,1,12,14,16,10,3,6,11,7$2.0
49$9,15,2,4,7,13,8,1,12,14,16,10,3,6,11,7$1.0
49$9,15,2,4,7,13,8,1,12,14,16,10,3,6,11,7$1.0
50$9,15,2,4,7,13,8,5,12,14,16,10,3,6,11,7$1.0
51$9,12,2,4,7,13,8,1,12,14,16,10,3,6,11,7$2.0
52$9,12,14,4,7,13,8,1,12,14,16,10,3,6,11,2$2.0
53$9,12,14,4,7,13,8,1,12,14,16,10,3,6,11,2$2.0
54$9,12,2,4,7,13,8,5,12,14,16,10,3,6,11,2$2.0
55$9,15,2,4,7,13,8,1,12,14,16,10,3,6,11,7$1.0
56$9,15,2,4,7,13,8,1,12,14,16,10,3,6,11,7$1.0
57$9,15,2,4,7,13,8,1,12,14,16,10,3,6,11,2$1.0
58$9,15,2,4,7,13,8,1,12,14,16,10,3,6,11,2$1.0
59$9,15,2,4,7,13,8,1,12,14,16,10,3,6,11,2$1.0
60$9,15,2,4,7,13,8,1,12,14,16,10,3,6,11,7$1.0
61$9,15,2,4,7,13,8,1,12,14,16,10,3,6,11,2$1.0
62$9,15,2,4,7,13,8,1,12,14,16,10,3,6,11,2$1.0
63$9,15,2,4,7,13,8,1,12,14,16,10,3,6,11,2$1.0
64$9,15,2,4,7,13,8,1,12,14,16,10,3,6,11,2$1.0
65$9,15,2,4,7,13,8,1,12,14,16,10,3,6,11,2$1.0
66$9,15,2,4,7,13,8,1,12,14,16,10,3,6,11,7$1.0
67$9,15,2,4,7,13,8,1,12,14,16,10,3,6,11,7$1.0
68$9,15,2,4,7,13,8,1,12,14,16,10,3,6,11,2$1.0
69$9,15,2,4,7,13,8,1,12,14,16,10,3,6,11,2$1.0
70$9,15,2,4,7,13,8,1,12,14,16,10,3,6,11,2$1.0
71$9,15,2,4,7,13,8,1,12,14,16,10,3,6,11,2$1.0
72$9,15,2,4,7,13,8,1,12,14,16,10,3,6,11,2$1.0
73$9,15,2,4,7,13,8,1,12,14,16,10,3,6,11,2$1.0
74$9,15,2,4,7,13,8,1,12,14,16,10,3,6,11,7$1.0
75$9,15,2,4,7,13,8,1,12,14,16,10,3,6,11,2$1.0
76$9,15,2,4,7,13,8,1,12,14,16,10,3,6,11,2$1.0
77$9,15,2,4,7,13,8,1,12,14,16,10,3,6,11,2$1.0
78$9,15,2,4,7,13,8,1,12,14,16,10,3,6,11,2$1.0
79$9,15,2,4,7,13,8,1,12,14,16,10,3,6,11,2$1.0
80$9,15,2,4,7,13,8,1,12,14,16,10,3,6,11,2$1.0
81$9,15,2,4,7,13,8,1,12,14,16,10,3,6,11,2$1.0
82$9,15,2,4,7,13,8,1,12,14,16,10,3,6,11,2$1.0
83$9,15,2,4,7,13,8,1,12,14,16,10,3,6,11,7$1.0
84$9,15,2,4,7,13,8,1,12,14,16,10,3,6,11,2$1.0
85$9,15,2,4,7,13,8,1,12,14,16,10,3,6,11,2$1.0
86$9,15,2,4,7,13,8,1,12,14,16,10,3,6,11,2$1.0
87$9,15,2,4,7,13,8,1,12,14,16,10,3,6,11,2$1.0
88$9,15,2,4,7,13,8,1,12,14,16,10,3,6,11,2$1.0
89$9,15,2,4,7,13,8,1,12,14,16,10,3,6,11,2$1.0
90$9,15,2,4,7,13,8,1,12,14,16,10,3,6,11,2$1.0
91$9,15,2,4,7,13,8,1,12,14,16,10,3,6,11,2$1.0
92$9,15,2,4,7,13,8,1,12,14,16,10,3,6,11,2$1.0
93$9,15,2,4,7,13,8,1,12,14,16,10,3,6,11,2$1.0
94$9,15,2,4,7,13,8,1,12,14,16,10,3,6,11,2$1.0
95$9,15,2,4,7,13,8,1,12,14,16,10,3,6,11,2$1.0
96$9,15,2,4,7,13,8,1,12,14,16,10,3,6,11,2$1.0
97$9,15,2,4,7,13,8,1,12,14,16,10,3,6,11,2$1.0
98$9,15,2,4,7,13,8,1,12,14,16,10,3,6,11,2$1.0
99$9,15,2,4,7,13,8,1,12,14,16,10,3,6,11,2$1.0
100$9,15,2,4,7,13,8,1,12,14,16,10,3,6,11,2$1.0
101$9,15,2,4,7,13,8,1,12,14,16,10,3,6,11,13$1.0
102$9,15,2,4,7,13,8,1,12,14,16,10,3,6,11,2$1.0
103$9,15,2,4,7,13,8,1,12,14,16,10,3,6,11,2$1.0
104$9,15,2,4,7,13,8,1,12,14,16,10,3,6,11,2$1.0
105$9,15,2,4,7,13,8,1,12,14,16,10,3,6,11,2$1.0
106$9,15,2,4,7,13,8,1,12,14,16,10,3,6,11,13$1.0
107$9,15,2,4,7,13,8,1,12,14,16,10,3,6,11,2$1.0
108$9,15,2,4,7,13,8,1,12,14,16,10,3,6,11,13$1.0
109$9,15,2,4,7,13,8,1,12,14,16,10,3,6,11,13$1.0
110$9,15,2,4,7,13,8,1,12,14,16,10,3,6,11,2$1.0
111$9,15,2,4,7,13,8,1,12,14,16,10,3,6,11,13$1.0
112$9,15,2,4,7,13,8,1,12,14,16,10,3,6,11,2$1.0
113$9,15,2,4,7,13,8,1,12,14,16,10,3,6,11,13$1.0
114$9,15,2,4,7,13,8,1,12,14,16,10,3,6,11,13$1.0
115$9,15,2,4,7,13,8,1,12,14,16,10,3,6,11,13$1.0
116$9,15,2,4,7,13,8,1,12,14,16,10,3,6,11,2$1.0
117$9,15,2,4,7,13,8,1,12,14,16,10,3,6,11,2$1.0
118$9,15,2,4,7,13,8,1,12,14,16,10,3,6,11,13$1.0
119$9,15,2,4,7,13,8,1,12,14,16,10,3,6,11,13$1.0
120$9,15,2,4,7,13,8,1,12,14,16,10,3,6,11,13$1.0
121$9,15,2,4,7,13,8,1,12,14,16,10,3,6,11,13$1.0
122$9,15,2,4,7,13,8,1,12,14,16,10,3,6,11,13$1.0
123$9,15,2,4,7,13,8,1,12,14,16,10,3,6,11,13$1.0
124$9,15,2,4,7,13,8,1,12,14,16,10,3,6,11,13$1.0
125$9,15,2,4,7,13,8,1,12,14,16,10,3,6,11,13$1.0
126$9,15,2,4,7,13,8,1,12,14,16,10,3,6,11,2$1.0
127$9,15,2,4,7,13,8,1,12,14,16,10,3,6,11,13$1.0
128$9,15,2,4,7,13,8,1,12,14,16,10,3,6,11,13$1.0
129$9,15,2,4,7,13,8,1,12,14,16,10,3,6,11,13$1.0
130$9,15,2,4,7,13,8,1,12,14,16,10,3,6,11,13$1.0
131$9,15,2,4,7,13,8,1,12,14,16,10,3,6,11,13$1.0
132$9,15,2,4,7,13,8,1,12,14,16,10,3,6,11,2$1.0
133$9,15,2,4,7,13,8,1,12,14,16,10,3,6,11,2$1.0
134$9,15,2,4,7,1,8,1,12,14,16,10,3,6,11,13$1.0
135$9,15,2,4,7,13,8,1,12,14,16,10,3,6,11,2$1.0
136$9,15,2,4,7,13,8,1,12,14,16,10,3,6,11,2$1.0
137$9,15,2,14,7,13,8,1,12,4,16,10,3,6,11,13$1.0
138$9,15,2,4,7,13,8,1,12,14,16,10,3,6,11,2$1.0
139$9,15,2,4,7,13,8,1,12,14,16,10,3,6,11,2$1.0
140$9,15,2,4,7,13,8,1,12,14,16,10,3,6,11,13$1.0
141$9,15,2,4,7,13,8,1,12,14,16,10,3,6,11,2$1.0
142$9,15,2,4,7,13,8,1,12,14,16,10,3,6,11,2$1.0
143$9,15,2,4,7,13,8,1,12,14,16,10,3,6,11,13$1.0
144$9,15,2,4,7,13,8,1,12,14,16,10,3,6,11,2$1.0
145$9,15,2,4,7,13,8,1,12,14,16,10,3,6,11,2$1.0
146$9,15,2,4,7,13,8,1,12,14,16,10,3,6,11,13$1.0
147$9,15,2,4,7,13,8,1,12,14,16,10,3,6,11,2$1.0
148$9,15,2,4,7,13,8,1,12,14,16,10,3,6,11,2$1.0
149$9,15,2,4,7,13,8,1,12,14,16,10,3,6,11,2$1.0
150$9,15,2,4,7,13,8,1,12,14,16,10,3,6,11,7$1.0
151$9,15,2,4,7,13,8,1,12,14,16,10,3,6,11,2$1.0
152$9,15,2,4,7,13,8,1,12,14,16,10,3,6,11,7$1.0
153$9,15,2,4,7,13,8,1,12,14,16,10,3,6,11,2$1.0
154$9,15,2,4,7,13,8,1,12,14,16,10,3,6,11,2$1.0
155$9,15,2,4,7,13,8,1,12,14,16,10,3,6,11,13$1.0
156$9,15,2,4,7,13,8,1,12,14,16,10,3,6,11,2$1.0
157$9,15,2,4,7,13,8,1,12,14,16,10,3,6,11,2$1.0
158$9,15,2,4,7,13,8,1,12,14,16,10,3,6,11,7$1.0
159$9,15,2,4,7,13,8,1,12,14,16,10,3,6,11,13$1.0
160$9,15,2,4,7,13,8,1,12,14,16,10,3,6,11,13$1.0
161$9,15,2,4,7,13,8,1,12,14,16,10,3,6,11,2$1.0
162$9,15,2,4,7,13,8,1,12,14,16,10,3,6,11,2$1.0
163$9,15,2,4,7,13,8,1,12,14,16,10,3,6,11,13$1.0
164$9,15,2,4,7,13,8,1,12,14,16,10,3,6,11,2$1.0
165$9,15,2,4,7,13,8,1,12,14,16,10,3,6,11,13$1.0
166$9,15,2,4,7,13,8,1,12,14,16,10,3,6,11,2$1.0
167$9,15,2,4,7,13,8,1,12,14,16,10,3,6,11,2$1.0
168$9,15,2,4,7,13,8,1,12,14,16,10,3,6,11,2$1.0
169$9,15,2,4,7,13,8,1,12,14,16,10,3,6,11,2$1.0
170$9,15,2,4,7,13,8,1,12,14,16,10,3,6,11,2$1.0
171$9,15,2,4,7,13,8,1,12,14,16,10,3,6,11,2$1.0
172$9,15,2,4,7,13,8,1,12,14,16,10,3,6,11,2$1.0
173$9,15,2,4,7,13,8,1,12,14,16,10,3,6,11,2$1.0
174$9,15,2,4,7,13,8,1,12,14,16,10,3,6,11,2$1.0
175$9,15,2,4,7,13,8,1,12,14,16,10,3,6,11,13$1.0
176$9,15,2,4,7,13,8,1,12,14,16,10,3,6,11,2$1.0
177$9,15,2,4,7,13,8,1,12,14,16,10,3,6,11,2$1.0
178$9,15,2,4,7,13,8,1,12,14,16,10,3,6,11,2$1.0
179$9,15,2,4,7,13,8,1,12,14,16,10,3,6,11,2$1.0
180$9,15,2,4,7,13,8,1,12,14,16,10,3,6,11,2$1.0
181$9,15,2,4,7,13,8,1,12,14,16,10,3,6,11,2$1.0
182$9,15,2,4,7,13,8,1,12,14,16,10,3,6,11,2$1.0
183$9,15,2,4,7,13,8,1,12,14,16,10,3,6,11,2$1.0
184$9,15,2,4,7,13,8,1,12,14,16,10,3,6,11,2$1.0
185$9,15,2,4,7,13,8,1,12,14,16,10,3,6,11,2$1.0
186$9,15,2,4,7,13,8,1,12,14,16,10,3,6,11,2$1.0
187$9,15,2,4,7,13,8,1,12,14,16,10,3,6,11,2$1.0
188$9,15,2,4,7,13,8,1,12,14,16,10,3,6,11,2$1.0
189$9,15,2,4,7,13,8,1,12,14,16,10,3,6,11,2$1.0
190$9,15,2,4,7,13,8,1,12,14,16,10,3,6,11,2$1.0
191$9,15,2,4,7,13,8,1,12,14,16,10,3,6,11,2$1.0
192$9,15,2,4,7,13,8,1,12,14,16,10,3,6,11,2$1.0
193$9,15,2,4,7,13,8,1,12,14,16,10,3,6,11,2$1.0
194$9,15,2,4,7,13,8,1,12,14,16,10,3,6,11,2$1.0
195$9,15,2,4,7,13,8,1,12,14,16,10,3,6,11,2$1.0
196$9,15,2,4,7,13,8,1,12,14,16,10,3,6,11,2$1.0
197$9,15,2,4,7,13,8,1,12,14,16,10,3,6,11,2$1.0
198$9,15,2,4,7,13,8,1,12,14,16,10,3,6,11,2$1.0
199$9,15,2,4,7,13,8,1,12,14,16,10,3,6,11,2$1.0
200$9,15,2,4,7,13,8,1,12,14,16,10,3,6,11,2$1.0
201$9,15,2,4,7,13,8,1,12,14,16,10,3,6,11,2$1.0
202$9,15,2,4,7,13,8,1,12,14,16,10,3,6,11,2$1.0
203$9,15,2,4,7,13,8,1,12,14,16,10,3,6,11,2$1.0
204$9,15,2,4,7,13,8,1,12,14,16,10,3,6,11,2$1.0
205$9,15,2,4,7,13,8,1,12,14,16,10,3,6,11,2$1.0
206$9,15,2,4,7,13,8,1,12,14,16,10,3,6,11,2$1.0
207$9,15,2,4,7,13,8,1,12,14,16,10,3,6,11,2$1.0
208$9,15,2,4,7,13,8,1,12,14,16,10,3,6,11,2$1.0
209$9,15,2,4,7,13,8,1,12,14,16,10,3,6,11,2$1.0
210$9,15,2,4,7,13,8,1,12,14,16,10,3,6,11,2$1.0
211$9,15,2,4,7,13,8,1,12,14,16,10,3,6,11,2$1.0
212$9,15,2,4,7,13,8,1,12,14,16,10,3,6,11,2$1.0
213$9,15,2,4,7,13,8,1,12,14,16,10,3,6,11,2$1.0
214$9,15,2,4,7,13,8,1,12,14,16,10,3,6,11,2$1.0
215$9,15,2,4,7,13,8,1,12,14,16,10,3,6,11,2$1.0
216$9,15,2,4,7,13,8,1,12,14,16,10,3,6,11,2$1.0
217$9,15,2,4,7,13,8,1,12,14,16,10,3,6,11,2$1.0
218$9,15,2,4,7,13,8,1,12,14,16,10,3,6,11,2$1.0
219$9,15,2,4,7,13,8,1,12,14,16,10,3,6,11,2$1.0
220$9,15,2,4,7,13,8,1,12,14,16,10,3,6,11,2$1.0
221$9,15,2,4,7,13,8,1,12,14,16,10,3,6,11,2$1.0
222$9,15,2,4,7,13,8,1,12,14,16,10,3,6,11,2$1.0
223$9,15,2,4,7,13,8,1,12,14,16,10,3,6,11,2$1.0
224$9,15,2,4,7,13,8,1,12,14,16,10,3,6,11,2$1.0
225$9,15,2,4,7,13,8,1,12,14,16,10,3,6,11,2$1.0
226$9,15,2,4,7,13,8,1,12,14,16,10,3,6,11,2$1.0
227$9,15,2,4,7,13,8,1,12,14,16,10,3,6,11,2$1.0
228$9,15,2,4,7,13,8,1,12,14,16,10,3,6,11,2$1.0
229$9,15,2,4,7,13,8,1,12,14,16,10,3,6,11,2$1.0
230$9,15,2,4,7,13,8,1,12,14,16,10,3,6,11,2$1.0
231$9,15,2,4,7,13,8,1,12,14,16,10,3,6,11,2$1.0
232$9,15,2,4,7,13,8,1,12,14,16,10,3,6,11,2$1.0
233$9,15,2,4,7,13,8,1,12,14,16,10,3,6,11,2$1.0
234$9,15,2,4,7,13,8,1,12,14,16,10,3,6,11,2$1.0
235$9,15,2,4,7,13,8,1,12,14,16,10,3,6,11,2$1.0
236$9,15,2,4,7,13,8,1,12,14,16,10,3,6,11,2$1.0
237$9,15,2,4,7,13,8,1,12,14,16,10,3,6,11,7$1.0
238$9,15,2,4,7,13,8,1,12,14,16,10,3,6,11,2$1.0
239$9,15,2,4,7,13,8,1,12,14,16,10,3,6,11,2$1.0
240$9,15,2,4,7,13,8,1,12,14,16,10,3,6,11,2$1.0
241$9,15,2,4,7,13,8,1,12,14,16,10,3,6,11,2$1.0
242$9,15,2,4,7,13,8,1,12,14,16,10,3,6,11,2$1.0
243$9,15,2,4,7,13,8,1,12,14,16,10,3,6,11,2$1.0
244$9,15,2,4,7,13,8,1,12,14,16,10,3,6,11,2$1.0
245$9,15,2,4,7,13,8,1,12,14,16,10,3,6,11,2$1.0
246$9,15,2,4,7,13,8,1,12,14,16,10,3,6,11,2$1.0
247$9,15,2,4,7,13,8,5,12,14,16,10,3,6,11,2$1.0
248$9,15,2,4,7,13,8,1,12,14,16,10,3,6,11,13$1.0
249$9,15,2,4,7,13,8,5,12,14,16,10,3,6,11,2$1.0
250$9,15,2,4,7,13,8,5,12,14,16,10,3,6,11,2$1.0
251$9,15,2,4,7,13,8,5,12,14,16,10,3,6,11,2$1.0
252$9,15,2,4,7,13,8,5,12,14,16,10,3,6,11,7$1.0
253$9,15,2,4,7,13,8,1,12,14,16,10,3,6,11,2$1.0
254$9,15,2,4,7,13,8,1,12,14,16,10,3,6,11,2$1.0
255$9,15,2,4,7,13,8,1,12,14,16,10,3,6,11,2$1.0
256$9,15,2,4,7,13,8,1,12,14,16,10,3,6,11,2$1.0
257$9,15,2,4,7,13,8,1,12,14,16,10,3,6,11,7$1.0
258$9,15,2,4,7,13,8,1,12,14,16,10,3,6,11,2$1.0
259$9,15,2,4,7,13,8,5,12,14,16,10,3,6,11,2$1.0
260$9,15,2,4,7,13,8,5,12,14,16,10,3,6,11,2$1.0
261$9,15,2,4,7,13,8,5,12,14,16,10,3,6,11,2$1.0
262$9,15,2,4,7,13,8,5,12,14,16,10,3,6,11,2$1.0
263$9,15,2,4,7,13,8,5,12,14,16,10,3,6,11,2$1.0
264$9,15,2,4,7,13,8,5,12,14,16,10,3,6,11,2$1.0
265$9,15,2,4,7,13,8,5,12,14,16,10,3,6,11,7$1.0
266$9,15,2,4,7,13,8,1,12,14,16,10,3,6,11,2$1.0
267$9,15,2,4,7,13,8,5,12,14,16,10,3,6,11,2$1.0
268$9,15,2,4,7,13,8,5,12,14,16,10,3,6,11,2$1.0
269$9,15,2,4,7,13,8,5,12,14,16,10,3,6,11,7$1.0
270$9,15,2,4,7,13,8,5,12,14,16,10,3,6,11,2$1.0
271$9,15,2,4,7,13,8,5,12,14,16,10,3,6,11,2$1.0
272$9,15,2,4,7,13,8,1,12,14,16,10,3,6,11,2$1.0
273$9,15,2,4,7,13,8,5,12,14,16,10,3,6,11,2$1.0
274$9,15,2,4,7,13,8,5,12,14,16,10,3,6,11,2$1.0
275$9,15,2,4,7,13,8,5,12,14,16,10,3,6,11,2$1.0
276$9,15,2,4,7,13,8,5,12,14,16,10,3,6,11,2$1.0
277$9,15,2,4,7,13,8,5,12,14,16,10,3,6,11,2$1.0
278$9,15,2,4,7,13,8,5,12,14,16,10,3,6,11,2$1.0
279$9,15,2,4,7,13,8,5,12,14,16,10,3,6,11,2$1.0
280$9,15,2,4,7,13,8,5,12,14,16,10,3,6,11,2$1.0
281$9,15,2,4,7,13,8,5,12,14,16,10,3,6,11,2$1.0
282$9,15,2,4,7,13,8,1,12,14,16,10,3,6,11,2$1.0
283$13,15,2,4,7,13,8,5,12,14,16,10,3,6,11,9$1.0
284$9,15,2,4,7,13,8,5,12,14,16,10,3,6,11,2$1.0
285$9,15,2,4,7,13,8,5,12,14,16,10,3,6,11,9$1.0
286$9,15,2,4,7,13,8,5,12,14,16,10,3,6,11,9$1.0
287$9,15,2,4,7,13,8,5,12,14,16,10,3,6,11,9$1.0
288$9,15,2,4,7,13,8,5,12,14,16,10,3,6,11,9$1.0
289$9,15,2,4,7,13,8,5,12,14,16,10,3,6,11,9$1.0
290$9,15,2,4,7,13,8,5,12,14,16,10,3,6,11,9$1.0
291$9,15,2,4,7,13,8,5,12,1,16,10,3,6,11,2$1.0
292$9,15,2,4,7,13,8,1,12,14,16,10,3,6,11,2$1.0
293$9,15,2,4,7,13,8,5,12,14,16,10,3,6,11,2$1.0
294$9,15,2,4,7,13,8,5,12,14,16,10,3,6,11,2$1.0
295$9,15,2,4,7,13,8,5,12,14,16,10,3,6,11,2$1.0
296$9,15,2,4,7,13,8,5,12,14,16,10,3,6,11,2$1.0
297$9,15,2,4,7,13,8,5,12,14,16,10,3,6,11,2$1.0
298$9,15,2,4,7,13,8,5,12,14,16,10,3,6,11,2$1.0
299$9,15,2,4,7,13,8,5,12,14,16,10,3,6,11,2$1.0
300$9,15,2,4,7,13,8,5,12,14,16,10,3,6,11,7$1.0
301$9,15,2,4,7,13,8,1,12,14,16,10,3,6,11,7$1.0
302$9,15,2,4,7,13,8,5,12,14,16,10,3,6,11,2$1.0
303$9,15,2,4,7,13,8,5,12,14,16,10,3,6,11,2$1.0
304$9,15,2,4,7,13,8,1,12,14,16,10,3,6,11,7$1.0
305$9,15,2,4,7,13,8,1,12,14,16,10,3,6,11,7$1.0
306$9,15,2,4,7,13,8,1,12,14,16,10,3,6,11,7$1.0
307$9,15,2,4,7,13,8,1,12,14,16,10,3,6,11,2$1.0
308$9,15,2,4,7,13,8,5,12,14,16,10,3,6,11,2$1.0
309$9,15,2,4,7,13,8,5,12,14,16,10,3,6,11,2$1.0
310$9,15,2,4,7,13,8,5,12,14,16,10,3,6,11,2$1.0
311$9,15,2,4,7,13,8,1,12,14,16,10,3,6,11,2$1.0
312$9,15,2,4,7,13,8,5,12,14,16,10,3,6,11,2$1.0
313$9,15,2,4,7,13,8,1,12,14,16,10,3,6,11,2$1.0
314$9,15,2,4,7,13,8,5,12,14,16,10,3,6,11,2$1.0
315$9,15,2,4,7,13,8,5,12,14,16,10,3,6,11,2$1.0
316$9,15,2,4,7,13,8,1,12,14,16,10,3,6,11,2$1.0
317$9,15,2,4,7,13,8,5,12,14,16,10,3,6,11,2$1.0
318$9,15,2,4,7,13,8,5,12,14,16,10,3,6,11,2$1.0
319$9,15,2,4,7,13,8,1,12,14,16,10,3,6,11,2$1.0
320$9,15,2,4,7,13,8,5,12,14,16,10,3,6,11,2$1.0
321$9,15,2,4,7,13,8,5,12,14,16,10,3,6,11,2$1.0
322$9,15,2,4,7,13,8,1,12,14,16,10,3,6,11,2$1.0
323$9,15,2,4,7,13,8,5,12,14,16,10,3,6,11,2$1.0
324$9,15,2,4,7,13,8,5,12,14,16,10,3,6,11,2$1.0
325$9,15,2,4,7,13,8,1,12,14,16,10,3,6,11,2$1.0
326$9,15,2,4,7,13,8,1,12,14,16,10,3,6,11,2$1.0
327$9,15,2,4,7,13,8,1,12,14,16,10,3,6,11,2$1.0
328$9,15,2,4,7,13,8,1,12,14,16,10,3,6,11,2$1.0
329$9,15,2,4,7,13,8,1,12,14,16,10,3,6,11,2$1.0
330$9,15,2,4,7,13,8,1,12,14,16,10,3,6,11,2$1.0
331$9,15,2,4,7,13,8,1,12,14,16,10,3,6,11,2$1.0
332$9,15,2,4,7,13,8,1,12,14,16,10,3,6,11,2$1.0
333$9,15,2,4,7,13,8,5,12,14,16,10,3,6,11,2$1.0
334$9,15,2,4,7,13,8,1,12,14,16,10,3,6,11,2$1.0
335$9,15,2,4,7,13,8,1,12,14,16,10,3,6,11,2$1.0
336$9,15,2,4,7,13,8,1,12,14,16,10,3,6,11,7$1.0
337$9,15,2,4,7,13,8,1,12,14,16,10,3,6,11,2$1.0
338$9,15,2,4,7,13,8,1,12,14,16,10,3,6,11,2$1.0
339$9,15,2,4,7,13,8,1,12,14,16,10,3,6,11,7$1.0
340$9,15,2,4,7,13,8,1,12,14,16,10,3,6,11,2$1.0
341$9,15,2,4,7,13,8,1,12,14,16,10,3,6,11,2$1.0
342$9,15,2,4,7,13,8,1,12,14,16,10,3,6,11,7$1.0
343$9,15,2,4,7,13,8,5,12,14,16,10,3,6,11,2$1.0
344$9,15,2,4,7,13,8,1,12,14,16,10,3,6,11,2$1.0
345$9,15,2,4,7,13,8,5,12,14,16,10,3,6,11,2$1.0
346$9,15,2,4,7,13,8,1,12,14,16,10,3,6,11,2$1.0
347$9,15,2,4,7,13,8,1,12,14,16,10,3,6,11,2$1.0
348$9,15,2,4,7,13,8,1,12,14,16,10,3,6,11,7$1.0
349$9,15,2,4,7,13,8,1,12,14,16,10,3,6,11,7$1.0
350$9,15,2,4,7,13,8,1,12,14,16,10,3,6,11,7$1.0
351$9,15,2,4,7,13,8,1,12,14,16,10,3,6,11,2$1.0
352$9,15,2,4,7,13,8,1,12,14,16,10,3,6,11,7$1.0
353$9,15,2,4,7,13,8,5,12,14,16,10,3,6,11,7$1.0
354$9,15,2,4,7,13,8,1,12,14,16,10,3,6,11,2$1.0
355$9,15,2,4,7,13,8,1,12,14,16,10,3,6,11,7$1.0
356$9,15,2,4,7,13,8,1,12,14,16,10,3,6,11,7$1.0
357$9,15,2,4,7,13,8,1,12,14,16,10,3,6,11,2$1.0
358$9,15,2,4,7,13,8,1,12,14,16,10,3,6,11,7$1.0
359$9,15,2,4,7,13,8,1,12,14,16,10,3,6,11,2$1.0
360$9,15,2,4,7,13,8,1,12,14,16,10,3,6,11,7$1.0
361$9,15,2,4,7,13,8,1,12,14,16,10,3,6,11,7$1.0
362$9,15,2,4,7,13,8,1,12,14,16,10,3,6,11,2$1.0
363$9,15,2,4,7,13,8,1,12,14,16,10,3,6,11,2$1.0
364$9,15,2,4,7,1,8,1,12,14,16,10,3,6,11,13$1.0
365$9,15,2,4,7,13,8,1,12,14,16,10,3,6,11,7$1.0
366$9,15,2,4,7,13,8,1,12,14,16,10,3,6,11,2$1.0
367$9,15,2,4,7,13,8,1,12,14,16,10,3,6,11,2$1.0
368$9,15,2,4,7,13,8,1,12,14,16,10,3,6,11,7$1.0
369$9,15,2,4,7,13,8,1,12,14,16,10,3,6,11,7$1.0
370$9,15,2,4,7,13,8,1,12,14,16,10,3,6,11,2$1.0
371$9,15,2,4,7,13,8,1,4,14,16,10,3,6,11,5$1.0
372$9,15,2,4,7,13,8,1,4,14,16,10,3,6,11,5$1.0
373$9,15,2,4,7,13,8,1,12,14,16,10,3,6,11,2$1.0
374$9,15,2,4,7,13,8,5,12,14,16,10,3,6,11,2$1.0
375$9,15,2,4,7,13,8,1,12,14,16,10,3,6,11,2$1.0
376$9,15,2,4,7,13,8,1,12,14,16,10,3,6,11,2$1.0
377$9,15,2,4,7,13,8,1,12,14,16,10,3,6,11,2$1.0
378$9,15,2,4,7,13,8,1,12,14,16,10,3,6,11,2$1.0
379$9,15,2,4,7,13,8,1,12,14,16,10,3,6,11,2$1.0
380$9,15,2,4,7,13,8,1,12,14,16,10,3,6,11,2$1.0
381$9,15,2,4,7,13,8,1,12,14,16,10,3,6,11,2$1.0
382$9,15,2,4,7,13,8,1,12,14,16,10,3,6,11,2$1.0
383$9,15,2,4,7,13,8,1,12,14,16,10,3,6,11,2$1.0
384$9,15,2,4,7,13,8,1,12,14,16,10,3,6,11,2$1.0
385$9,15,2,4,7,13,8,1,12,14,16,10,3,6,11,2$1.0
386$9,15,2,4,7,13,8,1,12,14,16,10,3,6,11,2$1.0
387$9,15,2,4,7,13,8,1,12,14,16,10,3,6,11,2$1.0
388$9,15,2,4,7,13,8,1,12,14,16,10,3,6,11,2$1.0
389$9,15,2,4,7,13,8,1,12,14,16,10,3,6,11,2$1.0
390$9,15,2,4,7,13,8,1,12,14,16,10,3,6,11,2$1.0
391$9,15,2,4,7,13,8,1,12,14,16,10,3,6,11,2$1.0
392$9,15,2,4,7,13,8,1,12,14,16,10,3,6,11,2$1.0
393$9,15,2,4,7,13,8,1,12,14,16,10,3,6,11,2$1.0
394$9,15,2,4,7,13,8,1,12,14,16,10,3,6,11,7$1.0
395$9,15,2,4,7,13,8,1,12,14,16,10,3,6,11,2$1.0
396$9,15,2,4,7,13,8,1,12,14,16,10,3,6,11,2$1.0
397$9,15,2,4,7,13,8,1,12,14,16,10,3,6,11,2$1.0
398$9,15,2,4,7,13,8,1,12,14,16,10,3,6,11,2$1.0
399$9,15,2,4,7,13,8,1,12,14,16,10,3,6,11,2$1.0
400$9,15,2,4,7,13,8,1,12,14,16,10,3,6,11,2$1.0
401$9,15,2,4,7,13,8,1,12,14,16,10,3,6,11,2$1.0
402$9,15,2,4,7,13,8,1,12,14,16,10,3,6,11,2$1.0
403$9,15,2,4,7,13,8,1,12,14,16,10,3,6,11,2$1.0
404$9,15,2,4,7,13,8,1,12,14,16,10,3,6,11,2$1.0
405$9,15,2,4,7,13,8,5,12,1,16,10,3,6,11,2$1.0
406$9,15,2,4,7,13,8,1,12,14,16,10,3,6,11,2$1.0
407$9,15,2,4,7,13,8,1,12,14,16,10,3,6,11,2$1.0
408$9,15,2,4,7,13,8,5,12,1,16,10,3,6,11,2$1.0
409$9,15,2,4,7,13,8,1,12,14,16,10,3,6,11,2$1.0
410$9,15,2,4,7,13,8,1,12,14,16,10,3,6,11,2$1.0
411$9,15,2,4,7,13,8,1,12,14,16,10,3,6,11,2$1.0
412$9,15,2,4,7,13,8,1,12,14,16,10,3,6,11,2$1.0
413$9,15,2,4,7,13,8,1,12,14,16,10,3,6,11,2$1.0
414$9,15,2,4,7,13,8,1,12,14,16,10,3,6,11,2$1.0
415$9,15,2,4,7,13,8,1,12,14,16,10,3,6,11,2$1.0
416$9,15,2,4,7,13,8,1,12,14,16,10,3,6,11,2$1.0
417$9,15,2,4,7,13,8,1,12,14,16,10,3,6,11,2$1.0
418$9,15,2,4,7,13,8,1,12,14,16,10,3,6,11,2$1.0
419$9,15,2,4,7,13,8,1,12,14,16,10,3,6,11,2$1.0
420$9,15,2,4,7,13,8,1,12,14,16,10,3,6,11,2$1.0
421$9,15,2,4,7,13,8,1,12,14,16,10,3,6,11,2$1.0
422$9,15,2,4,7,13,8,1,12,14,16,10,3,6,11,2$1.0
423$9,15,2,4,7,13,8,1,12,14,16,10,3,6,11,2$1.0
424$9,15,2,4,7,13,8,1,12,14,16,10,3,6,11,2$1.0
425$9,15,2,4,7,13,8,1,12,14,16,10,3,6,11,2$1.0
426$9,15,2,4,7,13,8,1,12,14,16,10,3,6,11,2$1.0
427$9,15,2,4,7,13,8,1,12,14,16,10,3,6,11,2$1.0
428$9,15,2,4,7,13,8,1,12,14,16,10,3,6,11,2$1.0
429$9,15,2,4,7,13,8,1,12,14,16,10,3,6,11,2$1.0
430$9,15,2,4,7,13,8,1,12,14,16,10,3,6,11,2$1.0
431$9,15,2,4,7,13,8,1,12,14,16,10,3,6,11,2$1.0
432$9,15,2,4,7,13,8,1,12,14,16,10,3,6,11,2$1.0
433$9,15,2,4,7,13,8,1,12,14,16,10,3,6,11,2$1.0
434$9,15,2,4,7,13,8,1,12,14,16,10,3,6,11,2$1.0
435$9,15,2,4,7,13,8,1,12,14,16,10,3,6,11,2$1.0
436$9,15,2,4,7,13,8,1,12,14,16,10,3,6,11,2$1.0
437$9,15,2,4,7,13,8,1,12,14,16,10,3,6,11,2$1.0
438$9,15,2,4,7,13,8,5,12,14,16,10,3,6,11,2$1.0
439$9,15,2,4,7,13,8,1,12,14,16,10,3,6,11,2$1.0
440$9,15,2,4,7,13,8,1,12,14,16,10,3,6,11,2$1.0
441$9,15,2,4,7,13,8,1,12,14,16,10,3,6,11,2$1.0
442$9,15,2,4,7,13,8,1,12,14,16,10,3,6,11,7$1.0
443$9,15,2,4,7,13,8,1,12,14,16,10,3,6,11,2$1.0
444$9,15,2,4,7,13,8,1,12,14,16,10,3,6,11,2$1.0
445$9,15,2,4,7,13,8,1,12,14,16,10,3,6,11,2$1.0
446$9,15,2,4,7,13,8,1,12,14,16,10,3,6,11,2$1.0
447$9,15,2,4,7,13,8,1,12,14,16,10,3,6,11,2$1.0
448$9,15,2,4,7,13,8,1,12,14,16,10,3,6,11,2$1.0
449$9,15,2,4,7,13,8,1,12,14,16,10,3,6,11,2$1.0
450$9,15,2,4,7,13,8,1,12,14,16,10,3,6,11,2$1.0
451$9,15,2,4,7,13,8,1,12,14,16,10,3,6,11,2$1.0
452$9,15,2,4,7,13,8,1,12,14,16,10,3,6,11,2$1.0
453$9,15,2,4,7,13,8,1,12,14,16,10,3,6,11,2$1.0
454$9,15,2,4,7,13,8,1,12,14,16,10,3,6,11,2$1.0
455$9,15,2,4,7,13,8,1,12,14,16,10,3,6,11,2$1.0
456$9,15,2,4,7,13,8,1,12,14,16,10,3,6,11,13$1.0
457$9,15,2,4,7,13,8,1,12,14,16,10,3,6,11,2$1.0
458$9,15,2,4,7,13,8,1,12,14,16,10,3,6,11,2$1.0
459$9,15,2,4,7,13,8,1,12,14,16,10,3,6,11,2$1.0
460$9,15,2,4,7,13,8,1,12,14,16,10,3,6,11,2$1.0
461$9,15,2,4,7,13,8,1,12,14,16,10,3,6,11,2$1.0
462$9,15,2,4,7,13,8,1,4,14,16,10,3,6,11,5$1.0
463$9,15,2,4,7,13,8,1,12,14,16,10,3,6,11,7$1.0
464$9,15,2,4,7,13,8,1,12,14,16,10,3,6,11,2$1.0
465$9,15,2,4,7,1,8,1,12,14,16,10,3,6,11,13$1.0
466$9,15,2,4,7,1,8,1,12,14,16,10,3,6,11,13$1.0
467$9,15,2,4,7,13,8,1,12,14,16,10,3,6,11,13$1.0
468$9,15,2,4,7,13,8,1,12,14,16,10,3,6,11,7$1.0
469$9,15,2,4,7,13,8,1,12,14,16,10,3,6,11,2$1.0
470$9,15,2,4,7,13,8,1,12,14,16,10,3,6,11,2$1.0
471$9,15,2,4,7,13,8,1,12,14,16,10,3,6,11,7$1.0
472$9,15,2,4,7,13,8,1,12,14,16,10,3,6,11,13$1.0
473$9,15,2,4,7,1,8,1,12,14,16,10,3,6,11,13$1.0
474$9,15,2,4,7,13,8,1,12,14,16,10,3,6,11,13$1.0
475$9,15,2,4,7,13,8,1,12,14,16,10,3,6,11,2$1.0
476$9,15,2,4,7,13,8,1,12,14,16,10,3,6,11,13$1.0
477$9,15,2,4,7,13,8,1,12,14,16,10,3,6,11,13$1.0
478$9,15,2,4,7,13,8,1,12,14,16,10,3,6,11,13$1.0
479$9,15,2,4,7,13,8,1,12,14,16,10,3,6,11,13$1.0
480$9,15,2,4,7,13,8,1,12,14,16,10,3,6,11,2$1.0
481$9,15,2,4,7,13,8,1,12,14,16,10,3,6,11,7$1.0
482$9,15,2,4,7,13,8,1,12,14,16,10,3,6,11,2$1.0
483$9,15,2,4,7,13,8,1,12,14,16,10,3,6,11,7$1.0
484$9,15,2,4,7,13,8,1,12,14,16,10,3,6,11,7$1.0
485$9,15,2,4,7,13,8,1,12,14,16,10,3,6,11,7$1.0
486$9,15,2,4,7,13,8,1,12,14,16,10,3,6,11,7$1.0
487$9,15,2,4,7,13,8,1,12,14,16,10,3,6,11,7$1.0
488$9,15,2,4,7,13,8,1,12,14,16,10,3,6,11,7$1.0
489$9,15,2,4,7,13,8,1,12,14,16,10,3,6,11,13$1.0
490$9,15,2,4,7,13,8,1,12,14,16,10,3,6,11,2$1.0
491$9,15,2,4,7,13,8,1,12,14,16,10,3,6,11,7$1.0
492$9,15,2,4,7,13,8,1,12,14,16,10,3,6,11,7$1.0
493$9,15,2,4,7,1,8,1,12,14,16,10,3,6,11,13$1.0
494$9,15,2,4,7,13,8,1,12,14,16,10,3,6,11,7$1.0
495$9,15,2,4,7,13,8,1,12,14,16,10,3,6,11,7$1.0
496$9,15,2,4,7,13,8,1,12,14,16,10,3,6,11,7$1.0
497$9,15,2,4,7,13,8,1,12,14,16,10,3,6,11,13$1.0
498$9,15,2,4,7,13,8,1,12,14,16,10,3,6,11,2$1.0
499$9,15,2,4,7,13,8,1,12,14,16,10,3,6,11,7$1.0
500$9,15,2,4,7,13,8,1,12,14,16,10,3,6,11,7$1.0
501$9,15,2,4,7,13,8,1,12,14,16,10,3,6,11,7$1.0
502$9,15,2,4,7,13,8,1,12,14,16,10,3,6,11,7$1.0
503$9,15,2,4,7,13,8,1,12,14,16,10,3,6,11,7$1.0
504$9,15,2,4,7,13,8,1,12,14,16,10,3,6,11,7$1.0
505$9,15,2,4,7,13,8,1,12,14,16,10,3,6,11,7$1.0
506$9,15,2,4,7,13,8,1,12,14,16,10,3,6,11,7$1.0
507$9,15,2,4,7,13,8,1,12,14,16,10,3,6,11,7$1.0
508$9,15,2,4,7,13,8,1,12,14,16,10,3,6,11,13$1.0
509$9,15,2,4,7,13,8,1,12,14,16,10,3,6,11,7$1.0
510$9,15,2,4,7,13,8,1,12,14,16,10,3,6,11,7$1.0
511$9,15,2,4,7,13,8,1,12,14,16,10,3,6,11,7$1.0
512$9,15,2,4,7,13,8,1,12,14,16,10,3,6,11,2$1.0
513$9,15,2,4,7,13,8,1,12,14,16,10,3,6,11,7$1.0
514$9,15,2,4,2,13,8,1,12,14,16,10,3,6,11,7$1.0
515$9,15,2,4,7,13,8,1,12,14,16,10,3,6,11,7$1.0
516$9,15,2,4,2,13,8,1,12,14,16,10,3,6,11,7$1.0
517$9,15,2,4,7,13,8,1,12,14,16,10,3,6,11,7$1.0
518$9,15,2,4,7,13,8,1,12,14,16,10,3,6,11,7$1.0
519$9,15,2,4,7,13,8,1,12,14,16,10,3,6,11,7$1.0
520$9,15,2,4,7,13,8,1,12,14,16,10,3,6,11,7$1.0
521$9,15,2,4,7,13,8,1,12,14,16,10,3,6,11,7$1.0
522$9,15,2,4,7,13,8,1,12,14,16,10,3,6,11,7$1.0
523$9,15,2,4,7,13,8,1,12,14,16,10,3,6,11,7$1.0
524$9,15,2,4,7,13,8,1,12,14,16,10,3,6,11,7$1.0
525$9,15,2,4,7,13,8,1,12,14,16,10,3,6,11,7$1.0
526$9,15,2,4,7,13,8,1,12,14,16,10,3,6,11,7$1.0
527$9,15,2,4,7,13,8,1,12,14,16,10,3,6,11,7$1.0
528$9,15,2,4,7,13,8,1,12,14,16,10,3,6,11,7$1.0
529$9,15,2,4,7,13,8,1,12,14,16,10,3,6,11,7$1.0
530$9,15,2,4,7,13,8,1,12,14,16,10,3,6,11,7$1.0
531$9,15,2,4,7,13,8,1,12,14,16,10,3,6,11,7$1.0
532$9,15,2,4,7,13,8,1,12,14,16,10,3,6,11,7$1.0
533$9,15,2,4,7,13,8,1,12,14,16,10,3,6,11,7$1.0
534$9,15,2,4,7,13,8,1,12,14,16,10,3,6,11,7$1.0
535$9,15,2,4,2,13,8,1,12,14,16,10,3,6,11,7$1.0
536$9,15,2,4,7,13,8,1,12,14,16,10,3,6,11,7$1.0
537$9,15,2,4,7,13,8,1,12,14,16,10,3,6,11,7$1.0
538$9,15,2,4,7,13,8,5,12,14,16,10,3,6,11,7$1.0
539$9,15,2,14,7,13,8,5,12,4,16,10,3,6,11,7$1.0
540$9,15,2,4,7,13,8,1,12,14,16,10,3,6,11,2$1.0
541$9,15,2,4,7,13,8,1,12,14,16,10,3,6,11,7$1.0
542$9,15,2,4,7,13,8,1,12,14,16,10,3,6,11,7$1.0
543$9,15,2,4,7,13,8,1,12,14,16,10,3,6,11,7$1.0
544$9,15,2,4,7,13,8,1,12,14,16,10,3,6,11,7$1.0
545$9,15,2,4,7,13,8,5,12,14,16,10,3,6,11,7$1.0
546$9,15,2,4,7,13,8,1,12,14,16,10,3,6,11,7$1.0
547$9,15,2,4,7,1,8,5,12,14,16,10,3,6,11,7$1.0
548$9,15,2,4,7,13,8,1,12,14,16,10,3,6,11,7$1.0
549$9,15,2,4,7,13,8,1,12,14,16,10,3,6,11,7$1.0
550$9,15,2,4,7,13,8,1,12,14,16,10,3,6,11,7$1.0
551$9,15,2,4,7,13,8,1,12,14,16,10,3,6,11,7$1.0
552$9,15,2,4,7,13,8,5,12,14,16,10,3,6,11,7$1.0
553$9,15,2,4,7,13,8,1,12,14,16,10,3,6,11,7$1.0
554$9,15,2,4,7,13,8,5,12,14,16,10,3,6,11,7$1.0
555$9,1,15,4,7,13,8,5,12,14,16,10,3,6,11,7$1.0
556$9,1,15,4,7,13,8,5,12,14,16,10,3,6,11,7$1.0
557$9,15,2,4,7,13,8,5,12,14,16,10,1,6,11,7$1.0
558$9,1,15,4,7,13,8,5,12,14,16,10,3,6,11,7$1.0
559$9,1,15,4,7,13,8,5,12,14,16,10,3,6,11,7$1.0
560$9,15,2,4,7,13,8,5,12,14,16,10,3,6,11,7$1.0
561$9,15,2,4,7,13,8,1,12,14,16,10,3,6,11,7$1.0
562$9,15,2,4,7,13,8,1,12,14,16,10,3,6,11,7$1.0
563$9,15,2,4,7,13,8,1,12,14,16,10,3,6,11,7$1.0
564$9,15,2,4,7,13,8,1,12,14,16,10,3,6,11,7$1.0
565$9,15,2,4,7,13,8,1,12,14,16,10,3,6,11,2$1.0
566$9,15,2,4,7,13,8,1,12,14,16,10,3,6,11,7$1.0
567$9,15,2,4,7,13,8,1,12,14,16,10,3,6,11,7$1.0
568$9,15,2,4,7,13,8,1,12,14,16,10,3,6,11,7$1.0
569$9,15,2,4,7,13,8,1,12,14,16,10,3,6,11,7$1.0
570$9,15,2,4,7,13,8,1,12,14,16,10,3,6,11,7$1.0
571$9,15,2,4,7,13,8,1,12,14,16,10,3,6,11,13$1.0
572$9,15,2,4,7,13,8,1,12,14,16,10,3,6,11,7$1.0
573$9,15,2,4,7,13,8,1,12,14,16,10,3,6,11,7$1.0
574$9,15,2,4,7,13,8,1,12,14,16,10,3,6,11,7$1.0
575$9,15,2,4,7,13,8,1,12,14,16,10,3,6,11,7$1.0
576$9,15,2,4,7,13,8,1,12,14,16,10,3,6,11,7$1.0
577$9,15,2,4,7,13,8,1,12,14,16,10,3,6,11,7$1.0
578$9,15,2,4,7,13,8,1,12,14,16,10,3,6,11,7$1.0
579$9,15,2,4,7,13,8,1,12,14,16,10,3,6,11,7$1.0
580$9,15,2,4,7,13,8,1,12,14,16,10,3,6,11,7$1.0
581$9,15,2,4,7,13,8,1,12,14,16,10,3,6,11,7$1.0
582$9,15,2,4,7,13,8,1,12,14,16,10,3,6,11,7$1.0
583$9,15,2,4,7,13,8,1,12,14,16,10,3,6,11,7$1.0
584$9,15,2,4,7,13,8,1,12,14,16,10,3,6,11,7$1.0
585$9,15,2,4,7,13,8,1,12,14,16,10,3,6,11,7$1.0
586$9,15,2,4,7,13,8,1,12,14,16,10,3,6,11,7$1.0
587$9,15,2,4,7,13,8,1,12,14,16,10,3,6,11,7$1.0
588$9,15,2,4,7,13,8,1,12,14,16,10,3,6,11,7$1.0
589$9,15,2,4,7,13,8,1,12,14,16,10,3,6,11,7$1.0
590$9,15,2,4,7,13,8,1,12,14,16,10,3,6,11,7$1.0
591$9,15,2,4,7,13,8,1,12,14,16,10,3,6,11,7$1.0
592$9,15,2,4,7,13,8,1,12,14,16,10,3,6,11,7$1.0
593$9,15,2,4,7,13,8,1,12,14,16,10,3,6,11,7$1.0
594$9,15,2,4,7,13,8,1,12,14,16,10,3,6,11,7$1.0
595$9,15,2,4,7,13,8,1,12,14,16,10,3,6,11,2$1.0
596$9,15,2,4,7,13,8,1,12,14,16,10,3,6,11,7$1.0
597$9,15,2,4,7,13,8,1,12,14,16,10,3,6,11,7$1.0
598$9,15,2,4,7,13,8,1,12,14,16,10,3,6,11,7$1.0
599$9,15,2,4,7,13,8,1,12,14,16,10,3,6,11,7$1.0
600$9,15,2,4,7,13,8,1,12,14,16,10,3,6,11,7$1.0
601$9,15,2,4,7,13,8,1,12,14,16,10,3,6,11,7$1.0
602$9,15,2,4,7,13,8,1,12,14,16,10,3,6,11,7$1.0
603$9,15,2,4,7,13,8,1,12,14,16,10,3,6,11,7$1.0
604$9,15,2,4,7,13,8,1,12,14,16,10,3,6,11,7$1.0
605$9,15,2,4,7,13,8,1,12,14,16,10,3,6,11,7$1.0
606$9,15,2,4,7,13,8,1,12,14,16,10,3,6,11,7$1.0
607$9,15,2,4,7,13,8,1,12,14,16,10,3,6,11,2$1.0
608$9,15,2,4,7,13,8,1,12,14,16,10,3,6,11,2$1.0
609$9,15,2,4,7,13,8,1,12,14,16,10,3,6,11,13$1.0
610$9,15,2,4,7,13,8,1,12,14,16,10,3,6,11,7$1.0
611$9,15,2,4,7,13,8,1,12,14,16,10,3,6,11,7$1.0
612$9,15,2,4,7,13,8,1,12,14,16,10,3,6,11,7$1.0
613$9,15,2,4,7,13,8,1,12,14,16,10,3,6,11,7$1.0
614$9,15,2,4,7,13,8,1,12,14,16,10,3,6,11,13$1.0
615$9,15,2,4,7,13,8,1,12,14,16,10,3,6,11,2$1.0
616$9,15,2,4,7,13,8,1,12,14,16,10,3,6,11,13$1.0
617$9,15,2,4,7,13,8,1,12,14,16,10,3,6,11,13$1.0
618$9,15,2,4,7,13,8,1,12,14,16,10,3,6,11,13$1.0
619$9,15,2,4,7,13,8,1,12,14,16,10,3,6,11,7$1.0
620$9,15,2,4,7,13,8,1,12,14,16,10,3,6,11,7$1.0
621$9,15,2,4,7,13,8,1,12,14,16,10,3,6,11,7$1.0
622$9,15,2,4,7,13,8,1,12,14,16,10,3,6,11,7$1.0
623$9,15,2,4,7,13,8,1,12,14,16,10,3,6,11,7$1.0
624$9,15,2,14,7,13,8,1,12,4,16,10,3,6,11,7$1.0
625$9,15,2,4,7,13,8,1,12,14,16,10,3,6,11,7$1.0
626$9,15,2,14,7,13,8,1,12,4,16,10,3,6,11,7$1.0
627$9,15,2,14,7,13,8,1,12,4,16,10,3,6,11,7$1.0
628$9,15,2,4,7,13,8,1,12,14,16,10,3,6,11,13$1.0
629$9,15,2,4,7,13,8,1,12,14,16,10,3,6,11,7$1.0
630$9,15,2,4,7,13,8,1,12,14,16,10,3,6,11,7$1.0
631$9,15,2,4,7,13,8,1,12,14,16,10,3,6,11,7$1.0
632$9,15,2,4,7,1,8,1,12,14,16,10,3,6,11,13$1.0
633$9,15,2,4,7,13,8,1,12,14,16,10,3,6,11,7$1.0
634$9,15,2,4,7,13,8,1,12,14,16,10,3,6,11,7$1.0
635$9,15,2,4,7,13,8,1,12,14,16,10,3,6,11,13$1.0
636$9,15,2,4,7,13,8,1,12,14,16,10,3,6,11,13$1.0
637$9,15,2,4,7,13,8,1,12,14,16,10,3,6,11,13$1.0
638$9,15,2,4,7,13,8,1,12,14,16,10,3,6,11,7$1.0
639$9,15,2,4,7,13,8,1,12,14,16,10,3,6,11,7$1.0
640$9,15,2,4,7,13,8,1,12,14,16,10,3,6,11,7$1.0
641$9,15,2,4,7,13,8,1,12,14,16,10,3,6,11,13$1.0
642$9,15,2,4,7,13,8,1,12,14,16,10,3,6,11,13$1.0
643$9,15,2,4,7,12,8,1,12,14,16,10,3,6,11,13$1.0
644$9,15,2,4,7,13,8,1,12,14,16,10,3,6,11,13$1.0
645$9,15,2,4,7,13,8,1,12,14,16,10,3,6,11,13$1.0
646$9,15,2,4,7,13,8,1,12,14,16,10,3,6,11,7$1.0
647$9,15,2,4,7,13,8,1,12,14,16,10,3,6,11,13$1.0
648$9,15,2,4,7,13,8,1,12,14,16,10,3,6,11,7$1.0
649$9,15,2,4,7,13,8,1,12,14,16,10,3,6,11,13$1.0
650$9,15,2,4,7,1,8,1,12,14,16,10,3,6,11,13$1.0
651$9,15,2,4,7,13,8,1,12,14,16,10,3,6,11,7$1.0
652$9,15,2,4,7,13,8,1,12,14,16,10,3,6,11,13$1.0
653$9,15,2,4,7,13,8,1,12,14,16,10,3,6,11,2$1.0
654$9,15,2,4,7,13,8,1,12,14,16,10,3,6,11,7$1.0
655$9,15,2,4,7,13,8,1,12,14,16,10,3,6,11,13$1.0
656$9,15,2,4,7,13,8,1,12,14,16,10,3,6,11,13$1.0
657$9,15,2,4,7,13,8,1,12,14,16,10,3,6,11,13$1.0
658$9,15,2,4,7,13,8,1,12,14,16,10,3,6,11,13$1.0
659$9,15,2,4,7,13,8,1,12,14,16,10,3,6,11,13$1.0
660$9,15,2,4,7,13,8,1,12,14,16,10,3,6,11,13$1.0
661$9,15,2,4,7,13,8,1,12,14,16,10,3,6,11,13$1.0
662$9,15,2,4,7,13,8,1,12,14,16,10,3,6,11,13$1.0
663$9,15,2,4,7,13,8,1,12,14,16,10,3,6,11,13$1.0
664$9,15,2,4,7,13,8,1,12,14,16,10,3,6,11,13$1.0
665$9,15,2,4,7,13,8,1,12,14,16,10,3,6,11,13$1.0
666$9,15,2,4,7,13,8,1,12,14,16,10,3,6,11,13$1.0
667$9,15,2,4,7,13,8,1,12,14,16,10,3,6,11,13$1.0
668$9,15,2,4,7,13,8,1,12,14,16,10,3,6,11,13$1.0
669$9,15,2,4,7,13,8,1,12,14,16,10,3,6,11,13$1.0
670$9,15,2,4,7,13,8,1,12,14,16,10,3,6,11,13$1.0
671$9,15,2,4,7,13,8,1,12,14,16,10,3,6,11,13$1.0
672$9,15,2,4,7,13,8,1,12,14,16,10,3,6,11,13$1.0
673$9,15,2,4,7,13,8,1,12,14,16,10,3,6,11,13$1.0
674$9,15,2,4,7,13,8,1,12,14,16,10,3,6,11,13$1.0
675$9,15,2,4,7,13,8,1,12,14,16,10,3,6,11,13$1.0
676$9,15,2,4,7,12,8,1,12,14,16,10,3,6,11,13$1.0
677$9,15,2,4,7,13,8,1,12,14,16,10,3,6,11,13$1.0
678$9,15,2,4,7,13,8,1,12,14,16,10,3,6,11,13$1.0
679$9,15,2,4,7,13,8,1,12,14,16,10,3,6,11,13$1.0
680$9,15,2,4,7,13,8,1,12,14,16,10,3,6,11,13$1.0
681$9,15,2,4,7,1,8,1,12,14,16,10,3,6,11,13$1.0
682$9,15,2,4,7,13,8,1,12,14,16,10,3,6,11,7$1.0
683$9,15,2,4,7,13,8,1,12,14,16,10,3,6,11,13$1.0
684$9,15,2,4,7,13,8,1,12,14,16,10,3,6,11,13$1.0
685$9,15,2,4,7,13,8,1,12,14,16,10,3,6,11,13$1.0
686$9,15,2,4,7,12,8,1,12,14,16,10,3,6,11,13$1.0
687$9,15,2,4,7,13,8,1,12,14,16,10,3,6,11,13$1.0
688$9,15,2,4,7,13,8,1,12,14,16,10,3,6,11,13$1.0
689$9,15,2,4,7,13,8,1,12,14,16,10,3,6,11,13$1.0
690$9,15,2,4,7,13,8,1,12,14,16,10,3,6,11,13$1.0
691$9,15,2,4,7,1,8,1,12,14,16,10,3,6,11,13$1.0
692$9,15,2,4,7,13,8,1,12,14,16,10,3,6,11,13$1.0
693$9,15,2,4,7,13,8,1,12,14,16,10,3,6,11,13$1.0
694$9,15,2,4,7,12,8,1,12,14,16,10,3,6,11,13$1.0
695$9,15,2,4,7,13,8,1,12,14,16,10,3,6,11,13$1.0
696$9,15,2,4,7,12,8,1,12,14,16,10,3,6,11,13$1.0
697$9,15,2,4,7,13,8,1,12,14,16,10,3,6,11,13$1.0
698$9,15,2,4,7,13,8,1,12,14,16,10,3,6,11,13$1.0
699$9,15,2,4,7,13,8,1,12,14,16,10,3,6,11,13$1.0
700$9,15,2,4,7,13,8,1,12,14,16,10,3,6,11,13$1.0
701$9,15,2,4,7,13,8,1,12,14,16,10,3,6,11,13$1.0
702$9,15,2,4,7,13,8,1,12,14,16,10,3,6,11,13$1.0
703$9,15,2,4,7,13,8,1,12,14,16,10,3,6,11,13$1.0
704$9,15,2,4,7,13,8,1,12,14,16,10,3,6,11,13$1.0
705$9,15,2,4,7,13,8,1,12,14,16,10,3,6,11,13$1.0
706$9,15,2,4,7,13,8,1,12,14,16,10,3,6,11,13$1.0
707$9,15,2,4,7,13,8,1,12,14,16,10,3,6,11,13$1.0
708$9,15,2,4,7,13,8,1,12,14,16,10,3,6,11,13$1.0
709$9,15,2,4,7,13,8,1,12,14,16,10,3,6,11,13$1.0
710$9,15,2,4,7,13,8,1,12,14,16,10,3,6,11,13$1.0
711$9,15,2,4,7,13,8,1,12,14,16,10,3,6,11,13$1.0
712$9,15,2,4,7,13,8,1,12,14,16,10,3,6,11,13$1.0
713$9,15,2,4,7,13,8,1,12,14,16,10,3,6,11,13$1.0
714$9,15,2,4,7,13,8,1,12,14,16,10,3,6,11,13$1.0
715$9,15,2,4,7,1,8,1,12,14,16,10,3,6,11,13$1.0
716$9,15,2,4,7,13,8,1,12,14,16,10,3,6,11,7$1.0
717$9,15,2,4,7,13,8,1,12,14,16,10,3,6,11,13$1.0
718$9,15,2,4,7,1,8,1,12,14,16,10,3,6,11,13$1.0
719$9,15,2,4,7,13,8,1,12,14,16,10,3,6,11,13$1.0
720$9,15,2,4,7,1,8,1,12,14,16,10,3,6,11,13$1.0
721$9,15,2,4,7,13,8,1,12,14,16,10,3,6,11,13$1.0
722$9,15,2,4,7,13,8,1,12,14,16,10,3,6,11,13$1.0
723$9,15,2,4,7,13,8,1,12,14,16,10,3,6,11,13$1.0
724$9,15,2,4,7,13,8,1,12,14,16,10,3,6,11,13$1.0
725$9,15,2,4,7,13,8,1,12,14,16,10,3,6,11,13$1.0
726$9,15,2,4,7,13,8,1,12,14,16,10,3,6,11,13$1.0
727$9,15,2,4,7,13,8,1,12,14,16,10,3,6,11,13$1.0
728$9,15,2,4,7,13,8,1,12,14,16,10,3,6,11,13$1.0
729$9,15,2,4,7,13,8,1,12,14,16,10,3,6,11,13$1.0
730$9,15,2,4,7,13,8,1,12,14,16,10,3,6,11,13$1.0
731$9,15,2,4,7,12,8,1,12,14,16,10,3,6,11,13$1.0
732$9,15,2,4,7,13,8,1,12,14,16,10,3,6,11,13$1.0
733$9,15,2,4,7,13,8,1,12,14,16,10,3,6,11,13$1.0
734$9,15,2,4,7,13,8,1,12,14,16,10,3,6,11,13$1.0
735$9,15,2,4,7,13,8,1,12,14,16,10,3,6,11,13$1.0
736$9,15,2,4,7,12,8,1,12,14,16,10,3,6,11,13$1.0
737$9,15,2,4,7,13,8,1,12,14,16,10,3,6,11,13$1.0
738$9,15,2,4,7,13,8,1,12,14,16,10,3,6,11,13$1.0
739$9,15,2,4,7,12,8,1,12,14,16,10,3,6,11,13$1.0
740$9,15,2,4,7,13,8,1,12,14,16,10,3,6,11,13$1.0
741$9,15,2,4,7,13,8,1,12,14,16,10,3,6,11,13$1.0
742$9,15,2,4,7,13,8,1,12,14,16,10,3,6,11,13$1.0
743$9,15,2,4,7,13,8,1,12,14,16,10,3,6,11,13$1.0
744$9,15,2,4,7,13,8,1,12,14,16,10,3,6,11,13$1.0
745$9,15,2,4,7,13,8,1,12,14,16,10,3,6,11,13$1.0
746$9,15,2,4,7,13,8,1,12,14,16,10,3,6,11,13$1.0
747$9,15,2,4,7,13,8,1,12,14,16,10,3,6,11,13$1.0
748$9,15,2,4,7,13,8,1,12,14,16,10,3,6,11,13$1.0
749$9,15,2,4,7,13,8,1,12,14,16,10,3,6,11,13$1.0
750$9,15,2,4,7,13,8,1,12,14,16,10,3,6,11,13$1.0
751$9,15,2,4,7,13,8,1,12,14,16,10,3,6,11,13$1.0
752$9,15,2,4,7,13,8,1,12,14,16,10,3,6,11,13$1.0
753$9,15,2,4,7,12,8,1,12,14,16,10,3,6,11,13$1.0
754$9,15,2,4,7,13,8,1,12,14,16,10,3,6,11,13$1.0
755$9,15,2,4,7,13,8,1,12,14,16,10,3,6,11,13$1.0
756$9,15,2,4,7,13,8,1,12,14,16,10,3,6,11,13$1.0
757$9,15,2,4,7,13,8,1,12,14,16,10,3,6,11,13$1.0
758$9,15,2,4,7,13,8,1,12,14,16,10,3,6,11,13$1.0
759$9,15,2,4,7,13,8,1,12,14,16,10,3,6,11,13$1.0
760$9,15,2,4,7,13,8,1,12,14,16,10,3,6,11,13$1.0
761$9,15,2,4,7,13,8,1,12,14,16,10,3,6,11,13$1.0
762$9,15,2,4,7,13,8,1,12,14,16,10,3,6,11,13$1.0
763$9,15,2,4,7,12,8,1,12,14,16,10,3,6,11,13$1.0
764$9,15,2,4,7,13,8,1,12,14,16,10,3,6,11,13$1.0
765$9,15,2,4,7,13,8,1,12,14,16,10,3,6,11,13$1.0
766$9,15,2,4,7,12,8,1,12,14,16,10,3,6,11,13$1.0
767$9,15,2,4,7,13,8,1,12,14,16,10,3,6,11,13$1.0
768$9,15,2,4,7,13,8,1,12,14,16,10,3,6,11,13$1.0
769$9,15,2,4,7,13,8,1,12,14,16,10,3,6,11,2$1.0
770$9,15,2,4,7,13,8,1,12,14,16,10,3,6,11,13$1.0
771$9,15,2,4,7,13,8,1,12,14,16,10,3,6,11,13$1.0
772$9,15,2,4,7,13,8,1,12,14,16,10,3,6,11,13$1.0
773$9,15,2,4,7,13,8,1,12,14,16,10,3,6,11,13$1.0
774$9,15,2,4,7,13,8,1,12,14,16,10,3,6,11,13$1.0
775$9,15,2,4,7,13,8,1,12,14,16,10,3,6,11,13$1.0
776$9,15,2,4,7,13,8,1,12,14,16,10,3,6,11,13$1.0
777$9,15,2,4,7,13,8,1,12,14,16,10,3,6,11,2$1.0
778$9,15,2,4,7,13,8,1,12,14,16,10,3,6,11,2$1.0
779$9,15,2,4,7,13,8,1,12,14,16,10,3,6,11,13$1.0
780$9,15,2,4,7,13,8,1,12,14,16,10,3,6,11,13$1.0
781$9,15,2,4,7,13,8,1,12,14,16,10,3,6,11,13$1.0
782$9,15,2,4,7,13,8,1,12,14,16,10,3,6,11,13$1.0
783$9,15,2,4,7,13,8,1,12,14,16,10,3,6,11,13$1.0
784$9,15,2,4,7,13,8,1,12,14,16,10,3,6,11,13$1.0
785$9,15,2,4,7,13,8,1,12,14,16,10,3,6,11,13$1.0
786$9,15,2,4,7,13,8,1,12,14,16,10,3,6,11,13$1.0
787$9,15,2,4,7,13,8,1,12,14,16,10,3,6,11,13$1.0
788$9,15,2,4,7,13,8,1,12,14,16,10,3,6,11,2$1.0
789$9,15,2,4,7,13,8,1,12,14,16,10,3,6,11,13$1.0
790$9,15,2,4,7,13,8,1,12,14,16,10,3,6,11,2$1.0
791$9,15,2,4,7,13,8,1,12,14,16,10,3,6,11,2$1.0
792$9,15,2,4,7,13,8,1,12,14,16,10,3,6,11,13$1.0
793$9,15,2,4,7,13,8,1,12,14,16,10,3,6,11,13$1.0
794$9,15,2,4,7,13,8,1,12,14,16,10,3,6,11,13$1.0
795$9,15,2,4,7,13,8,1,12,14,16,10,3,6,11,13$1.0
796$9,15,2,4,7,13,8,1,12,14,16,10,3,6,11,13$1.0
797$9,15,2,4,7,13,8,1,12,14,16,10,3,6,11,2$1.0
798$9,15,2,4,7,13,8,1,12,14,16,10,3,6,11,13$1.0
799$9,15,2,4,7,13,8,1,12,14,16,10,3,6,11,13$1.0
800$9,15,2,4,7,13,8,1,12,14,16,10,3,6,11,13$1.0
801$9,15,2,4,7,13,8,1,12,14,16,10,3,6,11,13$1.0
802$9,15,2,4,7,13,8,1,12,14,16,10,3,6,11,2$1.0
803$9,15,2,4,7,13,8,1,12,14,16,10,3,6,11,13$1.0
804$9,15,2,4,7,13,8,1,12,14,16,10,3,6,11,13$1.0
805$9,15,2,4,7,13,8,1,12,14,16,10,3,6,11,13$1.0
806$9,15,2,4,7,13,8,1,12,14,16,10,3,6,11,13$1.0
807$9,15,2,4,7,13,8,1,12,14,16,10,3,6,11,13$1.0
808$9,15,2,4,7,13,8,1,12,14,16,10,3,6,11,13$1.0
809$9,15,2,4,7,13,8,1,12,14,16,10,3,6,11,13$1.0
810$9,15,2,4,7,13,8,1,12,14,16,10,3,6,11,13$1.0
811$9,15,2,4,7,13,8,1,12,14,16,10,3,6,11,13$1.0
812$9,15,2,4,7,13,8,1,12,14,16,10,3,6,11,13$1.0
813$9,15,2,4,7,13,8,1,12,14,16,10,3,6,11,13$1.0
814$9,15,2,4,7,13,8,1,12,14,16,10,3,6,11,7$1.0
815$9,15,2,4,7,13,8,1,12,14,16,10,3,6,11,13$1.0
816$9,15,2,4,7,13,8,1,12,14,16,10,3,6,11,13$1.0
817$9,15,2,4,7,13,8,1,12,14,16,10,3,6,11,13$1.0
818$9,15,2,4,7,13,8,1,12,14,16,10,3,6,11,13$1.0
819$9,15,2,4,7,13,8,1,12,14,16,10,3,6,11,13$1.0
820$9,15,2,4,7,13,8,5,12,14,16,10,3,6,11,7$1.0
821$9,15,2,4,7,13,8,1,12,14,16,10,3,6,11,7$1.0
822$9,15,2,4,7,13,8,1,12,14,16,10,3,6,11,7$1.0
823$9,15,2,4,7,13,8,1,12,14,16,10,3,6,11,13$1.0
824$9,15,2,4,7,13,8,1,12,14,16,10,3,6,11,13$1.0
825$9,15,2,4,7,13,8,5,12,14,16,10,3,6,11,7$1.0
826$9,15,2,4,7,13,8,1,12,14,16,10,3,6,11,7$1.0
827$9,15,2,4,7,13,8,1,12,14,16,10,3,6,11,7$1.0
828$9,15,2,4,7,13,8,1,12,14,16,10,3,6,11,7$1.0
829$9,15,2,4,7,13,8,1,12,14,16,10,3,6,11,7$1.0
830$9,15,2,4,7,13,8,1,12,14,16,10,3,6,11,7$1.0
831$9,15,2,4,7,13,8,1,12,14,16,10,3,6,11,7$1.0
832$9,15,2,4,7,13,8,1,12,14,16,10,3,6,11,7$1.0
833$9,15,2,4,7,13,8,1,12,14,16,10,3,6,11,7$1.0
834$9,15,2,4,7,13,8,1,12,14,16,10,3,6,11,7$1.0
835$9,15,2,4,7,13,8,1,12,14,16,10,3,6,11,7$1.0
836$9,15,2,4,7,13,8,1,12,14,16,10,3,6,11,7$1.0
837$9,15,2,4,7,13,8,1,12,14,16,10,3,6,11,7$1.0
838$9,15,2,4,7,13,8,1,12,14,16,10,3,6,11,7$1.0
839$9,15,2,4,7,13,8,1,12,14,16,10,3,6,11,7$1.0
840$9,15,2,4,2,13,8,1,12,14,16,10,3,6,11,7$1.0
841$9,15,2,4,7,13,8,1,12,14,16,10,3,6,11,7$1.0
842$9,15,2,4,7,13,8,1,12,14,16,10,3,6,11,2$1.0
843$9,15,2,4,7,13,8,1,12,14,16,10,3,6,11,7$1.0
844$9,15,2,4,7,13,8,1,12,14,16,10,3,6,11,7$1.0
845$9,15,2,4,7,13,8,1,12,14,16,10,3,6,11,7$1.0
846$9,15,2,4,7,13,8,1,12,14,16,10,3,6,11,7$1.0
847$9,15,2,4,7,13,8,1,12,14,16,10,3,6,11,7$1.0
848$9,15,2,4,7,13,8,1,12,14,16,10,3,6,11,7$1.0
849$9,15,2,4,7,13,8,1,12,14,16,10,3,6,11,7$1.0
850$9,15,2,4,7,13,8,1,12,14,16,10,3,6,11,2$1.0
851$9,15,2,4,7,13,8,1,12,14,16,10,3,6,11,7$1.0
852$9,15,2,4,7,13,8,1,12,14,16,10,3,6,11,7$1.0
853$9,15,2,4,7,13,8,1,12,14,16,10,3,6,11,7$1.0
854$9,15,2,4,7,13,8,1,12,14,16,10,3,6,11,7$1.0
855$9,15,2,4,7,13,8,1,12,14,16,10,3,6,11,7$1.0
856$9,15,2,4,7,13,8,1,12,14,16,10,3,6,11,7$1.0
857$9,15,2,4,7,13,8,1,12,14,16,10,3,6,11,7$1.0
858$9,15,2,4,7,13,8,1,12,14,16,10,3,6,11,7$1.0
859$9,15,2,4,7,13,8,1,12,14,16,10,3,6,11,7$1.0
860$9,15,2,4,7,13,8,1,12,14,16,10,3,6,11,7$1.0
861$9,15,2,4,7,13,8,1,12,14,16,10,3,6,11,7$1.0
862$9,15,2,4,7,13,8,1,12,14,16,10,3,6,11,7$1.0
863$9,15,2,4,7,13,8,1,12,14,16,10,3,6,11,7$1.0
864$9,15,2,4,7,13,8,1,12,14,16,10,3,6,11,7$1.0
865$9,15,2,4,7,13,8,1,12,14,16,10,3,6,11,7$1.0
866$9,15,2,4,7,13,8,1,12,14,16,10,3,6,11,7$1.0
867$9,15,2,4,7,13,8,1,12,14,16,10,3,6,11,7$1.0
868$9,15,2,4,7,13,8,1,12,14,16,10,3,6,11,7$1.0
869$9,15,2,4,7,13,8,1,12,14,16,10,3,6,11,2$1.0
870$9,15,2,4,7,13,8,1,12,14,16,10,3,6,11,7$1.0
871$9,15,2,4,7,13,8,1,12,14,16,10,3,6,11,7$1.0
872$9,15,2,4,7,13,8,1,12,14,16,10,3,6,11,7$1.0
873$9,15,2,4,7,13,8,1,12,14,16,10,3,6,11,7$1.0
874$9,15,2,4,7,13,8,1,12,14,16,10,3,6,11,7$1.0
875$9,15,2,4,7,13,8,1,12,14,16,10,3,6,11,7$1.0
876$9,15,2,4,7,13,8,1,12,14,16,10,3,6,11,7$1.0
877$9,15,2,4,7,13,8,1,12,14,16,10,3,6,11,7$1.0
878$9,15,2,4,7,13,8,1,12,14,16,10,3,6,11,13$1.0
879$9,15,2,4,7,13,8,1,12,14,16,10,3,6,11,7$1.0
880$9,15,2,4,7,13,8,1,12,14,16,10,3,6,11,7$1.0
881$9,15,2,4,7,13,8,1,12,14,16,10,3,6,11,7$1.0
882$9,15,2,4,7,13,8,1,12,14,16,10,3,6,11,13$1.0
883$9,15,2,4,7,13,8,1,12,14,16,10,3,6,11,7$1.0
884$9,15,2,4,7,13,8,1,12,14,16,10,3,6,11,7$1.0
885$9,15,2,4,7,13,8,1,12,14,16,10,3,6,11,7$1.0
886$9,15,2,4,7,13,8,1,12,14,16,10,3,6,11,7$1.0
887$9,15,2,4,7,13,8,1,12,14,16,10,3,6,11,7$1.0
888$9,15,2,4,7,13,8,1,12,14,16,10,3,6,11,7$1.0
889$9,15,2,4,7,13,8,1,12,14,16,10,3,6,11,13$1.0
890$9,15,2,4,7,13,8,1,12,14,16,10,3,6,11,7$1.0
891$9,15,2,4,7,13,8,1,12,14,16,10,3,6,11,7$1.0
892$9,15,2,4,7,13,8,1,12,14,16,10,3,6,11,7$1.0
893$9,15,2,4,7,13,8,1,12,14,16,10,3,6,11,7$1.0
894$9,15,2,4,7,13,8,1,12,14,16,10,3,6,11,7$1.0
895$9,15,2,4,7,13,8,1,12,14,16,10,3,6,11,7$1.0
896$9,15,2,4,7,13,8,1,12,14,16,10,3,6,11,7$1.0
897$9,15,2,4,7,13,8,1,12,14,16,10,3,6,11,7$1.0
898$9,15,2,4,7,13,8,5,12,14,16,10,1,6,11,7$1.0
899$9,15,2,4,7,13,8,1,12,14,16,10,3,6,11,7$1.0
900$9,15,2,4,7,13,8,1,12,14,16,10,3,6,11,7$1.0
901$9,15,2,4,7,13,8,1,12,14,16,10,3,6,11,7$1.0
902$9,15,2,4,7,13,8,1,12,14,16,10,3,6,11,7$1.0
903$9,15,2,4,7,13,8,1,12,14,16,10,3,6,11,7$1.0
904$9,15,2,4,7,13,8,1,12,14,16,10,3,6,11,7$1.0
905$9,15,2,4,7,13,8,1,12,14,16,10,3,6,11,7$1.0
906$9,15,2,4,7,13,8,1,12,14,16,10,3,6,11,7$1.0
907$9,15,2,4,7,13,8,1,12,14,16,10,3,6,11,7$1.0
908$9,15,2,4,7,13,8,1,12,14,16,10,3,6,11,7$1.0
909$9,15,2,4,7,13,8,1,12,14,16,10,3,6,11,7$1.0
910$9,15,2,4,7,13,8,1,12,14,16,10,3,6,11,7$1.0
911$9,15,2,4,7,13,8,1,12,14,16,10,3,6,11,7$1.0
912$9,15,2,4,7,13,8,1,12,14,16,10,3,6,11,7$1.0
913$9,15,2,4,7,13,8,1,12,14,16,10,3,6,11,7$1.0
914$9,15,2,4,7,13,8,1,12,14,16,10,3,6,11,7$1.0
915$9,15,2,4,7,13,8,1,12,14,16,10,3,6,11,7$1.0
916$9,15,2,4,7,13,8,1,12,14,16,10,3,6,11,7$1.0
917$9,15,2,4,7,13,8,1,12,14,16,10,3,6,11,7$1.0
918$9,15,2,4,7,13,8,1,12,14,16,10,3,6,11,7$1.0
919$9,15,2,4,7,13,8,1,12,14,16,10,3,6,11,7$1.0
920$9,15,2,4,7,13,8,1,12,14,16,10,3,6,11,7$1.0
921$9,15,2,4,7,13,8,1,12,14,16,10,3,6,11,7$1.0
922$9,15,2,4,7,13,8,1,12,14,16,10,3,6,11,7$1.0
923$9,15,2,4,7,13,8,1,12,14,16,10,3,6,11,7$1.0
924$9,15,2,4,7,13,8,1,12,14,16,10,3,6,11,7$1.0
925$9,15,2,4,7,13,8,1,12,14,16,10,3,6,11,13$1.0
926$9,15,2,4,7,13,8,1,12,14,16,10,3,6,11,7$1.0
927$9,15,2,4,7,13,8,1,12,14,16,10,3,6,11,7$1.0
928$9,15,2,4,7,13,8,1,12,14,16,10,3,6,11,7$1.0
929$9,15,2,4,7,13,8,1,12,14,16,10,3,6,11,7$1.0
930$9,15,2,4,7,13,8,1,12,14,16,10,3,6,11,7$1.0
931$9,15,2,4,7,13,8,1,12,14,16,10,3,6,11,7$1.0
932$9,15,2,4,7,13,8,1,12,14,16,10,3,6,11,7$1.0
933$9,15,2,4,7,13,8,1,12,14,16,10,3,6,11,7$1.0
934$9,15,2,4,7,13,8,1,12,14,16,10,3,6,11,7$1.0
935$9,15,2,4,7,13,8,1,12,14,16,10,3,6,11,13$1.0
936$9,15,2,4,7,13,8,1,12,14,16,10,3,6,11,7$1.0
937$9,15,2,4,7,13,8,1,12,14,16,10,3,6,11,7$1.0
938$9,15,2,4,7,13,8,1,12,14,16,10,3,6,11,7$1.0
939$9,15,2,4,7,13,8,1,12,14,16,10,3,6,11,7$1.0
940$9,15,2,4,7,13,8,1,12,14,16,10,3,6,11,7$1.0
941$9,15,2,4,7,13,8,1,12,14,16,10,3,6,11,7$1.0
942$9,15,2,4,7,13,8,1,12,14,16,10,3,6,11,7$1.0
943$9,15,2,4,7,13,8,1,12,14,16,10,3,6,11,7$1.0
944$9,15,2,4,7,13,8,1,12,14,16,10,3,6,11,7$1.0
945$9,15,2,4,7,13,8,1,12,14,16,10,3,6,11,7$1.0
946$9,15,2,4,7,13,8,1,12,14,16,10,3,6,11,7$1.0
947$9,15,2,4,7,13,8,5,12,14,16,10,3,6,11,7$1.0
948$9,15,2,4,7,13,8,1,12,14,16,10,3,6,11,7$1.0
949$9,15,2,4,7,13,8,1,12,14,16,10,3,6,11,7$1.0
950$9,15,2,4,7,13,8,5,12,14,16,10,3,6,11,7$1.0
951$9,15,2,4,7,13,8,1,12,14,16,10,3,6,11,7$1.0
952$9,15,2,4,7,13,8,1,12,14,16,10,3,6,11,7$1.0
953$9,15,2,4,7,1,8,5,12,14,16,10,3,6,11,7$1.0
954$9,15,2,4,7,13,8,5,12,14,16,10,3,6,11,7$1.0
955$9,15,2,4,7,13,8,1,12,14,16,10,3,6,11,7$1.0
956$9,15,2,4,7,13,8,1,12,14,16,10,3,6,11,7$1.0
957$9,15,2,4,7,13,8,1,12,14,16,10,3,6,11,7$1.0
958$9,15,2,4,7,13,8,1,12,14,16,10,3,6,11,7$1.0
959$9,15,2,4,7,13,8,1,12,14,16,10,3,6,11,7$1.0
960$9,15,2,4,7,13,8,5,12,14,16,10,3,6,11,7$1.0
961$9,15,2,4,7,13,8,5,12,14,16,10,3,6,11,7$1.0
962$9,15,2,4,7,13,8,1,12,14,16,10,3,6,11,7$1.0
963$9,15,2,4,7,13,8,5,12,14,16,10,3,6,11,7$1.0
964$9,15,2,4,7,13,8,1,12,14,16,10,3,6,11,7$1.0
965$9,15,2,4,7,13,8,1,12,14,16,10,3,6,11,7$1.0
966$9,15,2,4,7,13,8,5,12,14,16,10,3,6,11,7$1.0
967$9,15,2,4,7,13,8,1,12,14,16,10,3,6,11,7$1.0
968$9,15,2,4,7,13,8,1,12,14,16,10,3,6,11,7$1.0
969$9,15,2,4,7,13,8,1,12,14,16,10,3,6,11,7$1.0
970$9,15,2,4,7,13,8,1,12,14,16,10,3,6,11,7$1.0
971$9,15,2,4,7,1,8,5,12,14,16,10,3,6,11,7$1.0
972$9,15,2,4,7,13,8,5,12,14,16,10,3,6,11,7$1.0
973$9,15,2,4,7,1,8,5,12,14,16,10,3,6,11,7$1.0
974$9,15,2,4,7,1,8,5,12,14,16,10,3,6,11,7$1.0
975$13,15,2,4,7,1,8,5,12,14,16,10,3,6,11,7$1.0
976$9,15,2,4,7,1,8,5,12,14,16,10,3,6,11,7$1.0
977$9,15,2,4,7,13,8,1,12,14,16,10,3,6,11,7$1.0
978$9,15,2,4,7,13,8,5,12,14,16,10,3,6,11,7$1.0
979$9,15,2,4,7,1,8,5,12,14,16,10,3,6,11,7$1.0
980$9,15,2,4,7,1,8,5,12,14,16,10,3,6,11,7$1.0
981$9,15,2,4,7,1,8,5,12,14,16,10,3,6,11,7$1.0
982$9,15,2,4,7,1,8,5,12,14,16,10,3,6,11,7$1.0
983$9,15,2,4,7,1,8,5,12,14,16,10,3,6,11,7$1.0
984$9,15,2,4,7,1,8,5,12,14,16,10,3,6,11,7$1.0
985$9,15,2,4,7,13,8,5,12,14,16,10,3,6,11,7$1.0
986$9,15,2,4,7,1,8,5,12,14,16,10,3,6,11,7$1.0
987$9,15,2,4,7,1,8,5,12,14,16,10,3,6,11,7$1.0
988$9,15,2,4,7,1,8,5,12,14,16,10,3,6,11,7$1.0
989$9,15,2,4,7,1,8,5,12,14,16,10,3,6,11,7$1.0
990$9,15,2,4,7,1,8,5,12,14,16,10,3,6,11,7$1.0
991$9,15,2,4,7,1,8,5,12,14,16,10,3,6,11,7$1.0
992$9,15,2,4,7,1,8,5,12,14,16,10,3,6,11,7$1.0
993$9,15,2,4,7,1,8,5,12,14,16,10,3,6,11,7$1.0
994$9,15,2,4,7,1,8,5,12,14,16,10,3,6,11,7$1.0
995$9,15,2,4,7,1,8,5,12,14,16,10,3,6,11,7$1.0
996$9,15,2,4,7,1,8,5,12,14,16,10,3,6,11,7$1.0
997$9,15,2,4,7,1,8,5,12,14,16,10,3,6,11,7$1.0
998$9,15,2,4,7,1,8,5,12,14,16,10,3,6,11,7$1.0
999$9,15,2,4,7,1,8,5,12,14,16,10,3,6,11,7$1.0
1000$9,15,2,4,7,1,8,5,12,14,16,10,3,6,11,7$1.0
1001$9,15,2,4,7,1,8,5,12,14,16,10,3,6,11,7$1.0
1002$9,15,2,4,7,1,8,5,12,14,16,10,3,6,11,7$1.0
1003$9,15,2,4,14,1,8,5,12,14,16,10,3,6,11,7$1.0
1004$9,15,2,4,7,1,8,5,12,14,16,10,3,6,11,7$1.0
1005$9,15,2,4,7,1,8,5,12,14,16,10,3,6,11,7$1.0
1006$9,15,2,4,14,1,8,5,12,14,16,10,3,6,11,7$1.0
1007$9,15,2,4,7,1,8,5,12,14,16,10,3,6,11,7$1.0
1008$9,15,2,4,7,1,8,5,12,14,16,10,3,6,11,7$1.0
1009$9,15,2,4,14,1,8,5,12,4,16,10,3,6,11,7$1.0
1010$9,15,2,4,7,1,8,5,12,14,16,10,3,6,11,2$1.0
1011$9,15,2,4,14,1,8,5,12,14,16,10,3,6,11,7$1.0
1012$9,15,2,4,7,1,8,5,12,14,16,10,3,6,11,7$1.0
1013$9,15,2,4,7,1,8,5,12,14,16,10,3,6,11,7$1.0
1014$9,15,2,4,14,1,8,5,12,4,16,10,3,6,11,7$1.0
1015$9,15,2,4,7,1,8,5,12,14,16,10,3,6,11,7$1.0
1016$9,15,2,4,7,1,8,5,12,14,16,10,3,6,11,7$1.0
1017$9,15,2,4,7,1,8,5,12,14,16,10,3,6,11,7$1.0
1018$9,15,2,4,14,1,8,5,12,14,16,10,3,6,11,7$1.0
1019$9,15,2,4,7,1,8,5,12,14,16,10,3,6,11,7$1.0
1020$9,15,2,4,7,1,8,5,12,14,16,10,3,6,11,7$1.0
1021$9,15,2,4,7,1,8,5,12,14,16,10,3,6,11,7$1.0
1022$9,15,2,4,14,1,8,5,12,14,16,10,3,6,11,7$1.0
1023$9,15,2,4,14,1,8,5,12,14,16,10,3,6,11,7$1.0
1024$9,15,2,4,7,1,8,5,12,14,16,10,3,6,11,7$1.0
1025$9,15,2,4,7,13,8,5,12,14,16,10,3,6,11,7$1.0
1026$9,15,2,4,7,1,8,5,12,14,16,10,3,6,11,7$1.0
1027$9,15,2,4,7,13,8,5,12,14,16,10,3,6,11,7$1.0
1028$9,15,2,4,7,1,8,5,12,14,16,10,3,6,11,7$1.0
1029$9,15,2,4,7,13,8,5,12,14,16,10,3,6,11,7$1.0
1030$9,15,2,4,7,1,8,5,12,14,16,10,3,6,11,2$1.0
1031$9,15,2,4,7,1,8,5,12,14,16,10,3,6,11,7$1.0
1032$9,15,2,4,7,1,8,5,12,14,16,10,3,6,11,7$1.0
1033$9,15,2,4,7,13,8,5,12,14,16,10,3,6,11,7$1.0
1034$9,15,2,4,7,1,8,5,12,14,16,10,3,6,11,7$1.0
1035$9,15,2,4,7,13,8,5,12,14,16,10,3,6,11,7$1.0
1036$9,15,2,4,7,13,8,5,12,14,16,10,3,6,11,7$1.0
1037$9,15,2,4,14,1,8,5,12,14,16,10,3,6,11,7$1.0
1038$9,15,2,4,7,1,8,5,12,14,16,10,3,6,11,7$1.0
1039$9,15,2,4,7,1,8,5,12,14,16,10,3,6,11,7$1.0
1040$9,15,2,4,7,13,8,5,12,14,16,10,3,6,11,7$1.0
1041$9,15,2,4,7,13,8,5,12,14,16,10,3,6,11,7$1.0
1042$9,15,2,4,7,1,8,5,12,14,16,10,3,6,11,7$1.0
1043$13,15,2,4,7,1,8,5,12,14,16,10,3,6,11,7$1.0
1044$9,15,2,4,7,13,8,5,12,14,16,10,3,6,11,7$1.0
1045$9,15,2,4,7,1,8,5,12,14,16,10,3,6,11,7$1.0
1046$13,15,2,4,7,1,8,5,12,14,16,10,3,6,11,9$0.0
1046$13,15,2,4,7,1,8,5,12,14,16,10,3,6,11,9$0.0
