16
0$16,14,10,9,2,2,7,7,3,9,12,16,6,6,3,14$13.0
0$16,14,10,9,2,2,7,7,3,9,12,16,6,6,3,14$13.0
1$10,8,6,15,10,7,15,12,5,15,4,16,11,8,1,14$15.0
2$3,6,10,5,13,16,3,15,11,7,9,4,12,1,15,13$11.0
2$3,6,10,5,13,16,3,15,11,7,9,4,12,1,15,13$11.0
3$3,6,10,5,13,16,3,15,11,7,9,4,12,1,15,9$11.0
4$3,6,10,5,13,16,3,15,11,7,9,4,12,1,15,9$11.0
5$4,6,14,5,1,5,11,4,7,3,16,2,13,1,15,13$10.0
5$4,6,14,5,1,5,11,4,7,3,16,2,13,1,15,13$10.0
6$10,12,10,8,15,1,9,13,7,14,11,6,16,13,11,1$10.0
7$13,3,5,15,8,14,4,15,7,9,4,6,16,13,11,1$9.0
7$13,3,5,15,8,14,4,15,7,9,4,6,16,13,11,1$9.0
8$10,14,5,15,8,12,7,16,16,4,11,11,9,6,3,14$11.0
9$10,8,6,15,10,12,7,15,16,14,4,4,9,13,11,1$11.0
10$10,6,8,15,2,14,5,1,5,13,8,4,12,1,15,6$11.0
11$10,1,5,15,8,14,4,15,7,11,4,6,16,13,11,1$10.0
12$10,16,6,15,11,14,5,2,4,3,11,9,3,13,11,1$8.0
12$10,16,6,15,11,14,5,2,4,3,11,9,3,13,11,1$8.0
13$13,6,16,11,5,1,9,16,3,8,12,4,7,13,11,1$8.0
14$10,16,5,15,8,7,2,15,3,14,4,4,12,13,11,1$6.0
14$10,16,5,15,8,7,2,15,3,14,4,4,12,13,11,1$6.0
15$8,6,3,15,8,14,5,14,4,7,12,4,2,13,11,1$7.0
16$10,8,6,15,10,1,9,16,3,8,12,2,5,13,2,6$8.0
17$14,8,6,15,10,1,9,16,3,8,12,2,5,13,11,1$6.0
18$10,8,6,15,10,1,9,16,3,8,12,2,5,13,11,1$5.0
18$10,8,6,15,10,1,9,16,3,8,12,2,5,13,11,1$5.0
19$10,8,6,15,10,1,9,16,3,8,12,2,13,13,11,1$6.0
20$10,16,3,4,8,14,5,14,4,7,12,2,2,13,11,8$8.0
21$10,8,6,15,10,1,9,16,3,8,14,2,5,13,11,1$7.0
22$10,6,3,15,10,1,9,16,3,8,14,2,5,13,11,1$5.0
23$10,3,5,15,8,14,5,1,16,14,7,4,8,13,15,1$5.0
24$10,3,5,15,8,14,5,1,16,14,7,4,8,13,15,1$5.0
25$7,3,6,15,10,1,9,16,13,8,12,2,5,14,11,10$7.0
26$7,6,6,15,10,1,9,16,3,8,12,2,5,13,11,1$6.0
27$10,6,6,15,10,1,9,16,3,8,12,2,5,13,11,1$5.0
28$10,6,3,15,10,12,9,16,3,8,14,2,7,13,11,1$6.0
29$10,6,3,15,10,1,9,16,1,8,14,2,7,13,11,1$4.0
29$10,6,3,15,10,1,9,16,1,8,14,2,7,13,11,1$4.0
30$7,4,6,15,10,15,9,16,2,8,12,2,5,13,11,1$6.0
31$7,10,6,15,10,15,9,1,16,14,12,2,5,13,11,13$5.0
32$7,10,6,15,10,15,9,1,16,14,12,2,5,13,11,1$5.0
33$10,6,3,15,8,1,9,16,3,8,12,2,5,13,11,1$5.0
34$10,8,3,15,8,4,9,1,16,14,12,2,5,13,11,1$4.0
35$10,8,3,15,8,4,9,1,16,14,12,2,5,13,11,1$4.0
36$10,8,3,15,8,4,9,1,16,14,12,2,5,13,11,1$4.0
37$10,6,3,15,8,1,9,16,3,11,9,2,5,13,11,1$4.0
38$10,6,3,15,8,1,9,16,3,11,9,2,5,13,11,1$4.0
39$10,6,3,15,10,1,14,16,3,8,12,2,15,13,11,1$4.0
40$10,6,3,15,8,1,9,16,3,11,9,2,5,13,11,1$4.0
41$10,6,3,15,10,1,14,16,3,8,12,2,15,13,11,1$4.0
42$10,6,3,15,8,4,9,16,16,3,12,2,5,13,11,1$4.0
43$10,6,3,15,10,1,14,16,3,8,12,2,15,13,11,1$4.0
44$10,6,3,15,8,1,14,16,3,8,12,2,15,13,11,1$4.0
45$10,6,3,15,10,1,14,16,3,8,12,2,15,13,11,1$4.0
46$10,6,3,15,10,4,9,16,16,3,12,2,5,13,11,1$3.0
46$10,6,3,15,10,4,9,16,16,3,12,2,5,13,11,1$3.0
47$10,6,3,15,10,4,9,16,16,3,12,2,5,13,11,1$3.0
48$10,6,3,15,8,4,9,16,3,15,12,2,5,13,11,1$2.0
48$10,6,3,15,8,4,9,16,3,15,12,2,5,13,11,1$2.0
49$10,6,3,15,8,4,9,16,3,15,12,2,5,13,11,1$2.0
50$10,6,3,15,8,4,9,16,3,15,12,2,5,13,11,1$2.0
51$10,6,3,15,15,4,9,16,16,3,12,2,5,13,11,1$3.0
52$10,6,3,15,8,4,9,16,3,15,12,2,5,13,11,1$2.0
53$10,6,3,15,8,4,9,16,3,15,12,2,5,13,11,1$2.0
54$10,6,3,15,8,4,9,16,3,15,12,2,5,13,11,1$2.0
55$10,6,3,15,2,4,9,14,16,3,12,2,5,13,11,1$2.0
56$10,6,3,15,8,4,9,16,3,15,12,2,5,13,11,1$2.0
57$10,6,3,15,8,4,9,16,3,15,12,2,5,13,11,1$2.0
58$10,6,3,15,8,4,9,16,3,15,12,2,5,13,11,1$2.0
59$10,6,3,15,8,4,9,16,3,15,12,2,5,13,11,1$2.0
60$10,6,6,15,15,4,9,16,16,3,12,2,5,13,11,1$3.0
61$10,6,3,15,8,4,9,16,3,15,12,2,5,13,11,1$2.0
62$10,6,3,15,8,4,9,16,3,15,12,2,5,13,11,1$2.0
63$10,6,3,15,8,4,9,16,3,15,12,2,5,13,11,1$2.0
64$10,6,3,15,8,4,9,16,3,15,12,2,5,7,14,1$2.0
65$10,6,3,15,8,4,9,16,3,15,12,2,5,13,11,1$2.0
66$10,6,3,15,8,4,9,16,3,5,12,2,5,13,11,1$2.0
67$10,6,3,15,8,4,9,16,3,15,12,2,5,7,14,1$2.0
68$10,6,3,15,8,4,9,16,6,15,12,2,5,7,14,1$2.0
69$10,6,3,15,8,4,9,16,3,5,12,2,5,13,11,1$2.0
70$10,6,3,15,8,4,9,16,3,15,12,2,5,13,11,1$2.0
71$10,6,3,15,8,4,9,16,3,15,12,2,5,13,11,1$2.0
72$10,6,3,15,8,4,9,16,3,15,12,2,5,7,14,1$2.0
73$10,6,3,1,8,4,9,16,3,15,12,2,5,13,11,1$2.0
74$10,6,3,1,8,4,9,16,3,15,12,2,5,13,11,1$2.0
75$10,6,3,1,8,4,9,16,3,15,12,2,5,13,11,1$2.0
76$10,6,3,15,8,4,9,16,3,15,12,2,5,7,14,1$2.0
77$10,6,3,15,8,4,9,16,3,15,12,2,5,13,11,1$2.0
78$10,6,3,15,8,4,9,16,3,15,12,2,5,13,11,1$2.0
79$10,6,3,1,8,4,9,16,3,15,12,7,5,13,11,1$2.0
80$10,6,3,15,8,4,9,16,16,5,12,2,5,13,11,1$2.0
81$10,6,3,1,8,4,9,16,3,15,12,2,5,13,11,1$2.0
82$10,6,3,15,8,4,9,16,3,15,12,2,5,7,14,1$2.0
83$10,6,3,15,8,4,9,16,3,15,12,2,5,7,14,1$2.0
84$10,6,3,15,8,4,9,16,3,15,12,2,5,7,14,1$2.0
85$10,6,3,15,8,4,9,16,3,15,12,2,5,7,14,1$2.0
86$10,6,3,1,8,4,9,16,3,15,12,2,5,13,11,1$2.0
87$10,6,3,15,8,4,9,16,3,15,12,2,5,7,14,1$2.0
88$10,6,3,15,8,4,9,16,3,15,12,2,5,13,11,1$2.0
89$14,6,3,15,8,4,9,16,3,15,12,2,5,13,11,1$2.0
90$14,6,3,15,8,4,9,16,3,15,12,2,5,13,11,1$2.0
91$10,6,3,15,8,4,9,16,3,15,12,2,5,13,11,1$2.0
92$10,6,3,15,8,4,9,16,3,15,12,2,5,13,11,1$2.0
93$10,6,3,15,8,4,9,16,3,15,12,2,5,7,11,1$2.0
94$10,6,3,15,8,4,9,16,3,15,12,2,5,7,14,1$2.0
95$10,6,3,16,8,4,9,16,3,15,12,2,5,13,11,1$2.0
96$10,6,3,15,8,4,9,16,3,15,12,2,5,13,11,1$2.0
97$10,6,3,15,8,4,9,16,3,15,12,2,5,13,11,1$2.0
98$10,6,3,15,8,4,9,16,3,15,12,2,5,13,11,1$2.0
99$14,6,3,15,8,4,9,16,3,15,12,2,5,13,11,1$2.0
100$14,6,3,15,8,4,9,16,3,15,12,2,5,7,11,1$2.0
101$10,6,3,15,8,4,9,16,3,15,12,2,5,13,11,1$2.0
102$10,6,3,15,8,4,9,16,3,15,12,2,5,13,11,1$2.0
103$10,6,3,15,8,4,9,16,3,15,12,2,5,13,11,1$2.0
104$10,6,3,15,8,4,9,16,3,15,12,2,5,13,11,1$2.0
105$14,6,3,15,8,4,9,16,3,15,12,2,5,13,11,1$2.0
106$14,6,3,15,8,4,9,16,3,15,12,2,5,13,11,1$2.0
107$10,6,3,15,8,4,9,16,3,15,12,2,5,13,11,1$2.0
108$14,6,3,15,8,4,9,16,3,15,12,2,5,13,11,1$2.0
109$10,6,3,15,8,4,9,16,3,15,12,2,5,13,11,1$2.0
110$10,6,3,15,8,4,9,16,3,15,12,2,5,13,11,1$2.0
111$14,6,3,15,8,4,9,16,3,15,12,2,5,13,11,1$2.0
112$10,6,3,15,8,4,9,16,3,15,12,2,5,13,11,1$2.0
113$10,6,3,15,8,4,9,16,3,15,12,2,5,13,11,1$2.0
114$14,6,3,15,8,4,9,16,3,15,12,2,5,13,11,1$2.0
115$10,6,3,15,8,4,9,16,3,15,12,2,5,13,11,1$2.0
116$10,6,3,15,8,4,9,16,3,15,12,2,5,13,11,1$2.0
117$14,6,3,15,8,4,9,16,3,15,12,2,5,13,11,1$2.0
118$10,6,3,1,8,4,9,16,3,15,12,2,5,13,11,1$2.0
119$10,6,3,15,8,4,9,16,3,5,12,2,5,13,11,1$2.0
120$10,6,3,15,8,4,9,16,3,15,12,2,5,13,11,1$2.0
121$14,6,3,15,8,4,9,16,3,15,12,2,5,13,11,1$2.0
122$10,6,3,1,8,4,9,16,3,15,12,2,5,13,11,1$2.0
123$10,6,3,15,8,4,9,16,3,15,12,2,5,13,11,1$2.0
124$10,6,3,16,8,4,9,16,3,15,12,2,5,13,11,1$2.0
125$10,6,3,15,8,4,9,16,3,15,12,2,5,13,11,1$2.0
126$10,6,3,11,8,4,9,16,3,15,12,2,5,13,11,1$2.0
127$10,6,3,15,8,4,9,14,3,15,12,2,5,13,11,1$2.0
128$10,6,3,15,8,4,9,14,3,15,12,2,5,13,11,1$2.0
129$10,6,3,15,8,4,9,16,3,15,12,2,5,13,11,1$2.0
130$10,6,3,16,8,4,14,14,3,15,12,2,5,13,11,1$2.0
131$10,6,3,15,8,4,9,16,3,5,12,2,5,13,11,1$2.0
132$10,6,3,15,8,4,9,14,3,15,12,2,5,13,11,1$2.0
133$10,6,3,15,8,4,9,16,3,5,12,2,5,13,11,1$2.0
134$10,6,3,16,8,4,9,14,3,15,12,2,5,13,11,1$1.0
134$10,6,3,16,8,4,9,14,3,15,12,2,5,13,11,1$1.0
135$10,6,3,1,8,4,9,16,3,15,12,2,5,13,11,1$2.0
136$10,6,3,16,8,4,9,14,3,15,12,2,5,13,11,1$1.0
137$10,6,3,16,8,4,9,14,3,15,12,2,5,13,11,1$1.0
138$10,6,3,15,8,4,9,14,3,5,12,2,12,7,11,1$2.0
139$10,6,3,1,8,4,9,16,3,15,12,2,5,7,11,1$2.0
140$10,6,3,15,8,4,9,16,3,15,12,2,5,13,11,1$2.0
141$10,6,3,1,8,4,9,16,3,15,12,2,5,7,11,1$2.0
142$10,6,3,15,8,4,9,14,3,5,12,2,5,13,11,1$2.0
143$10,6,3,16,8,4,9,14,3,5,12,2,12,7,11,1$2.0
144$10,6,3,15,8,4,9,16,3,15,12,2,5,7,11,1$2.0
145$10,6,3,15,8,4,9,16,3,15,12,2,5,7,11,1$2.0
146$10,6,3,15,8,4,9,16,3,5,12,2,5,13,11,1$2.0
147$10,6,3,16,8,4,9,14,3,5,12,2,5,13,11,1$2.0
148$10,6,3,16,8,4,9,14,3,5,12,2,5,13,11,1$2.0
149$10,6,3,15,8,4,9,14,3,5,12,2,5,13,11,1$2.0
150$10,6,3,15,8,4,9,16,3,15,12,2,5,13,11,1$2.0
151$10,6,3,15,8,4,9,16,3,5,12,2,12,7,11,1$2.0
152$10,6,3,15,8,4,14,16,3,15,12,2,5,13,11,1$2.0
153$10,6,3,15,8,4,9,14,3,15,12,2,5,13,11,1$2.0
154$10,6,3,15,8,4,9,16,3,15,12,2,5,13,11,1$2.0
155$10,6,3,15,8,4,9,16,3,5,12,2,5,13,11,1$2.0
156$10,6,3,15,8,4,9,16,3,15,12,2,5,13,11,1$2.0
157$10,6,3,15,8,4,9,16,3,5,12,2,5,13,11,1$2.0
158$10,6,3,15,8,4,9,16,3,15,12,2,5,13,11,1$2.0
159$10,6,3,15,8,4,9,16,3,15,12,2,5,13,11,1$2.0
160$10,6,3,15,8,4,9,16,3,15,12,2,5,13,11,1$2.0
161$10,6,3,15,8,4,9,16,3,15,12,2,5,13,11,1$2.0
162$10,6,3,15,8,4,9,16,3,15,12,2,5,7,11,1$2.0
163$10,6,3,15,8,4,9,14,3,5,12,2,5,13,11,1$2.0
164$10,6,3,15,8,4,9,16,3,15,12,2,5,13,11,1$2.0
165$10,6,3,15,8,4,9,16,3,15,12,2,5,13,11,1$2.0
166$10,6,3,15,8,4,9,16,3,15,12,2,5,13,11,1$2.0
167$10,6,3,15,8,4,9,16,3,5,12,2,5,13,11,1$2.0
168$10,6,3,15,8,4,9,14,3,5,12,2,5,13,11,1$2.0
169$10,6,3,15,8,4,9,16,3,15,12,2,5,13,11,1$2.0
170$10,6,3,15,8,4,9,16,3,15,12,2,5,13,11,1$2.0
171$10,6,3,15,8,4,9,14,3,15,12,2,5,13,11,1$2.0
172$10,6,3,15,8,4,9,16,3,5,12,2,5,13,11,1$2.0
173$10,6,3,15,8,4,9,16,3,5,12,2,5,13,11,1$2.0
174$10,6,3,15,8,4,9,16,3,15,12,2,5,13,11,1$2.0
175$10,6,3,16,8,4,9,16,3,15,12,2,5,7,11,13$2.0
176$10,6,3,16,8,4,9,16,3,15,12,2,5,7,11,13$2.0
177$10,6,3,15,8,4,9,16,3,15,12,2,5,7,11,13$2.0
178$10,6,3,15,8,4,9,16,3,5,12,2,5,13,11,1$2.0
179$10,6,3,15,8,4,9,14,3,15,12,2,5,13,11,1$2.0
180$10,6,14,11,8,4,9,16,3,15,12,2,5,7,11,13$1.0
181$10,6,14,11,8,4,9,16,3,15,12,2,5,7,11,13$1.0
182$10,6,14,11,8,4,9,16,3,15,12,2,5,7,11,13$1.0
183$10,6,14,11,8,4,9,16,3,15,12,2,5,7,11,13$1.0
184$10,6,3,15,8,4,9,16,3,5,12,2,5,7,11,13$2.0
185$10,6,3,15,8,4,9,16,3,15,12,2,5,13,11,1$2.0
186$10,6,3,15,8,4,9,16,3,15,12,2,5,13,11,1$2.0
187$10,6,14,3,8,4,9,16,3,15,12,2,5,7,11,13$1.0
188$10,6,14,3,8,4,9,16,3,15,12,2,5,7,11,13$1.0
189$10,6,14,3,8,4,9,16,3,15,12,2,5,7,11,13$1.0
190$10,6,3,15,8,4,9,16,3,15,12,2,5,13,11,1$2.0
191$10,6,3,11,8,4,9,16,3,15,12,2,5,7,11,13$2.0
192$10,6,3,15,8,4,9,16,3,15,12,2,5,13,11,1$2.0
193$10,6,3,15,8,4,9,16,3,15,12,2,5,13,11,1$2.0
194$10,6,3,15,8,4,9,16,3,15,12,2,5,7,11,13$2.0
195$10,6,3,15,8,4,9,16,3,15,12,2,5,13,11,1$2.0
196$14,6,3,15,8,4,9,16,3,15,12,2,5,13,11,1$2.0
197$10,6,3,15,8,4,9,16,3,15,12,2,5,13,11,1$2.0
198$10,6,3,15,8,4,9,16,3,15,12,2,5,13,11,1$2.0
199$14,6,3,15,8,4,9,16,3,15,12,2,5,13,11,1$2.0
200$10,6,3,15,8,4,9,16,3,15,12,2,5,7,11,1$2.0
201$14,6,3,15,8,4,9,16,3,15,12,2,5,13,11,1$2.0
202$14,6,3,15,8,4,9,16,3,15,12,2,5,13,11,1$2.0
203$10,6,3,16,8,4,9,14,3,15,12,2,5,13,11,1$1.0
204$10,6,3,15,8,4,9,16,3,15,12,2,5,13,11,1$2.0
205$10,6,3,15,8,4,9,16,3,15,12,2,5,13,11,1$2.0
206$14,6,3,16,8,4,9,14,3,15,12,2,5,13,11,1$2.0
207$14,6,3,15,8,4,9,16,3,15,12,2,5,13,11,1$2.0
208$14,6,3,16,8,4,9,16,3,15,12,2,5,13,11,1$2.0
209$10,6,3,15,8,4,9,16,3,15,12,2,5,13,11,1$2.0
210$10,6,3,16,8,4,9,14,3,15,12,2,5,13,11,1$1.0
211$10,6,3,16,8,4,9,14,3,15,12,2,5,13,11,1$1.0
212$10,6,3,16,8,4,9,16,3,15,12,2,5,13,11,1$2.0
213$10,6,3,16,8,4,9,16,3,15,12,2,5,13,11,1$2.0
214$10,6,3,15,8,4,9,16,3,15,12,2,5,7,11,1$2.0
215$10,6,3,15,8,4,9,16,3,15,12,2,5,13,11,1$2.0
216$10,6,3,16,8,4,9,16,3,15,12,2,5,13,11,1$2.0
217$10,6,3,16,8,4,9,14,3,5,12,2,5,13,11,1$2.0
218$10,6,3,16,8,4,9,14,3,5,12,2,5,13,11,1$2.0
219$10,6,3,16,8,4,9,14,3,15,12,2,5,7,11,1$1.0
220$10,6,3,16,8,4,9,14,3,15,12,2,5,7,11,1$1.0
221$10,6,3,16,8,4,9,14,3,15,12,2,5,13,11,1$1.0
222$10,6,3,16,8,4,9,14,3,15,12,2,5,13,11,1$1.0
223$10,6,3,16,8,4,9,14,3,15,12,2,5,7,11,1$1.0
224$10,6,3,16,8,4,9,14,3,15,12,2,5,7,11,1$1.0
225$10,6,3,16,8,4,9,14,3,15,12,2,5,13,11,1$1.0
226$10,6,3,16,8,4,9,14,3,15,12,2,5,7,11,1$1.0
227$10,6,3,16,8,4,9,14,3,15,12,2,5,7,11,1$1.0
228$10,6,3,16,8,4,9,14,3,15,12,2,5,13,11,1$1.0
229$10,6,3,16,8,4,9,14,3,15,12,2,5,13,11,1$1.0
230$10,6,3,16,8,4,9,14,3,15,12,2,5,13,11,1$1.0
231$10,6,3,16,8,4,9,14,3,15,12,2,5,7,11,1$1.0
232$10,6,3,16,8,4,9,14,3,15,12,2,5,13,11,1$1.0
233$10,6,3,16,8,4,9,14,3,15,12,2,5,13,11,1$1.0
234$10,6,3,16,8,4,9,14,3,15,12,2,5,13,11,1$1.0
235$10,6,3,16,8,4,9,14,3,15,12,2,5,13,11,1$1.0
236$10,6,3,16,8,4,9,14,3,15,12,2,5,13,11,1$1.0
237$10,6,16,16,8,4,9,14,3,15,12,2,5,7,11,1$1.0
238$10,6,3,16,8,4,9,14,3,15,12,2,5,7,11,1$1.0
239$10,6,3,16,8,4,9,14,3,15,12,2,5,7,11,1$1.0
240$10,6,3,16,8,4,9,14,3,15,12,2,5,7,11,1$1.0
241$10,6,3,16,8,4,9,14,3,15,12,2,5,7,11,1$1.0
242$10,6,3,16,8,4,9,14,3,15,12,2,5,13,11,1$1.0
243$10,6,3,16,8,4,9,14,3,15,12,2,5,13,11,1$1.0
244$10,6,3,16,8,4,9,14,3,15,12,2,5,13,11,1$1.0
245$10,6,3,16,8,4,9,14,3,15,12,2,5,7,11,1$1.0
246$10,6,3,16,8,4,9,14,3,15,12,2,5,7,11,1$1.0
247$10,6,3,16,8,4,9,14,3,15,12,2,5,7,11,1$1.0
248$10,6,3,16,8,4,9,14,3,15,12,2,5,7,11,1$1.0
249$10,6,3,16,8,4,9,14,3,15,12,2,5,7,11,1$1.0
250$10,6,3,16,8,4,9,14,3,15,12,2,5,7,11,1$1.0
251$10,6,3,16,8,4,9,14,3,15,12,2,5,7,11,1$1.0
252$10,6,3,16,8,4,9,14,3,15,12,2,5,7,11,1$1.0
253$10,6,3,16,8,4,9,14,3,15,12,2,5,7,11,1$1.0
254$10,6,3,16,8,4,9,14,3,15,12,2,5,7,11,1$1.0
255$10,6,3,16,8,4,9,14,6,15,12,2,5,13,11,1$1.0
256$10,6,3,16,8,4,9,14,3,15,12,2,5,7,11,1$1.0
257$10,6,3,16,8,4,9,14,3,15,12,2,5,7,11,1$1.0
258$10,6,3,16,8,4,9,14,3,15,12,2,5,7,11,1$1.0
259$10,6,3,16,8,4,9,14,3,15,12,2,5,7,11,1$1.0
260$10,6,3,16,8,4,9,14,3,15,12,2,5,7,11,1$1.0
261$10,6,16,16,8,4,9,14,3,15,12,2,5,7,11,1$1.0
262$10,6,3,16,8,4,9,14,3,15,12,2,5,7,11,1$1.0
263$10,6,16,16,8,4,9,14,3,15,12,2,5,7,11,1$1.0
264$10,6,3,16,8,4,9,14,3,15,12,2,5,7,11,1$1.0
265$10,6,3,16,8,4,9,14,3,15,12,2,5,7,11,1$1.0
266$10,6,3,16,8,4,9,14,3,15,12,2,5,7,11,1$1.0
267$10,6,3,16,8,4,9,14,3,15,12,2,5,7,11,1$1.0
268$10,6,16,16,8,4,9,14,3,15,12,2,5,7,11,1$1.0
269$10,6,3,16,8,4,9,14,3,15,12,2,5,13,11,1$1.0
270$10,6,3,16,8,4,9,14,3,15,12,2,5,7,11,1$1.0
271$10,6,3,16,8,4,9,14,3,15,12,2,5,13,11,1$1.0
272$10,6,3,16,8,4,9,14,6,15,12,2,5,13,11,1$1.0
273$10,6,3,16,8,4,9,14,3,15,12,2,5,7,11,1$1.0
274$10,6,3,16,8,4,9,14,3,15,12,2,5,13,11,1$1.0
275$10,6,3,16,8,4,9,14,3,15,12,2,5,7,11,1$1.0
276$10,6,3,16,8,4,9,14,3,15,12,2,5,13,11,1$1.0
277$10,6,3,16,8,4,9,14,3,15,12,2,5,13,11,1$1.0
278$10,6,3,16,8,4,9,14,3,15,12,2,5,7,11,1$1.0
279$10,6,3,16,8,4,9,14,6,15,12,2,5,7,11,1$1.0
280$10,6,3,16,8,4,9,14,3,15,12,2,5,13,11,1$1.0
281$10,6,3,16,8,4,9,14,3,15,12,2,5,7,11,13$1.0
282$10,6,3,16,8,4,9,14,3,15,12,2,5,7,11,1$1.0
283$10,6,3,16,8,4,9,14,3,15,12,2,5,7,11,13$1.0
284$10,6,3,16,8,4,9,14,3,15,12,2,5,7,11,1$1.0
285$10,6,3,16,8,4,9,14,3,15,12,2,5,7,11,1$1.0
286$10,6,3,16,8,4,9,14,3,15,12,2,5,7,11,1$1.0
287$10,6,3,16,8,4,9,14,3,15,12,2,5,7,11,1$1.0
288$10,6,3,16,8,4,9,14,3,15,12,2,5,13,11,1$1.0
289$10,6,3,16,8,4,9,14,3,15,12,2,5,13,11,1$1.0
290$10,6,3,16,8,4,9,14,3,15,12,2,5,13,11,1$1.0
291$10,6,3,16,8,4,9,14,3,15,12,2,5,13,11,1$1.0
292$10,6,3,16,8,4,9,14,3,15,12,2,5,13,11,1$1.0
293$10,6,3,16,8,4,9,14,3,15,12,7,5,13,11,1$1.0
294$10,6,3,16,8,4,9,14,3,15,12,2,5,13,11,1$1.0
295$10,6,3,16,8,13,9,14,3,15,12,2,5,7,11,1$1.0
296$10,6,3,16,8,4,9,14,3,15,12,2,5,7,11,1$1.0
297$10,6,3,16,8,4,9,14,3,15,12,2,5,13,11,1$1.0
298$10,6,3,16,8,4,9,14,3,15,12,2,5,7,11,1$1.0
299$10,6,3,16,8,4,9,14,3,15,12,2,5,13,11,1$1.0
300$10,6,3,16,8,4,9,14,3,15,12,2,5,7,11,1$1.0
301$10,6,3,16,8,4,9,14,3,15,12,2,5,7,11,1$1.0
302$10,6,3,16,8,4,9,14,3,15,12,2,5,13,11,1$1.0
303$10,6,3,16,8,4,9,14,3,15,12,2,5,13,11,1$1.0
304$10,6,3,16,8,4,9,14,3,15,12,2,5,1,11,13$1.0
305$10,6,3,16,8,4,9,14,3,15,12,2,5,7,11,1$1.0
306$10,6,3,16,4,13,9,14,3,15,12,2,5,7,11,1$1.0
307$10,6,3,16,8,4,9,14,3,15,12,2,5,13,11,1$1.0
308$10,6,3,16,8,4,9,14,3,15,12,2,5,13,11,1$1.0
309$10,6,3,16,8,4,9,14,3,15,12,2,5,13,11,1$1.0
310$10,6,3,16,8,4,9,14,3,15,12,2,5,7,11,1$1.0
311$10,6,3,16,8,4,9,14,3,15,12,2,5,13,11,1$1.0
312$10,6,3,16,8,4,9,14,3,15,12,2,5,13,11,1$1.0
313$10,6,3,16,8,4,9,14,3,15,12,2,5,13,11,1$1.0
314$10,6,3,16,8,4,9,14,3,15,12,2,5,13,11,1$1.0
315$10,6,3,16,8,4,9,14,6,15,12,2,5,13,11,1$1.0
316$10,6,3,16,8,4,9,14,6,15,12,2,5,7,11,1$1.0
317$10,6,3,16,8,4,9,14,3,15,12,2,5,13,11,1$1.0
318$10,6,3,16,8,4,9,14,3,15,12,2,5,13,11,1$1.0
319$10,6,3,16,8,4,9,14,3,15,12,2,5,13,11,1$1.0
320$10,6,3,16,8,4,9,14,6,15,12,2,5,7,11,1$1.0
321$10,6,3,16,8,4,9,14,3,15,12,2,5,13,11,1$1.0
322$10,6,3,16,8,4,9,14,6,15,12,2,5,7,11,1$1.0
323$10,6,3,16,8,4,9,14,6,15,12,2,5,7,11,1$1.0
324$10,6,3,16,8,4,9,14,6,15,12,2,5,7,11,1$1.0
325$10,6,3,16,8,4,9,14,6,15,12,2,5,13,11,1$1.0
326$10,6,3,16,8,4,9,14,6,15,12,2,5,7,11,1$1.0
327$10,6,3,16,8,4,9,14,3,15,12,2,5,7,11,1$1.0
328$10,6,3,16,8,4,9,14,6,15,12,2,5,13,11,1$1.0
329$10,6,3,16,8,4,9,14,6,15,12,2,5,7,11,1$1.0
330$10,6,3,16,8,4,9,14,6,15,12,2,5,7,11,1$1.0
331$10,6,3,16,8,4,9,14,6,15,12,2,5,7,11,1$1.0
332$10,6,3,16,8,4,9,14,3,15,12,2,5,7,11,1$1.0
333$10,6,3,16,8,4,9,14,3,15,12,2,5,7,11,1$1.0
334$10,6,3,16,8,4,9,14,6,15,12,2,5,7,11,1$1.0
335$10,6,3,16,8,4,9,14,3,15,12,2,5,7,11,1$1.0
336$10,6,3,16,8,4,9,14,3,15,12,2,5,7,11,1$1.0
337$10,6,3,16,8,4,9,14,3,15,12,2,5,7,11,1$1.0
338$10,6,3,16,8,4,9,14,3,15,12,2,5,7,11,1$1.0
339$10,6,3,16,8,4,9,14,3,15,12,2,5,7,11,1$1.0
340$10,6,3,16,8,4,9,14,3,15,12,2,5,7,11,1$1.0
341$10,6,3,16,8,4,9,14,3,15,12,2,5,7,11,1$1.0
342$10,6,3,16,8,4,9,14,3,15,12,2,5,7,11,1$1.0
343$10,6,3,16,8,4,9,14,3,15,12,2,5,7,11,1$1.0
344$10,6,3,16,8,4,9,14,3,15,12,2,5,7,11,1$1.0
345$10,6,3,16,8,4,9,14,3,15,12,2,5,7,11,1$1.0
346$10,6,3,16,8,4,9,14,6,15,12,2,5,7,11,1$1.0
347$10,6,3,16,8,4,9,14,3,15,12,2,5,7,11,1$1.0
348$10,6,3,16,8,4,9,14,6,15,12,2,5,7,11,1$1.0
349$10,6,3,16,8,4,9,14,6,15,12,2,5,7,11,1$1.0
350$10,6,3,16,8,4,9,14,3,15,12,2,5,7,11,1$1.0
351$10,6,3,16,8,4,9,14,3,15,12,2,5,7,11,1$1.0
352$10,6,3,16,8,4,9,14,6,15,12,2,5,7,11,1$1.0
353$10,6,3,16,8,4,9,14,3,15,12,2,5,7,11,1$1.0
354$10,6,3,16,8,4,9,14,3,15,12,2,5,7,11,1$1.0
355$10,6,3,16,8,4,9,14,3,15,12,2,5,7,11,1$1.0
356$10,6,3,16,8,4,9,14,3,15,12,2,5,7,11,13$1.0
357$10,6,3,16,8,4,9,14,3,15,12,2,5,7,11,1$1.0
358$10,6,3,16,8,4,9,14,6,15,12,2,5,13,11,1$1.0
359$10,6,3,16,8,4,9,14,3,15,12,2,5,13,11,1$1.0
360$10,6,3,16,8,4,9,14,3,15,12,2,5,13,11,1$1.0
361$10,6,3,16,8,4,9,14,3,15,12,2,5,7,11,1$1.0
362$10,6,3,16,8,4,9,14,3,15,12,2,5,13,11,1$1.0
363$10,6,3,16,8,4,9,14,3,15,12,2,5,7,11,13$1.0
364$10,6,3,16,8,1,9,14,3,15,12,2,5,7,11,13$1.0
365$10,6,3,16,8,4,9,14,3,15,12,2,5,7,11,1$1.0
366$10,6,3,16,8,4,9,14,3,15,12,2,5,7,11,1$1.0
367$10,6,3,16,8,4,9,14,3,15,12,2,5,7,11,1$1.0
368$10,6,16,16,8,4,9,14,3,15,12,2,5,7,11,1$1.0
369$10,6,3,16,8,4,9,14,3,15,12,2,5,7,11,1$1.0
370$10,6,16,16,8,4,9,14,3,15,12,2,5,7,11,1$1.0
371$10,6,3,16,8,4,9,14,3,15,12,2,5,7,11,1$1.0
372$10,6,3,16,8,4,9,14,3,15,12,2,5,7,11,1$1.0
373$10,6,3,16,8,4,9,14,3,15,12,2,5,7,11,1$1.0
374$10,6,3,16,8,4,9,14,3,15,12,2,5,7,11,1$1.0
375$10,6,3,16,8,4,9,14,3,15,12,2,5,7,11,1$1.0
376$10,6,3,16,8,4,9,14,3,15,12,2,5,7,11,1$1.0
377$10,6,3,16,8,4,9,14,6,15,12,2,5,7,11,1$1.0
378$10,6,3,16,8,4,9,14,6,15,12,2,5,7,11,1$1.0
379$10,6,3,16,8,4,9,14,3,15,12,2,5,7,11,1$1.0
380$10,6,3,16,8,4,9,14,6,15,12,2,5,7,11,1$1.0
381$10,6,3,16,8,4,9,14,3,15,12,2,5,7,11,1$1.0
382$10,6,3,16,8,4,9,14,3,15,12,2,5,7,11,1$1.0
383$10,6,3,16,8,4,9,14,3,15,12,2,5,7,11,1$1.0
384$10,6,3,16,8,4,9,14,6,15,12,2,5,7,11,1$1.0
385$10,6,3,16,8,4,9,14,3,15,12,2,5,7,11,1$1.0
386$10,6,3,16,8,4,9,14,6,15,12,2,5,7,11,1$1.0
387$10,6,3,16,8,4,9,14,6,15,12,2,5,7,11,1$1.0
388$10,6,3,16,8,4,9,14,3,15,12,2,5,7,11,1$1.0
389$10,6,3,16,8,4,9,14,3,15,12,2,5,7,11,1$1.0
390$10,6,3,16,8,4,9,14,6,15,12,2,5,7,11,1$1.0
391$10,6,3,16,8,4,9,14,6,15,12,2,5,7,11,1$1.0
392$10,6,3,16,8,4,9,14,3,15,12,2,5,7,11,1$1.0
393$10,6,3,16,8,4,9,14,3,15,12,2,5,7,11,1$1.0
394$10,6,3,16,8,13,9,14,3,15,12,2,5,7,11,1$1.0
395$10,6,3,16,8,4,9,14,3,15,12,2,5,7,11,1$1.0
396$10,6,3,16,8,4,9,14,6,15,12,2,5,7,11,1$1.0
397$10,6,3,16,8,4,9,14,3,15,12,2,5,7,11,1$1.0
398$10,6,3,16,8,4,9,14,3,15,12,2,5,7,11,13$1.0
399$10,6,3,16,8,4,9,14,3,15,12,2,5,7,11,1$1.0
400$10,6,3,16,8,4,9,14,3,15,12,2,5,7,11,1$1.0
401$10,6,3,16,8,4,9,14,3,15,12,2,5,7,11,1$1.0
402$10,6,3,16,8,4,9,14,3,15,12,2,5,7,11,1$1.0
403$10,6,3,16,8,4,9,14,3,15,12,2,5,7,11,1$1.0
404$10,6,3,16,8,4,9,14,3,15,12,2,5,7,11,1$1.0
405$10,6,3,16,8,4,9,14,3,15,12,2,5,7,11,1$1.0
406$10,6,3,16,8,4,9,14,3,15,12,2,5,7,11,1$1.0
407$10,6,3,16,8,4,9,14,3,15,12,2,5,7,11,1$1.0
408$10,6,3,16,8,4,9,14,3,15,12,2,5,7,11,1$1.0
409$10,6,3,16,8,4,9,14,3,15,12,2,5,7,11,1$1.0
410$10,6,3,16,8,4,9,14,3,15,12,2,5,7,11,1$1.0
411$10,6,3,16,8,4,9,14,3,15,12,2,5,7,11,1$1.0
412$10,6,3,16,8,4,9,14,3,15,12,2,5,7,11,1$1.0
413$10,6,3,16,8,4,9,14,3,15,12,2,5,7,11,1$1.0
414$10,6,3,16,8,4,9,14,3,15,12,2,5,7,11,1$1.0
415$10,6,3,16,8,4,9,14,3,15,12,2,5,7,11,1$1.0
416$10,6,3,16,8,4,9,14,3,15,12,2,5,7,11,1$1.0
417$10,6,3,16,8,4,9,14,3,15,12,2,5,7,11,1$1.0
418$10,6,3,16,8,4,9,14,3,15,12,2,5,7,11,1$1.0
419$10,6,3,16,8,4,9,14,3,15,12,2,5,7,11,1$1.0
420$10,13,3,16,8,4,9,14,3,15,12,2,5,7,11,1$1.0
421$10,13,3,16,8,4,9,14,3,15,12,2,5,7,11,1$1.0
422$10,6,3,16,8,4,9,14,3,15,12,2,5,7,11,1$1.0
423$10,6,3,16,8,4,9,14,3,15,12,2,5,7,11,1$1.0
424$10,6,3,16,8,4,9,14,3,15,12,2,5,7,11,13$1.0
425$10,6,3,16,8,4,9,14,3,15,12,2,5,7,11,1$1.0
426$10,6,2,16,8,4,9,14,3,15,12,2,5,7,11,13$1.0
427$10,6,2,16,8,4,9,14,3,15,12,2,5,7,11,1$1.0
428$10,6,3,16,8,4,9,14,3,15,12,2,5,7,11,1$1.0
429$10,6,14,16,8,4,9,14,3,15,12,2,5,7,11,13$1.0
430$10,6,14,16,8,4,9,14,3,15,12,2,5,7,11,13$1.0
431$10,6,14,16,8,4,9,14,3,15,12,2,5,7,11,13$1.0
432$10,6,3,16,8,4,9,14,3,15,12,2,5,7,11,13$1.0
433$10,6,2,16,8,13,9,14,3,15,12,2,5,7,11,1$1.0
434$10,6,3,16,8,4,9,14,3,15,12,2,5,7,11,13$1.0
435$10,6,3,16,8,4,9,14,3,15,12,2,5,7,11,13$1.0
436$10,6,3,16,8,4,9,14,3,15,12,2,5,7,11,13$1.0
437$10,6,3,16,8,4,9,14,3,15,12,2,5,1,11,13$1.0
438$10,6,2,16,8,4,9,14,3,15,12,2,5,7,11,13$1.0
439$10,6,3,16,8,4,9,14,3,15,12,2,5,7,11,13$1.0
440$10,6,2,16,8,4,9,14,3,15,12,2,5,7,11,13$1.0
441$10,6,3,16,8,4,9,14,3,15,12,2,5,7,11,13$1.0
442$10,6,3,16,8,4,9,14,3,15,12,2,5,1,11,13$1.0
443$10,6,3,16,8,4,9,14,3,15,12,2,5,7,11,1$1.0
444$10,6,3,16,8,4,9,14,3,15,12,2,5,1,11,13$1.0
445$10,6,3,16,8,4,9,14,8,15,12,2,5,7,11,13$1.0
446$10,6,3,16,8,4,9,14,3,15,12,2,5,7,11,13$1.0
447$10,6,14,16,8,4,9,14,3,15,12,2,5,7,11,13$1.0
448$10,6,3,16,8,4,9,14,3,15,12,2,5,7,11,13$1.0
449$10,6,3,16,8,4,9,14,3,15,12,2,5,7,11,13$1.0
450$10,6,14,16,8,4,9,14,3,15,12,2,5,7,11,13$1.0
451$10,6,3,16,8,4,9,14,3,15,12,2,5,1,11,13$1.0
452$10,6,3,16,8,4,9,14,3,15,12,2,5,1,11,13$1.0
453$10,6,14,16,8,4,9,14,3,15,12,2,5,1,11,13$1.0
454$10,6,14,16,8,4,9,14,3,15,12,2,5,7,11,13$1.0
455$10,6,2,16,8,4,9,14,3,15,12,2,5,7,11,13$1.0
456$10,6,3,16,8,4,9,14,3,15,12,2,5,1,11,13$1.0
457$10,6,3,16,8,4,9,14,3,15,12,2,5,7,11,13$1.0
458$10,6,14,16,8,4,9,16,3,15,12,2,5,7,11,13$1.0
459$10,6,14,16,8,4,9,16,3,15,12,2,5,1,11,13$1.0
460$10,6,2,16,8,4,9,14,3,15,12,2,5,7,11,13$1.0
461$10,6,2,16,8,4,9,14,3,15,12,2,5,7,11,13$1.0
462$10,6,2,16,8,4,9,14,3,15,12,2,5,7,11,13$1.0
463$10,6,2,16,8,4,9,14,3,15,12,2,5,7,11,13$1.0
464$10,6,3,16,8,4,9,14,3,15,12,2,5,1,11,13$1.0
465$10,6,3,16,8,4,9,14,3,15,12,2,5,1,11,13$1.0
466$10,6,14,16,8,4,9,14,3,15,12,2,5,1,11,13$1.0
467$10,6,3,16,8,4,9,14,3,15,12,2,5,1,11,13$1.0
468$10,6,3,16,8,4,9,14,3,15,12,2,5,7,11,13$1.0
469$10,6,2,16,8,4,9,14,3,15,12,2,5,7,11,13$1.0
470$10,6,3,16,8,4,9,14,3,15,12,2,5,1,11,13$1.0
471$10,6,2,16,8,4,9,14,3,15,12,2,5,7,11,13$1.0
472$10,6,3,16,8,4,9,14,3,15,12,2,5,7,11,13$1.0
473$10,6,3,16,8,4,9,14,3,15,12,2,5,7,11,13$1.0
474$10,6,3,16,8,4,9,14,3,15,12,2,5,7,11,13$1.0
475$10,6,3,16,8,4,9,14,3,15,12,2,5,7,11,13$1.0
476$10,6,3,16,8,4,9,14,3,15,12,2,5,7,11,13$1.0
477$10,6,3,16,8,4,9,14,3,15,12,2,5,1,11,13$1.0
478$10,6,3,16,8,4,9,14,3,15,12,2,5,7,11,13$1.0
479$10,6,3,16,8,4,9,14,3,15,12,2,5,7,11,13$1.0
480$10,6,3,16,8,4,9,14,3,15,12,2,5,1,11,13$1.0
481$10,6,3,16,8,4,9,14,8,15,12,2,5,7,11,13$1.0
482$10,6,3,16,8,4,9,14,3,15,12,2,5,7,11,13$1.0
483$10,6,3,16,8,4,9,14,3,15,12,7,5,1,11,13$1.0
484$10,6,3,16,8,4,9,14,3,15,12,2,5,1,11,13$1.0
485$10,6,3,16,8,4,9,14,3,15,12,2,5,7,11,13$1.0
486$10,6,3,16,8,4,9,14,3,15,12,2,5,1,11,13$1.0
487$10,6,3,16,8,4,9,14,3,15,12,2,5,7,11,13$1.0
488$10,6,3,16,8,4,9,14,3,15,12,2,5,7,11,13$1.0
489$10,6,3,16,8,4,9,14,3,15,12,2,5,7,11,1$1.0
490$10,6,3,16,8,4,9,14,3,15,12,2,5,1,11,13$1.0
491$10,6,3,16,8,4,9,14,3,15,12,2,5,1,11,13$1.0
492$10,6,3,16,8,4,9,14,3,15,12,2,5,7,11,13$1.0
493$10,6,3,16,8,4,9,14,3,15,12,2,5,1,11,13$1.0
494$10,6,3,16,8,4,9,14,3,15,12,2,5,7,11,13$1.0
495$10,6,3,16,8,4,9,14,3,15,12,2,5,7,11,13$1.0
496$10,6,3,16,8,4,9,14,3,15,12,2,5,7,11,1$1.0
497$10,6,3,16,8,4,9,14,3,15,12,2,5,7,11,13$1.0
498$10,6,3,16,8,4,9,14,3,15,12,2,5,7,11,13$1.0
499$10,6,3,16,8,4,9,14,3,15,12,2,5,1,11,13$1.0
500$10,6,2,16,8,4,9,14,3,15,12,2,5,7,11,13$1.0
501$10,6,2,16,8,4,9,14,3,15,12,2,5,7,11,13$1.0
502$10,6,2,16,8,4,9,14,3,15,12,2,5,7,11,13$1.0
503$10,6,3,16,8,4,9,14,3,15,12,2,5,7,11,13$1.0
504$10,6,3,16,8,4,9,14,3,15,12,2,5,7,11,13$1.0
505$10,6,2,16,8,4,9,14,3,15,12,2,5,7,11,13$1.0
506$10,6,2,16,8,4,9,14,3,15,12,2,5,7,11,13$1.0
507$10,6,3,16,8,4,9,14,3,15,12,2,5,7,11,13$1.0
508$10,6,2,16,8,4,9,14,3,15,12,3,5,7,11,13$1.0
509$10,6,3,16,8,4,9,14,3,15,12,2,5,7,11,13$1.0
510$10,6,2,16,8,4,9,14,3,15,12,2,5,1,11,13$1.0
511$10,6,2,16,8,4,9,14,3,15,12,2,5,7,11,13$1.0
512$10,6,2,16,8,4,9,14,3,15,12,2,5,7,11,13$1.0
513$10,6,2,16,8,4,9,14,3,15,12,2,5,7,11,13$1.0
514$10,6,2,16,8,4,9,14,3,15,12,2,5,7,11,13$1.0
515$10,6,2,16,8,4,9,14,3,15,12,2,5,7,11,13$1.0
516$10,6,2,16,8,4,9,14,3,15,12,2,5,7,11,13$1.0
517$10,6,3,16,8,4,9,14,3,15,12,2,5,7,11,13$1.0
518$10,6,2,16,8,4,9,14,3,15,12,2,5,7,11,13$1.0
519$10,6,3,16,8,4,9,14,3,15,12,2,5,7,11,13$1.0
520$10,6,2,16,8,4,9,14,3,15,12,2,5,7,11,13$1.0
521$10,6,14,16,8,4,9,14,3,15,12,2,5,7,11,13$1.0
522$10,6,3,16,8,4,9,14,3,15,12,2,5,7,11,13$1.0
523$1,6,2,16,8,4,9,14,3,15,12,2,5,7,11,13$1.0
524$10,6,2,16,8,4,9,14,3,15,12,2,5,7,11,13$1.0
525$10,6,2,16,8,4,9,14,3,15,12,2,5,7,11,13$1.0
526$10,6,3,16,8,4,9,14,3,15,12,2,5,7,11,13$1.0
527$10,6,3,16,8,4,9,14,3,15,12,2,5,7,11,13$1.0
528$10,6,2,16,8,4,9,14,3,15,12,2,5,7,11,13$1.0
529$10,6,2,16,8,4,9,14,3,15,12,2,5,7,11,13$1.0
530$1,6,2,16,8,4,9,14,3,15,12,2,5,7,11,13$1.0
531$1,6,2,16,8,4,9,14,3,15,12,7,5,7,11,13$1.0
532$1,6,2,16,8,4,9,14,3,15,12,7,5,7,11,13$1.0
533$10,6,2,16,8,4,9,14,3,15,12,2,5,7,11,13$1.0
534$1,6,2,16,8,4,9,14,3,15,12,2,5,7,11,13$1.0
535$1,6,2,16,8,4,9,14,3,15,12,2,5,7,11,13$1.0
536$1,6,2,16,8,4,9,14,3,15,12,2,5,7,11,13$1.0
537$10,6,2,16,8,4,9,14,3,15,12,2,5,7,11,13$1.0
538$10,6,2,16,8,4,9,14,3,15,12,2,5,7,11,1$1.0
539$10,6,2,16,8,4,9,14,3,15,12,2,5,7,11,13$1.0
540$10,6,2,16,8,4,9,14,3,15,12,2,5,7,11,13$1.0
541$10,6,2,16,8,4,9,14,3,15,12,2,5,1,11,13$1.0
542$10,6,2,16,8,4,9,14,3,15,12,7,5,7,11,1$1.0
543$10,6,2,16,8,4,9,14,3,15,12,2,5,7,11,13$1.0
544$10,6,2,16,8,4,9,14,3,15,12,2,5,7,11,13$1.0
545$10,6,2,16,8,4,9,14,3,15,12,2,5,7,11,13$1.0
546$10,6,2,16,8,4,9,14,3,15,12,2,5,7,11,13$1.0
547$10,6,16,16,8,4,9,14,3,15,12,2,5,7,11,13$1.0
548$10,6,2,16,8,4,9,14,3,15,12,2,5,7,11,13$1.0
549$10,6,2,16,8,4,9,14,3,15,12,2,5,7,11,13$1.0
550$10,6,16,16,8,4,9,14,3,15,12,2,5,7,11,1$1.0
551$10,6,3,16,8,4,9,14,3,15,12,2,5,7,11,1$1.0
552$10,6,3,16,8,4,9,14,3,15,12,2,5,7,11,13$1.0
553$10,6,2,16,8,4,9,14,3,15,12,2,5,7,11,1$1.0
554$10,6,2,16,8,4,9,14,3,15,12,2,5,7,11,1$1.0
555$10,6,2,16,8,13,9,14,3,15,12,2,5,7,11,1$1.0
556$10,6,2,16,8,4,9,14,3,15,12,7,5,1,11,13$0.0
556$10,6,2,16,8,4,9,14,3,15,12,7,5,1,11,13$0.0
