16
0$3,6,4,7,12,8,3,6,15,2,2,7,10,1,13,4$11.0
0$4,14,15,3,1,4,9,11,10,2,5,2,13,1,12,11$18.0
0$7,10,6,5,11,1,11,7,16,9,16,10,3,15,8,1$15.0
0$1,12,14,12,1,9,6,13,11,15,14,16,14,5,3,3$14.0
0$3,6,4,7,12,8,3,6,15,2,2,7,10,1,13,4$11.0
1$4,6,11,12,15,1,2,4,9,16,13,10,15,1,12,5$10.0
1$4,6,11,12,15,1,2,4,9,16,13,10,15,1,12,5$10.0
2$9,13,6,1,9,6,14,4,1,9,16,10,3,15,8,1$11.0
3$12,13,11,1,9,11,14,4,1,9,5,7,15,12,2,6$12.0
4$14,16,7,5,15,1,2,4,11,9,16,10,3,15,8,1$11.0
5$14,16,7,5,15,13,2,4,11,9,16,10,3,15,8,1$10.0
6$3,15,11,12,8,2,14,4,1,9,16,10,13,15,8,1$9.0
6$3,15,11,12,8,2,14,4,1,9,16,10,13,15,8,1$9.0
7$7,14,7,14,8,13,2,4,11,9,16,10,3,15,8,1$7.0
7$3,15,11,14,11,2,14,4,1,9,16,10,13,15,8,1$8.0
7$7,14,7,14,8,13,2,4,11,9,16,10,3,15,8,1$7.0
8$15,11,16,7,9,1,14,4,1,13,16,6,15,12,2,6$6.0
8$15,11,16,7,9,1,14,4,1,13,16,6,15,12,2,6$6.0
9$14,16,7,14,8,13,2,4,11,9,16,10,3,15,8,1$7.0
10$7,15,3,12,8,1,11,4,14,9,5,2,11,15,8,4$8.0
11$7,15,3,6,8,1,11,4,14,9,5,2,11,15,8,4$6.0
12$7,15,3,6,8,1,11,4,14,9,5,2,11,15,8,4$6.0
13$15,9,7,14,8,8,2,4,6,9,16,10,13,15,8,1$5.0
13$15,9,7,14,8,8,2,4,6,9,16,10,13,15,8,1$5.0
14$3,13,11,7,11,2,14,4,1,9,16,10,13,15,8,1$5.0
15$3,13,12,7,11,2,14,4,1,9,16,10,13,15,8,1$6.0
16$5,16,11,7,15,2,14,4,6,9,16,10,13,15,8,1$4.0
16$5,16,11,7,15,2,14,4,6,9,16,10,13,15,8,1$4.0
17$5,16,11,7,15,2,14,4,6,9,16,10,13,2,8,1$4.0
18$5,16,11,7,15,2,14,4,6,9,16,10,13,2,8,1$4.0
19$5,16,11,7,15,2,14,4,6,9,16,10,13,15,8,1$4.0
20$3,13,11,7,11,3,14,4,1,9,16,10,13,15,8,1$4.0
21$5,13,11,7,11,3,14,4,1,9,16,10,13,15,8,1$3.0
21$5,13,11,7,11,3,14,4,1,9,16,10,13,15,8,1$3.0
22$5,16,11,7,15,2,14,4,6,9,16,10,13,2,8,1$4.0
23$5,13,11,7,11,3,14,4,1,9,16,10,13,15,8,1$3.0
24$5,16,11,7,15,3,14,4,1,9,16,10,13,15,8,1$3.0
25$5,13,11,7,11,3,14,4,1,9,16,10,13,15,8,1$3.0
26$3,16,11,7,11,2,14,12,6,9,16,10,13,15,8,1$2.0
26$3,16,11,7,11,2,14,12,6,9,16,10,13,15,8,1$2.0
27$5,16,11,7,15,3,14,4,1,9,16,10,13,2,8,1$2.0
28$5,16,11,7,15,3,14,4,1,9,16,10,13,2,8,1$2.0
29$5,16,11,7,15,3,14,4,1,9,2,10,13,15,8,1$2.0
30$5,16,11,7,15,3,14,4,1,9,2,10,13,15,8,1$2.0
31$5,16,11,7,15,3,14,4,1,9,2,10,13,15,8,1$2.0
32$5,16,11,7,11,3,14,4,1,9,2,10,13,15,8,1$2.0
33$3,6,11,7,11,3,14,4,1,9,16,10,13,15,8,1$3.0
34$3,6,11,7,11,3,14,4,1,9,16,10,13,15,8,1$3.0
35$5,13,11,7,15,3,14,4,1,9,16,10,13,2,8,1$2.0
36$5,16,12,7,11,3,14,4,1,9,16,10,13,15,8,1$2.0
37$5,16,11,7,15,3,14,4,1,9,16,10,13,2,8,1$2.0
38$5,16,11,7,11,3,14,4,1,9,2,10,13,15,8,1$2.0
39$3,6,12,7,11,3,14,4,1,9,16,10,13,15,8,1$2.0
40$3,6,12,7,11,3,14,4,1,9,16,10,13,15,8,1$2.0
41$3,6,12,7,11,3,14,4,1,9,16,10,13,15,8,1$2.0
42$3,6,12,7,11,3,14,4,1,9,16,10,13,15,8,1$2.0
43$3,6,12,7,11,3,14,4,1,9,16,10,13,15,8,1$2.0
44$3,6,12,7,11,3,14,4,1,9,16,10,13,15,8,1$2.0
45$5,16,12,7,11,3,14,4,1,9,16,10,13,15,8,1$2.0
46$5,16,11,7,11,3,14,4,1,9,2,10,13,15,8,1$2.0
47$13,6,12,7,11,3,14,4,1,9,16,10,13,15,8,1$2.0
48$13,6,12,7,11,3,14,4,1,9,16,10,13,15,8,2$1.0
48$13,6,12,7,11,3,14,4,1,9,16,10,13,15,8,2$1.0
49$13,6,12,7,11,3,14,4,1,9,16,10,13,15,8,2$1.0
50$13,6,12,7,11,3,14,4,1,9,16,10,13,15,8,2$1.0
51$13,6,12,7,11,3,14,4,1,9,16,10,13,15,8,2$1.0
52$13,6,12,7,11,3,14,4,1,9,16,10,13,15,8,2$1.0
53$13,6,12,7,11,3,14,4,1,9,2,10,13,15,8,1$2.0
54$13,6,12,7,11,3,14,4,1,9,16,10,13,15,8,2$1.0
55$13,6,12,7,11,3,14,4,1,9,16,10,13,15,8,2$1.0
56$13,6,12,7,11,3,14,4,1,9,16,10,13,15,8,2$1.0
57$13,6,12,7,11,3,14,4,1,9,16,10,13,15,8,2$1.0
58$13,6,12,7,11,3,14,4,1,9,16,10,13,15,8,2$1.0
59$13,6,12,7,11,3,14,4,1,9,16,10,13,15,8,2$1.0
60$13,6,12,7,11,3,14,4,1,9,16,10,13,15,8,2$1.0
61$5,16,12,7,11,3,14,4,1,9,2,10,13,15,8,1$1.0
62$13,6,12,7,11,3,14,4,1,9,16,10,13,15,8,2$1.0
63$13,6,12,7,11,3,14,4,1,9,16,10,13,15,8,2$1.0
64$13,6,12,7,11,3,14,4,1,9,16,10,13,15,8,2$1.0
65$13,6,12,7,11,3,14,4,1,9,16,10,13,15,8,2$1.0
66$16,6,12,7,11,3,14,4,1,9,16,10,13,15,8,2$1.0
67$13,6,12,7,11,3,14,4,1,9,2,10,13,15,8,1$2.0
68$13,6,12,7,11,3,14,4,1,9,16,10,13,15,8,2$1.0
69$13,6,12,7,11,3,14,4,1,9,16,10,13,15,8,2$1.0
70$3,6,12,7,11,3,14,4,1,9,16,10,13,15,8,2$1.0
71$13,6,12,7,11,3,14,4,1,9,16,10,13,15,8,1$2.0
72$5,13,11,7,15,3,14,4,1,9,16,10,13,15,8,2$2.0
73$13,6,12,7,11,3,14,4,1,9,16,10,13,15,8,2$1.0
74$13,6,12,7,11,3,14,4,1,9,16,10,13,15,8,2$1.0
75$13,6,12,7,11,3,14,4,1,9,16,10,13,15,8,2$1.0
76$13,6,12,7,11,3,14,4,1,9,16,10,13,15,8,2$1.0
77$16,6,12,7,11,3,14,4,1,9,2,10,13,15,8,2$1.0
78$13,6,12,7,11,3,14,4,1,9,16,10,13,15,8,2$1.0
79$3,6,12,7,11,3,14,4,1,9,16,10,13,15,8,2$1.0
80$13,6,12,7,11,3,14,4,1,9,16,10,13,15,8,2$1.0
81$13,6,12,7,11,3,14,4,1,9,16,10,13,15,8,2$1.0
82$3,6,12,7,11,3,14,4,1,9,16,10,13,15,8,2$1.0
83$13,6,12,7,11,3,14,4,1,9,16,10,13,15,8,2$1.0
84$13,6,12,7,11,3,14,4,1,9,16,10,13,15,8,2$1.0
85$13,6,12,7,11,3,14,4,1,9,16,10,7,15,8,2$1.0
86$13,6,12,7,11,3,14,4,1,9,16,10,15,15,8,2$1.0
87$13,6,12,7,11,3,14,4,1,9,16,10,13,15,8,2$1.0
88$12,6,12,7,11,3,14,4,1,9,16,10,13,15,8,2$1.0
89$13,6,12,7,11,3,14,4,1,9,16,10,13,15,8,2$1.0
90$13,6,12,7,11,3,14,4,1,9,16,10,13,15,8,2$1.0
91$16,6,12,7,11,3,14,4,1,9,2,10,13,15,8,2$1.0
92$3,6,12,7,11,3,14,4,1,9,16,10,13,15,8,2$1.0
93$13,6,12,7,11,3,14,4,1,9,16,10,13,15,8,2$1.0
94$12,6,12,7,11,3,14,4,1,9,16,10,13,15,8,2$1.0
95$13,6,12,7,11,3,14,4,1,9,16,10,13,15,8,2$1.0
96$12,6,12,7,11,3,14,4,1,9,16,10,13,15,8,2$1.0
97$13,6,12,7,11,3,14,4,1,9,16,10,13,15,8,2$1.0
98$13,6,12,7,11,3,14,4,1,9,16,10,13,15,8,2$1.0
99$13,6,12,7,11,3,14,4,1,9,16,10,13,15,8,2$1.0
100$13,6,12,7,11,3,14,4,1,9,16,10,13,15,8,2$1.0
101$13,6,12,7,11,3,14,4,1,9,16,10,13,15,8,2$1.0
102$13,6,12,7,11,3,14,4,1,9,16,10,13,15,8,2$1.0
103$13,6,12,7,11,3,14,4,1,9,16,10,4,15,8,2$1.0
104$12,6,12,7,11,3,14,4,1,9,16,10,13,15,5,2$1.0
105$13,6,12,7,11,3,14,4,1,9,16,10,13,15,8,2$1.0
106$13,6,12,7,11,3,14,4,1,9,16,10,13,15,8,2$1.0
107$13,6,12,7,11,3,14,4,1,9,16,10,13,15,8,2$1.0
108$13,6,12,7,11,3,14,4,1,9,16,10,13,15,8,2$1.0
109$13,6,12,7,11,3,14,4,1,9,16,10,13,15,5,2$1.0
110$12,6,12,7,11,3,14,4,1,9,16,10,13,15,8,2$1.0
111$12,6,12,7,11,3,14,4,1,9,16,10,13,15,5,2$1.0
112$13,6,12,7,11,3,14,4,1,9,16,10,13,15,8,2$1.0
113$13,6,12,7,11,3,14,4,1,9,16,10,13,15,8,2$1.0
114$12,6,12,7,11,3,14,4,1,9,16,10,13,15,8,2$1.0
115$13,6,12,7,11,3,14,4,1,9,16,10,13,15,8,2$1.0
116$13,6,12,7,11,3,14,4,1,9,16,10,13,15,5,2$1.0
117$16,6,12,7,11,3,14,4,1,9,16,10,13,15,8,2$1.0
118$13,6,12,7,11,3,14,4,1,9,16,10,13,15,8,2$1.0
119$16,6,12,7,11,3,14,4,1,9,16,10,13,15,8,2$1.0
120$16,6,12,7,11,3,14,4,1,9,16,10,13,15,8,2$1.0
121$13,6,12,7,11,3,14,4,1,9,16,10,15,15,8,2$1.0
122$16,6,12,7,11,3,14,4,1,9,13,10,13,15,8,2$1.0
123$13,6,12,7,11,3,14,4,1,9,16,10,13,15,8,2$1.0
124$16,6,12,7,11,3,14,4,1,9,16,10,13,15,8,2$1.0
125$16,6,12,7,11,3,14,4,1,9,16,10,13,15,8,2$1.0
126$13,6,12,7,11,3,14,4,1,9,16,10,13,15,8,2$1.0
127$16,6,12,7,11,3,14,4,1,9,16,10,13,15,8,2$1.0
128$16,6,12,7,11,3,14,4,1,9,16,10,13,15,8,2$1.0
129$13,6,12,7,11,3,14,4,1,9,16,10,13,15,8,2$1.0
130$13,6,12,7,11,3,14,4,1,9,16,10,13,15,8,2$1.0
131$13,6,12,7,11,3,14,4,1,9,16,10,13,15,8,2$1.0
132$13,6,12,7,11,3,14,4,1,9,16,10,7,15,8,2$1.0
133$13,6,12,7,11,3,14,4,1,9,16,10,13,15,8,2$1.0
134$13,6,12,7,11,3,14,4,1,9,16,10,13,15,8,2$1.0
135$13,6,12,7,11,3,14,4,1,9,16,10,13,15,8,2$1.0
136$13,6,12,7,11,3,14,4,1,9,16,10,13,15,8,2$1.0
137$12,6,12,7,11,3,14,4,1,9,16,10,13,15,8,2$1.0
138$12,6,12,7,11,3,14,4,1,9,16,10,13,15,8,2$1.0
139$13,6,12,7,11,3,14,4,1,9,16,10,13,15,8,2$1.0
140$13,6,12,7,11,3,14,4,1,9,16,10,13,15,8,2$1.0
141$12,6,12,7,11,3,14,4,1,9,16,10,13,15,8,2$1.0
142$13,6,12,7,11,3,14,4,1,9,16,10,13,15,8,2$1.0
143$13,6,12,7,11,3,14,4,1,9,16,10,13,15,8,2$1.0
144$12,6,12,7,11,3,14,4,1,9,16,10,13,15,8,2$1.0
145$12,6,12,7,11,3,14,4,1,9,16,10,13,15,8,2$1.0
146$12,6,12,7,11,3,14,4,1,9,16,10,13,15,8,2$1.0
147$12,6,12,7,11,3,14,4,1,9,16,10,13,15,8,2$1.0
148$16,6,12,7,11,3,14,4,1,9,16,10,13,15,8,2$1.0
149$12,6,12,7,11,3,14,4,1,9,16,10,13,15,8,2$1.0
150$13,6,12,7,11,3,14,4,1,9,16,10,13,15,8,2$1.0
151$13,6,12,7,11,3,14,4,1,9,16,10,13,15,8,2$1.0
152$13,6,12,7,11,3,14,4,1,9,16,10,13,15,8,2$1.0
153$13,6,12,7,11,3,14,4,1,9,16,10,13,15,8,2$1.0
154$13,6,12,7,11,3,14,4,1,9,16,10,13,15,8,2$1.0
155$13,6,12,7,11,3,14,4,1,9,16,10,13,15,8,2$1.0
156$13,6,12,7,11,3,14,4,1,9,16,10,13,15,8,2$1.0
157$13,6,12,7,11,3,14,4,1,9,16,10,13,15,8,2$1.0
158$16,6,12,7,11,3,14,4,1,9,16,10,13,15,8,2$1.0
159$13,6,12,7,11,3,14,4,1,9,16,10,13,15,8,2$1.0
160$13,6,12,7,11,3,14,4,1,9,16,10,13,15,8,2$1.0
161$13,6,12,7,11,3,14,4,1,9,16,10,13,15,8,2$1.0
162$3,6,12,7,11,3,14,4,1,9,16,10,13,15,8,2$1.0
163$13,6,12,7,11,3,14,4,1,9,16,10,13,15,8,2$1.0
164$13,6,12,7,11,3,14,4,1,9,16,10,13,15,8,2$1.0
165$13,6,12,7,11,3,14,4,1,9,16,10,13,15,8,2$1.0
166$13,6,12,7,11,3,14,4,1,9,16,10,7,15,8,2$1.0
167$3,6,12,7,11,14,14,4,1,9,16,10,13,15,8,2$1.0
168$12,6,12,7,11,3,14,4,1,9,16,10,13,15,8,2$1.0
169$13,6,12,7,11,3,14,4,1,9,16,10,13,15,8,2$1.0
170$13,6,12,7,11,3,14,4,1,9,16,10,13,15,8,2$1.0
171$3,6,12,7,11,3,14,4,1,9,16,10,13,15,8,2$1.0
172$12,6,12,7,11,3,14,4,1,9,16,10,13,15,8,2$1.0
173$13,6,12,7,11,3,14,4,1,9,16,10,13,15,8,2$1.0
174$12,6,12,7,11,3,14,4,1,9,16,10,13,15,8,2$1.0
175$13,6,12,7,11,3,14,4,1,9,16,10,13,15,8,2$1.0
176$13,6,12,7,11,3,14,4,1,9,16,10,13,15,8,2$1.0
177$13,6,12,7,11,3,14,4,1,9,16,10,13,15,8,2$1.0
178$13,6,12,7,11,3,14,4,1,9,16,10,13,15,8,2$1.0
179$13,6,12,7,11,3,14,4,1,9,16,10,13,15,8,2$1.0
180$13,6,12,7,11,3,14,4,1,9,16,10,15,15,8,2$1.0
181$13,6,12,7,11,3,14,4,1,9,16,10,7,15,8,2$1.0
182$13,6,12,7,11,3,14,4,1,9,16,10,4,15,8,2$1.0
183$13,6,12,7,11,3,14,4,1,9,16,10,4,15,8,2$1.0
184$13,6,12,7,11,3,14,4,1,9,16,10,13,15,8,2$1.0
185$13,6,12,7,11,3,14,4,1,9,16,10,13,15,8,2$1.0
186$13,6,12,7,11,3,14,4,1,9,16,10,13,15,8,2$1.0
187$13,6,12,7,11,3,14,4,1,9,16,10,13,15,8,2$1.0
188$13,6,12,7,11,3,14,4,1,9,16,10,15,15,5,2$1.0
189$13,6,12,7,11,3,14,4,1,9,16,10,13,15,8,2$1.0
190$13,6,12,7,11,3,14,4,1,9,16,10,13,15,8,2$1.0
191$13,6,12,7,11,3,14,4,1,9,16,10,13,15,8,2$1.0
192$13,6,12,7,11,3,14,4,1,9,16,10,13,15,8,2$1.0
193$13,6,12,7,11,3,14,4,1,9,16,10,13,15,8,2$1.0
194$13,6,12,7,11,3,14,4,1,9,16,10,13,15,8,2$1.0
195$13,6,12,7,11,3,14,4,1,9,16,10,13,15,8,2$1.0
196$13,6,12,7,11,3,14,4,1,9,16,10,7,15,8,2$1.0
197$13,6,12,7,11,3,14,4,1,9,16,10,13,15,8,2$1.0
198$13,6,12,7,11,3,14,4,1,9,16,10,7,15,8,2$1.0
199$13,6,12,7,11,3,14,4,1,9,16,10,15,15,8,2$1.0
200$13,6,12,7,11,3,14,4,1,9,16,10,13,15,8,2$1.0
201$12,6,12,7,11,3,14,4,1,9,16,10,13,15,8,2$1.0
202$13,6,12,7,11,3,14,4,1,9,16,10,13,15,8,2$1.0
203$13,6,12,7,11,3,14,4,1,9,16,10,13,15,8,2$1.0
204$13,6,12,7,11,3,14,4,1,9,16,10,13,15,8,2$1.0
205$13,6,12,7,11,3,14,4,1,9,16,10,13,15,8,2$1.0
206$13,6,12,7,11,3,14,4,1,9,16,10,13,15,8,2$1.0
207$13,6,12,7,11,3,14,4,1,9,16,10,13,15,8,2$1.0
208$13,6,12,7,11,3,14,4,1,9,16,10,13,15,8,2$1.0
209$13,6,12,7,11,3,14,4,1,9,16,10,13,15,8,2$1.0
210$13,6,12,7,11,3,14,4,1,9,16,10,13,15,8,2$1.0
211$13,6,12,7,11,3,14,4,1,9,16,10,7,15,8,2$1.0
212$13,6,12,7,11,3,14,4,1,9,16,10,13,15,8,2$1.0
213$13,6,12,7,11,3,14,4,1,9,16,10,13,15,8,2$1.0
214$13,6,12,7,11,3,14,4,1,9,16,10,13,15,8,2$1.0
215$13,6,12,7,11,3,14,4,1,9,16,10,13,15,8,2$1.0
216$13,6,12,7,11,3,14,4,1,9,16,10,13,15,8,2$1.0
217$13,6,12,7,11,3,14,4,1,9,16,10,13,15,8,2$1.0
218$13,6,12,7,11,3,14,4,1,9,16,10,13,15,8,2$1.0
219$13,6,12,7,11,3,14,4,1,9,16,10,13,15,8,2$1.0
220$13,6,12,7,11,3,14,4,1,9,16,10,13,15,8,2$1.0
221$13,6,12,7,11,3,14,4,1,9,16,10,13,15,8,2$1.0
222$13,6,12,7,11,3,14,4,1,9,16,10,13,15,8,2$1.0
223$13,6,12,7,11,3,14,4,1,9,16,10,13,15,8,2$1.0
224$13,6,12,7,11,3,14,4,1,9,16,10,13,15,8,2$1.0
225$13,6,12,7,11,3,14,4,1,9,16,10,13,15,8,2$1.0
226$13,6,12,7,11,3,14,4,1,9,16,10,13,15,8,2$1.0
227$13,6,12,7,11,3,14,4,1,9,16,10,7,15,8,2$1.0
228$13,6,12,7,11,3,14,4,1,9,16,10,13,15,8,2$1.0
229$13,6,12,7,11,3,14,4,1,9,16,10,13,15,8,2$1.0
230$13,6,12,7,11,3,14,4,1,9,16,10,4,15,8,2$1.0
231$13,6,12,7,11,3,14,4,1,9,16,10,15,15,8,2$1.0
232$13,6,12,7,11,3,14,4,1,9,16,10,15,15,8,2$1.0
233$16,6,12,7,11,3,14,4,1,9,16,10,13,15,8,2$1.0
234$13,6,12,7,11,3,14,4,1,9,16,10,15,15,8,2$1.0
235$13,6,12,7,11,3,14,4,1,9,16,10,13,15,8,2$1.0
236$13,6,12,7,11,3,14,4,1,9,16,10,13,15,8,2$1.0
237$13,6,12,7,11,3,14,4,1,9,16,10,13,15,8,2$1.0
238$13,6,12,7,11,3,14,4,1,9,16,10,15,15,8,2$1.0
239$13,6,12,7,11,3,14,4,1,9,16,10,13,15,8,2$1.0
240$13,6,12,7,11,3,14,4,1,9,16,10,13,15,8,2$1.0
241$16,6,12,7,11,3,14,4,1,9,16,10,13,15,8,2$1.0
242$13,6,12,7,11,3,14,4,1,9,16,10,15,15,8,2$1.0
243$13,6,12,7,11,3,14,4,1,9,16,10,13,15,8,2$1.0
244$13,6,12,7,11,3,14,4,1,9,16,10,13,15,8,2$1.0
245$13,6,12,7,11,3,14,4,1,9,16,10,15,15,8,2$1.0
246$13,6,12,7,11,3,14,4,1,9,16,10,15,15,8,2$1.0
247$13,6,12,7,11,3,14,4,1,9,16,10,13,15,8,2$1.0
248$13,6,12,7,11,3,14,4,1,9,16,10,15,15,8,2$1.0
249$13,6,12,7,11,3,14,4,1,9,16,10,15,15,8,2$1.0
250$13,6,12,7,11,3,14,4,1,9,16,10,15,15,8,2$1.0
251$13,6,12,7,11,3,14,4,1,9,16,10,13,15,8,2$1.0
252$13,6,12,7,11,3,14,4,1,9,16,10,13,15,8,2$1.0
253$13,6,12,7,11,3,14,4,1,9,16,10,13,15,8,2$1.0
254$13,6,12,7,11,3,14,4,1,9,16,10,15,15,8,2$1.0
255$13,6,12,7,11,3,14,4,1,9,16,10,13,15,8,2$1.0
256$13,6,12,7,11,3,14,4,1,9,16,10,13,15,8,2$1.0
257$13,6,12,7,11,3,14,4,1,9,16,10,15,15,8,2$1.0
258$13,6,12,7,11,3,14,4,1,9,16,10,15,15,8,2$1.0
259$13,6,12,7,11,3,14,4,1,9,16,10,15,15,8,2$1.0
260$13,6,12,7,11,3,14,4,1,9,16,10,15,15,8,2$1.0
261$13,6,12,7,11,3,14,4,1,9,16,10,15,15,8,2$1.0
262$13,6,12,7,11,3,14,4,1,9,16,10,15,15,8,2$1.0
263$12,6,12,7,11,3,14,4,1,9,16,10,13,15,8,2$1.0
264$13,6,12,7,11,3,14,4,1,9,16,10,13,15,8,2$1.0
265$13,6,12,7,11,3,14,4,1,9,16,10,15,15,8,2$1.0
266$13,6,12,7,11,3,14,4,1,9,16,10,15,15,8,2$1.0
267$13,6,12,7,11,3,14,4,1,9,16,10,13,15,8,2$1.0
268$13,6,12,7,11,3,14,4,1,9,16,10,13,15,8,2$1.0
269$13,6,12,7,11,3,14,4,1,9,16,10,13,15,8,2$1.0
270$13,6,12,7,11,3,14,4,1,9,16,10,7,15,8,2$1.0
271$13,6,12,7,11,3,14,4,1,9,16,10,15,15,8,2$1.0
272$13,6,12,7,11,3,14,4,1,9,16,10,15,15,8,2$1.0
273$13,6,12,7,11,3,14,4,1,9,16,10,7,15,8,2$1.0
274$13,6,12,7,11,3,14,4,1,9,16,10,15,15,8,2$1.0
275$13,6,12,7,11,3,14,4,1,9,16,10,15,15,8,2$1.0
276$13,6,12,7,11,3,14,4,1,9,16,10,15,15,8,2$1.0
277$13,6,12,7,11,3,14,4,1,9,16,10,15,15,8,2$1.0
278$13,6,12,7,11,3,14,4,1,9,16,10,13,15,8,2$1.0
279$13,6,12,7,11,3,14,4,1,9,16,10,15,15,5,2$1.0
280$13,6,12,7,11,3,14,4,1,9,16,10,13,15,5,2$1.0
281$13,6,12,7,11,3,14,4,1,9,16,10,15,15,8,2$1.0
282$13,6,12,7,11,3,14,4,1,9,16,10,15,15,8,2$1.0
283$13,6,12,7,11,3,14,4,1,9,16,10,15,15,8,2$1.0
284$13,6,12,7,11,3,14,4,1,9,16,10,15,15,8,2$1.0
285$13,6,12,7,11,3,14,4,1,9,16,10,15,15,5,2$1.0
286$13,6,12,7,11,3,14,4,1,9,16,10,15,15,8,2$1.0
287$13,6,12,7,11,3,14,4,1,9,16,10,15,15,5,2$1.0
288$13,6,12,7,11,3,14,4,1,9,16,10,4,15,8,2$1.0
289$13,6,12,7,11,3,14,4,1,9,16,10,15,15,8,2$1.0
290$13,6,12,7,11,3,14,4,1,9,16,10,15,15,8,2$1.0
291$13,6,12,7,11,3,14,4,1,9,16,10,15,15,8,2$1.0
292$13,6,12,7,11,3,14,4,1,9,16,10,4,15,8,2$1.0
293$13,6,12,7,11,3,14,4,1,9,16,10,4,15,8,2$1.0
294$13,6,12,7,11,3,14,4,1,9,16,10,13,15,8,2$1.0
295$13,6,12,7,11,3,14,4,1,9,16,10,15,15,8,2$1.0
296$12,6,12,7,11,3,14,4,1,9,16,10,13,15,8,2$1.0
297$13,6,12,7,11,3,14,4,1,9,16,10,4,15,8,2$1.0
298$13,6,12,7,11,3,14,4,1,9,16,10,15,15,8,2$1.0
299$13,6,12,7,11,3,14,4,1,9,16,10,15,15,8,2$1.0
300$13,6,12,7,11,3,14,4,1,9,16,10,15,15,8,2$1.0
301$13,6,12,7,11,3,14,4,1,9,16,10,15,15,8,2$1.0
302$13,6,12,7,11,3,14,4,1,9,16,10,15,15,8,2$1.0
303$13,6,12,7,11,3,14,4,1,9,16,10,15,15,8,2$1.0
304$13,6,12,7,11,3,14,4,1,9,16,10,15,15,8,2$1.0
305$13,6,12,7,11,3,14,4,1,9,16,10,13,15,8,2$1.0
306$13,6,12,7,11,3,14,4,1,9,16,10,15,15,5,2$1.0
307$13,6,12,7,11,3,14,4,1,9,16,10,15,15,8,2$1.0
308$13,6,12,7,11,3,14,4,1,9,16,10,13,15,8,2$1.0
309$13,6,12,7,11,3,14,4,1,9,16,10,13,15,8,2$1.0
310$13,6,12,7,11,3,14,4,1,9,16,10,15,15,8,2$1.0
311$13,6,12,7,11,3,14,4,1,9,16,10,13,15,8,2$1.0
312$13,6,12,7,11,3,14,4,1,9,16,10,13,15,8,2$1.0
313$13,6,12,7,11,3,14,4,1,9,16,10,13,15,5,2$1.0
314$13,6,12,7,11,3,14,4,1,9,16,5,15,8,10,14$1.0
315$16,6,12,7,11,3,14,4,1,9,16,10,13,15,5,2$1.0
316$13,6,12,7,11,3,14,4,1,9,16,10,4,15,8,2$1.0
317$13,6,12,7,11,3,14,4,1,9,16,10,15,3,8,2$1.0
318$13,6,12,7,11,3,14,4,1,9,16,10,15,3,8,2$1.0
319$13,6,12,7,11,3,14,4,1,9,16,10,15,3,8,2$1.0
320$13,6,12,7,11,3,14,4,1,9,16,10,13,15,5,2$1.0
321$13,6,12,7,11,3,14,4,1,9,16,10,13,15,5,2$1.0
322$13,6,12,7,11,3,14,4,1,9,16,10,13,15,5,2$1.0
323$13,6,12,7,11,3,14,4,1,9,16,10,13,15,5,2$1.0
324$13,6,12,7,11,3,14,4,1,9,16,10,13,15,5,2$1.0
325$13,6,12,7,11,3,14,4,1,9,16,10,13,15,5,2$1.0
326$13,6,12,7,11,3,14,4,1,9,16,10,13,15,5,2$1.0
327$16,6,12,7,11,3,14,4,1,9,16,10,13,15,5,2$1.0
328$13,6,12,7,11,3,14,4,1,9,16,10,13,15,5,2$1.0
329$13,6,12,7,11,3,14,4,1,9,16,10,13,15,5,2$1.0
330$13,6,12,7,11,3,14,4,1,9,16,10,13,15,5,2$1.0
331$13,6,12,7,11,3,14,4,1,9,16,10,13,15,5,2$1.0
332$16,6,12,7,11,3,14,4,1,9,16,10,13,15,5,2$1.0
333$13,6,12,7,11,3,14,4,1,9,16,10,13,15,5,2$1.0
334$16,6,12,7,11,3,14,4,1,9,2,10,13,15,5,2$1.0
335$13,6,12,7,11,3,14,4,1,9,16,10,13,15,5,2$1.0
336$13,6,12,7,11,3,14,4,1,9,16,10,13,15,5,2$1.0
337$13,6,12,7,11,3,14,4,1,9,16,10,13,15,5,2$1.0
338$12,6,12,7,11,3,14,4,1,9,16,10,13,15,5,2$1.0
339$13,6,12,7,11,3,14,4,1,9,16,10,13,15,5,2$1.0
340$13,6,12,7,11,3,14,4,1,9,16,10,13,15,5,2$1.0
341$13,6,12,7,11,3,14,4,1,9,16,10,13,15,5,2$1.0
342$13,6,12,7,11,3,14,4,1,9,16,10,13,15,5,2$1.0
343$13,6,12,7,11,3,14,4,1,9,16,10,13,15,5,2$1.0
344$13,6,12,7,11,3,14,4,1,9,16,10,13,15,5,2$1.0
345$13,6,12,7,11,3,14,4,1,9,16,10,13,15,5,2$1.0
346$13,6,12,7,11,3,14,4,1,9,16,10,13,15,5,2$1.0
347$13,6,12,7,11,3,14,4,1,9,16,10,13,15,5,2$1.0
348$13,6,12,7,11,3,14,4,1,9,16,10,13,15,5,2$1.0
349$13,6,12,7,11,3,14,4,1,9,16,10,13,15,5,2$1.0
350$13,6,12,7,11,3,14,4,1,9,16,10,13,15,5,2$1.0
351$13,6,12,7,11,3,14,4,1,9,16,10,13,15,5,2$1.0
352$13,6,12,7,11,3,14,4,1,9,16,10,13,15,5,2$1.0
353$13,6,12,7,11,3,14,4,1,9,16,10,13,15,5,2$1.0
354$13,6,12,7,11,3,14,4,1,9,16,10,13,15,5,2$1.0
355$3,6,12,7,11,3,14,4,1,9,16,10,13,15,5,2$1.0
356$3,6,12,7,11,3,14,4,1,9,16,10,13,15,5,2$1.0
357$13,6,12,7,11,3,14,4,1,9,16,10,13,15,5,2$1.0
358$13,6,12,7,11,3,14,4,1,9,16,10,13,15,5,2$1.0
359$3,6,12,7,11,3,14,4,1,9,16,10,13,15,5,2$1.0
360$13,6,12,7,11,3,14,4,1,9,16,10,13,15,5,2$1.0
361$13,6,12,7,11,3,14,4,1,9,16,10,13,15,5,2$1.0
362$16,6,12,7,11,3,14,4,1,9,16,10,13,15,5,2$1.0
363$12,6,12,7,11,3,14,4,1,9,16,10,13,15,5,2$1.0
364$13,6,12,7,11,3,14,4,1,9,16,10,13,15,5,2$1.0
365$13,6,12,7,11,3,14,4,1,9,16,10,13,15,5,2$1.0
366$12,6,12,7,11,3,14,4,1,9,16,10,13,15,5,2$1.0
367$13,6,12,7,11,3,14,4,1,9,16,10,13,15,5,2$1.0
368$12,6,12,7,11,3,14,4,1,9,16,10,13,15,5,2$1.0
369$13,6,12,7,11,3,14,4,1,9,16,10,13,15,5,2$1.0
370$13,6,12,7,11,3,14,4,1,9,16,10,13,15,5,2$1.0
371$13,6,12,7,11,3,14,4,1,9,16,10,13,15,5,2$1.0
372$12,6,12,7,11,3,14,4,1,9,16,10,13,15,5,2$1.0
373$12,6,12,7,11,3,14,4,1,9,16,10,13,15,5,2$1.0
374$12,6,12,7,11,3,14,4,1,9,16,10,13,15,5,2$1.0
375$13,6,12,7,11,3,14,4,1,9,16,10,13,15,5,2$1.0
376$13,6,12,7,11,3,14,4,1,9,16,10,13,15,5,2$1.0
377$13,6,12,7,11,3,14,4,1,9,16,10,13,15,5,2$1.0
378$13,6,12,7,11,3,14,4,1,9,16,10,13,15,5,2$1.0
379$13,6,12,7,11,3,14,4,1,9,16,10,13,15,5,2$1.0
380$13,6,12,7,11,3,14,4,1,9,16,10,13,15,5,2$1.0
381$13,6,12,7,11,3,14,4,1,9,16,10,13,15,5,2$1.0
382$13,6,12,7,11,3,14,4,1,9,16,10,13,15,5,2$1.0
383$13,6,12,7,11,3,14,4,1,9,16,10,13,15,5,2$1.0
384$13,6,12,7,11,3,14,4,1,9,16,10,13,15,5,2$1.0
385$13,6,12,7,11,3,14,4,1,9,16,10,13,15,5,2$1.0
386$13,6,12,7,11,3,14,4,1,9,16,10,13,15,5,2$1.0
387$13,6,12,7,11,3,14,4,1,9,16,10,13,15,5,2$1.0
388$13,6,12,7,11,3,14,4,1,9,16,10,13,15,5,2$1.0
389$13,6,12,7,11,3,14,4,1,9,16,10,13,15,5,2$1.0
390$13,6,12,7,11,3,14,4,1,9,16,10,13,15,5,2$1.0
391$13,6,12,7,11,3,14,4,1,9,16,10,13,15,5,2$1.0
392$13,6,12,7,11,3,14,4,1,9,16,10,13,15,5,2$1.0
393$13,6,12,7,11,3,14,4,1,9,16,10,13,15,5,2$1.0
394$3,6,12,7,11,1,14,4,1,9,16,10,13,15,5,2$1.0
395$3,6,12,7,11,3,14,4,1,9,16,10,13,15,5,2$1.0
396$3,6,12,7,11,3,14,4,1,9,16,10,13,15,5,2$1.0
397$13,6,12,7,11,3,14,4,1,9,16,10,13,15,5,2$1.0
398$13,6,12,7,11,3,14,4,1,9,16,10,13,15,5,2$1.0
399$13,6,12,7,11,3,14,4,1,9,16,10,13,15,5,2$1.0
400$13,6,12,7,11,3,14,4,1,9,16,10,13,15,5,2$1.0
401$13,6,12,7,11,3,14,4,1,9,16,10,13,15,5,2$1.0
402$13,6,12,7,11,3,14,4,1,9,16,10,13,15,5,2$1.0
403$13,6,12,7,11,3,14,4,1,9,16,10,13,15,5,2$1.0
404$3,6,12,7,11,3,14,4,1,9,16,10,13,15,5,2$1.0
405$13,6,12,7,11,3,14,4,1,9,16,10,13,15,8,2$1.0
406$13,6,12,7,11,3,14,4,1,9,16,10,13,15,8,2$1.0
407$13,6,12,7,11,3,14,4,1,9,16,10,13,15,5,2$1.0
408$12,6,12,7,11,3,14,4,1,9,16,10,13,15,5,2$1.0
409$13,6,12,7,11,3,14,4,1,9,16,10,13,15,5,2$1.0
410$13,6,12,7,11,3,14,4,1,9,16,10,13,15,8,2$1.0
411$13,6,12,7,11,3,14,4,1,9,16,10,13,15,8,2$1.0
412$13,6,12,7,11,3,14,4,1,9,16,10,13,15,8,2$1.0
413$13,6,12,7,11,3,14,4,1,9,16,10,13,15,8,2$1.0
414$3,6,12,7,11,3,14,4,1,9,16,10,13,15,8,2$1.0
415$3,6,12,7,11,3,14,4,1,9,16,10,13,15,8,2$1.0
416$3,6,12,7,11,3,14,4,1,9,16,10,13,15,8,2$1.0
417$12,6,12,7,11,3,14,4,1,9,16,10,13,15,8,2$1.0
418$12,6,12,7,11,3,14,4,1,9,16,10,13,15,5,2$1.0
419$13,6,12,7,11,3,14,4,1,9,16,10,13,15,8,2$1.0
420$12,6,12,7,11,3,14,4,1,9,16,10,13,15,8,2$1.0
421$13,6,12,7,11,3,14,4,1,9,16,10,13,15,8,2$1.0
422$13,6,12,7,11,3,14,4,1,9,16,10,13,15,8,2$1.0
423$13,6,12,7,11,3,14,4,1,9,16,10,13,15,8,2$1.0
424$12,6,12,7,11,3,14,4,1,9,16,10,13,15,8,2$1.0
425$12,6,12,7,11,3,14,4,1,9,16,10,13,15,8,2$1.0
426$13,6,12,7,11,3,14,4,1,9,16,10,13,15,8,2$1.0
427$13,6,12,7,11,3,14,4,1,9,16,10,13,15,8,2$1.0
428$13,6,12,7,11,3,14,4,1,9,16,10,13,15,8,2$1.0
429$13,6,12,7,11,3,14,4,1,9,16,10,13,15,8,2$1.0
430$13,6,12,7,11,3,14,4,1,9,16,10,13,15,8,2$1.0
431$13,6,12,7,11,3,14,4,1,9,16,10,13,15,8,2$1.0
432$13,6,12,7,11,3,14,4,1,9,16,10,7,15,8,2$1.0
433$13,6,12,7,11,3,14,4,1,9,16,10,13,15,8,2$1.0
434$13,6,12,7,11,3,14,4,1,9,16,10,7,15,8,2$1.0
435$12,6,12,7,11,3,14,4,1,9,16,10,13,15,8,2$1.0
436$13,6,12,7,11,3,14,4,1,9,16,10,13,15,8,2$1.0
437$12,6,12,7,11,3,14,4,1,9,16,10,13,15,8,2$1.0
438$13,6,12,7,11,3,14,4,1,9,16,10,13,15,8,2$1.0
439$13,6,12,7,11,3,14,4,1,9,16,10,13,15,8,2$1.0
440$12,6,12,7,11,3,14,4,1,9,16,10,13,15,8,2$1.0
441$12,6,12,7,11,3,14,4,1,9,16,10,13,15,8,2$1.0
442$12,6,12,7,11,3,14,4,1,9,16,10,13,15,5,2$1.0
443$13,6,12,7,11,3,14,4,1,9,16,10,13,15,8,2$1.0
444$12,6,11,7,11,3,14,4,1,9,16,10,13,15,8,2$1.0
445$12,6,12,7,11,3,14,4,1,9,16,10,13,15,8,2$1.0
446$13,6,12,7,11,3,14,4,1,9,16,10,13,15,8,2$1.0
447$13,6,12,7,11,3,14,4,1,9,16,10,13,15,8,2$1.0
448$12,6,11,7,11,3,14,4,1,9,16,10,13,15,8,2$1.0
449$16,6,12,7,11,3,14,4,1,9,16,10,13,15,8,2$1.0
450$13,6,12,7,11,3,14,4,1,9,16,10,13,15,8,2$1.0
451$13,6,12,7,11,3,14,4,1,9,16,10,13,15,5,2$1.0
452$13,6,12,7,11,3,14,4,1,9,16,10,13,15,5,2$1.0
453$12,6,12,7,11,3,14,4,1,9,16,10,13,15,5,2$1.0
454$13,6,12,7,11,3,14,4,1,9,16,10,13,15,5,2$1.0
455$12,6,12,7,11,3,14,4,1,9,16,10,13,15,8,2$1.0
456$13,6,12,7,11,3,14,4,1,9,16,10,13,15,8,2$1.0
457$13,6,12,7,11,3,14,4,1,9,16,10,13,15,8,2$1.0
458$13,6,12,7,11,3,14,4,1,9,16,10,13,15,8,2$1.0
459$13,6,12,7,11,3,14,4,1,9,16,10,15,15,8,2$1.0
460$13,6,12,7,11,3,14,4,1,9,16,10,13,15,5,2$1.0
461$13,6,12,7,11,3,14,4,1,9,16,10,13,15,5,2$1.0
462$13,6,12,7,11,3,14,4,1,9,16,10,13,15,5,2$1.0
463$13,6,12,7,11,3,14,4,1,9,16,10,13,15,5,2$1.0
464$13,6,12,7,11,3,14,4,1,9,16,10,13,15,8,2$1.0
465$13,6,12,7,11,3,14,4,1,9,16,10,13,15,8,2$1.0
466$13,6,12,7,11,3,14,4,1,9,16,10,13,15,8,2$1.0
467$13,6,12,7,11,3,14,4,1,9,16,10,13,15,8,2$1.0
468$13,6,12,7,11,3,14,4,1,9,16,10,13,15,8,2$1.0
469$13,6,12,7,11,3,14,4,1,9,16,10,13,15,8,2$1.0
470$13,6,12,7,11,3,14,4,1,9,16,10,13,15,5,2$1.0
471$13,6,12,7,11,3,14,4,1,9,16,10,13,15,8,2$1.0
472$13,6,12,7,11,3,14,4,1,9,16,10,4,15,5,2$1.0
473$13,6,12,7,11,3,14,4,1,9,16,10,4,15,5,2$1.0
474$13,6,12,7,11,3,14,4,1,9,16,10,13,15,8,2$1.0
475$13,6,12,7,11,3,14,4,1,9,16,10,4,15,5,2$1.0
476$13,6,12,7,11,3,14,4,1,9,16,10,13,15,8,2$1.0
477$13,6,12,7,11,3,14,4,1,9,16,10,13,15,8,2$1.0
478$13,6,12,7,11,3,14,4,1,9,16,10,13,15,8,2$1.0
479$3,6,12,7,11,3,14,4,1,9,16,10,13,15,8,2$1.0
480$13,6,12,7,11,3,14,4,1,9,16,10,13,15,8,2$1.0
481$13,6,12,7,11,3,14,4,1,9,16,10,13,15,8,2$1.0
482$13,6,12,7,11,3,14,4,1,9,16,10,13,15,8,2$1.0
483$13,6,12,7,11,3,14,4,1,9,16,10,13,15,8,2$1.0
484$3,6,12,7,11,3,14,4,1,9,16,10,13,15,5,2$1.0
485$13,6,12,7,11,3,14,4,1,9,16,10,13,15,5,2$1.0
486$3,6,12,7,11,1,14,4,1,9,16,10,13,15,8,2$1.0
487$13,6,12,7,11,3,14,4,1,9,16,10,13,15,5,2$1.0
488$16,6,12,7,11,3,14,4,1,9,16,10,13,15,5,2$1.0
489$13,6,12,7,11,3,14,4,1,9,16,10,13,15,5,2$1.0
490$12,6,12,7,11,3,14,4,1,9,16,10,13,15,8,2$1.0
491$12,6,12,7,11,3,14,4,1,9,16,10,13,15,8,2$1.0
492$12,6,12,7,11,3,14,4,1,9,16,10,13,15,8,2$1.0
493$13,6,12,7,11,3,14,4,1,9,16,10,13,15,5,2$1.0
494$13,6,12,7,11,3,14,4,1,9,16,10,13,15,5,2$1.0
495$16,6,12,7,11,3,14,4,1,9,16,10,13,15,5,2$1.0
496$12,6,12,7,11,3,14,4,1,9,16,10,13,15,8,2$1.0
497$13,6,12,7,11,3,14,4,1,9,16,10,4,15,5,2$1.0
498$13,6,12,7,11,3,14,4,1,9,16,10,13,15,8,2$1.0
499$16,6,12,7,11,3,14,4,1,9,16,10,13,15,5,2$1.0
500$13,6,12,7,11,3,14,4,1,9,16,10,13,15,5,2$1.0
501$13,6,12,7,11,3,14,4,1,9,16,10,13,15,5,2$1.0
502$13,6,12,7,11,3,14,4,1,9,16,10,13,15,5,2$1.0
503$13,6,12,7,11,3,14,4,1,9,16,10,13,15,5,2$1.0
504$13,6,12,7,11,3,14,4,1,9,16,10,13,15,8,2$1.0
505$16,6,12,7,11,3,14,4,1,9,13,10,13,15,8,2$1.0
506$13,6,12,7,11,3,14,4,1,9,16,10,13,15,8,2$1.0
507$13,6,12,7,11,3,14,4,1,9,16,10,13,15,8,2$1.0
508$16,6,12,7,15,3,14,4,1,9,5,10,13,15,8,2$1.0
509$13,6,12,7,11,3,14,4,1,9,16,10,13,15,8,2$1.0
510$13,6,12,7,11,3,14,4,1,9,16,10,13,15,5,2$1.0
511$13,6,12,7,11,3,14,4,1,9,16,10,13,15,8,2$1.0
512$13,6,12,7,11,3,14,4,1,9,16,10,13,15,8,2$1.0
513$3,6,12,7,11,3,14,4,1,9,16,10,13,15,8,2$1.0
514$13,6,12,7,11,3,14,4,1,9,16,10,13,15,8,2$1.0
515$16,6,12,7,11,3,14,4,1,9,16,10,13,15,8,2$1.0
516$16,6,12,7,11,3,14,4,1,9,16,10,13,15,8,2$1.0
517$16,6,12,7,11,3,14,4,1,9,16,10,13,15,8,2$1.0
518$16,6,12,7,11,3,14,4,1,9,16,10,13,15,8,2$1.0
519$16,6,12,7,11,3,14,4,1,9,16,10,13,15,5,2$1.0
520$16,6,12,7,11,3,14,4,1,9,16,10,13,15,5,2$1.0
521$16,6,12,7,11,3,14,4,1,9,16,10,13,15,8,2$1.0
522$16,6,12,7,11,3,14,4,1,9,16,10,13,15,8,2$1.0
523$13,6,12,7,11,3,14,4,1,9,16,10,13,15,8,2$1.0
524$13,6,12,7,11,3,14,4,1,9,16,10,13,15,8,2$1.0
525$13,6,12,7,11,3,14,4,1,9,16,10,13,15,8,2$1.0
526$13,6,12,7,11,3,14,4,1,9,16,10,13,15,8,2$1.0
527$16,6,12,7,11,3,14,4,1,9,16,10,13,15,8,2$1.0
528$13,6,12,7,11,3,14,4,1,9,16,10,13,15,8,2$1.0
529$16,6,12,7,11,3,14,4,1,9,16,10,13,15,8,2$1.0
530$16,6,12,7,11,3,14,4,1,9,16,10,13,15,8,2$1.0
531$16,6,12,7,11,3,14,4,1,9,16,10,13,15,8,2$1.0
532$13,6,12,7,11,3,14,4,1,9,16,10,13,15,8,2$1.0
533$13,6,12,7,11,3,14,4,1,9,16,10,13,15,8,2$1.0
534$13,6,12,7,11,3,14,4,1,9,16,10,13,15,8,2$1.0
535$13,6,12,7,11,3,14,4,1,9,16,10,13,15,8,2$1.0
536$13,6,12,7,11,3,14,4,1,9,16,10,13,15,8,2$1.0
537$16,6,12,7,11,3,14,4,1,9,16,10,13,15,8,2$1.0
538$16,6,12,7,11,3,14,4,1,9,13,10,13,15,8,2$1.0
539$13,6,12,7,11,3,14,4,1,9,16,10,13,15,8,2$1.0
540$13,6,12,7,11,3,14,4,1,9,16,10,13,15,8,2$1.0
541$13,6,12,7,11,3,14,4,1,9,16,10,13,15,8,2$1.0
542$16,6,12,7,11,3,14,4,1,9,16,10,13,15,8,2$1.0
543$16,6,12,7,11,3,14,4,1,9,16,10,13,15,8,2$1.0
544$13,6,12,7,11,3,14,4,1,9,16,10,13,15,8,2$1.0
545$13,6,12,7,11,3,14,4,1,9,16,10,13,15,8,2$1.0
546$13,6,12,7,11,3,14,4,1,9,16,10,13,15,8,2$1.0
547$13,6,12,7,11,3,14,4,1,9,16,10,13,15,8,2$1.0
548$13,6,12,7,11,3,14,4,1,9,16,10,13,15,8,2$1.0
549$13,6,12,7,11,3,14,4,1,9,16,10,13,15,8,2$1.0
550$16,6,12,7,11,3,14,4,1,9,16,10,13,15,8,2$1.0
551$12,6,12,7,11,3,14,4,1,9,16,10,13,15,8,2$1.0
552$13,6,12,7,11,3,14,4,1,9,16,10,15,15,8,2$1.0
553$13,6,12,7,11,3,14,4,1,9,16,10,13,15,8,2$1.0
554$13,6,12,7,11,3,14,4,1,9,16,10,13,15,8,2$1.0
555$13,6,12,7,11,3,14,4,1,9,16,10,13,15,8,2$1.0
556$13,6,12,7,11,3,14,4,1,9,16,10,13,15,8,2$1.0
557$16,6,12,7,11,3,14,4,1,9,16,10,13,15,8,2$1.0
558$13,6,12,7,11,3,14,4,1,9,16,10,13,15,8,2$1.0
559$13,6,12,7,11,3,14,4,1,9,16,10,13,15,8,2$1.0
560$13,6,12,7,11,3,14,4,1,9,16,10,13,15,8,2$1.0
561$13,6,12,7,11,3,14,4,1,9,16,10,4,15,8,2$1.0
562$13,6,12,7,11,3,14,4,1,9,16,10,13,15,8,2$1.0
563$13,6,12,7,11,3,14,4,1,9,16,10,13,15,8,2$1.0
564$13,6,12,7,11,3,14,4,1,9,16,10,13,15,8,2$1.0
565$13,6,12,7,11,3,14,4,1,9,16,10,13,15,8,2$1.0
566$13,6,12,7,11,3,14,4,1,9,16,10,13,15,8,2$1.0
567$13,6,12,7,11,3,14,4,1,9,16,10,4,15,8,2$1.0
568$13,6,12,7,11,3,14,4,1,9,16,10,13,15,8,2$1.0
569$13,6,12,7,11,3,14,4,1,9,16,10,13,15,8,2$1.0
570$13,6,12,7,11,3,14,4,1,9,16,10,13,15,8,2$1.0
571$13,6,12,7,11,3,14,4,1,9,16,10,13,15,8,2$1.0
572$13,6,12,7,11,3,14,4,1,9,16,10,13,15,8,2$1.0
573$13,6,12,7,11,3,14,4,1,9,16,10,4,15,8,2$1.0
574$13,6,12,7,11,3,14,4,1,9,16,10,4,15,8,2$1.0
575$13,6,12,7,11,3,14,4,1,9,16,10,4,15,8,2$1.0
576$13,6,12,7,11,3,14,4,1,9,16,10,13,15,8,2$1.0
577$13,6,12,7,11,3,14,4,1,9,16,10,13,15,8,2$1.0
578$13,6,12,7,11,3,14,4,1,9,16,10,13,15,8,2$1.0
579$13,6,12,7,11,3,14,4,1,9,16,10,7,15,8,2$1.0
580$13,6,12,7,11,3,14,4,1,9,16,10,4,15,8,2$1.0
581$13,6,12,7,11,3,14,4,1,9,16,10,4,15,8,2$1.0
582$13,6,12,7,11,3,14,4,1,9,16,10,4,15,8,2$1.0
583$13,6,12,7,11,3,14,4,1,9,16,10,4,15,8,2$1.0
584$13,6,12,7,11,3,14,4,1,9,16,10,15,15,8,2$1.0
585$13,6,12,7,11,3,14,4,1,9,16,10,4,15,8,2$1.0
586$13,6,12,7,11,3,14,4,1,9,16,10,4,15,8,2$1.0
587$13,6,12,7,11,3,14,4,1,9,16,10,4,15,8,2$1.0
588$13,6,12,7,11,3,14,4,1,9,16,10,15,15,8,2$1.0
589$13,6,12,7,11,3,14,4,1,9,16,10,7,15,8,2$1.0
590$13,6,12,7,11,3,14,4,1,9,16,10,4,15,8,2$1.0
591$13,6,12,7,11,3,14,4,1,9,16,10,15,15,8,2$1.0
592$13,6,12,7,11,3,14,4,1,9,16,10,13,15,8,2$1.0
593$13,6,12,7,11,3,14,4,1,9,16,10,4,15,8,2$1.0
594$13,6,12,7,11,3,14,4,1,9,16,10,4,15,8,2$1.0
595$13,6,12,7,11,3,14,4,1,9,16,10,7,15,8,2$1.0
596$13,6,12,7,11,3,14,4,1,9,16,10,13,15,8,2$1.0
597$13,6,12,7,11,3,14,4,1,9,16,10,7,15,8,2$1.0
598$13,6,12,7,11,3,14,4,1,9,16,10,7,15,8,2$1.0
599$13,6,12,7,11,3,14,4,1,9,16,10,7,15,8,2$1.0
600$13,6,12,7,11,3,14,4,1,9,16,10,7,15,8,2$1.0
601$13,6,12,7,11,3,14,4,1,9,16,10,15,15,8,2$1.0
602$13,6,12,7,11,3,14,4,1,9,16,10,7,15,8,2$1.0
603$13,6,12,7,11,3,14,4,1,9,16,10,7,15,8,2$1.0
604$13,6,12,7,11,3,14,4,1,9,16,10,15,15,8,2$1.0
605$13,6,12,7,11,3,14,4,1,9,16,10,7,15,8,2$1.0
606$13,6,12,7,11,3,14,4,1,9,16,10,7,15,8,2$1.0
607$13,6,12,7,11,3,14,4,1,9,16,10,7,15,8,2$1.0
608$13,6,12,7,11,3,14,4,1,9,16,10,7,15,8,2$1.0
609$13,6,12,7,11,3,14,4,1,9,16,10,7,15,8,2$1.0
610$13,6,12,7,11,3,14,4,1,9,16,10,15,15,5,2$1.0
611$13,6,12,7,11,3,14,4,1,9,16,10,7,15,8,2$1.0
612$13,6,12,7,11,3,14,4,1,9,16,10,7,15,8,2$1.0
613$13,6,12,7,11,3,14,4,1,9,16,10,7,15,8,2$1.0
614$13,6,12,7,11,3,14,4,1,9,16,10,7,15,8,2$1.0
615$13,6,12,7,11,3,14,4,1,9,16,10,7,15,8,2$1.0
616$13,6,12,7,11,3,14,4,1,9,16,10,4,15,8,2$1.0
617$13,6,12,7,11,3,14,4,1,9,16,10,7,15,8,2$1.0
618$13,6,12,7,11,3,14,4,1,9,16,10,4,15,8,2$1.0
619$13,6,12,7,11,3,14,4,1,9,16,10,7,15,8,2$1.0
620$13,6,12,7,11,3,14,4,1,9,16,10,4,15,8,2$1.0
621$13,6,12,7,11,3,14,4,1,9,16,10,7,15,8,2$1.0
622$13,6,12,7,11,3,14,4,1,9,16,10,7,15,8,2$1.0
623$13,6,12,7,11,3,14,4,1,9,16,10,7,15,8,2$1.0
624$13,6,12,7,11,3,14,4,1,9,16,10,7,15,8,2$1.0
625$13,6,12,7,11,3,14,4,1,9,16,10,13,15,8,2$1.0
626$13,6,12,7,11,3,14,4,1,9,16,10,7,15,8,2$1.0
627$13,6,12,7,11,3,14,4,1,9,16,10,7,15,8,2$1.0
628$13,6,12,7,11,3,14,4,1,9,16,10,7,15,8,2$1.0
629$13,6,12,7,11,3,14,4,1,9,16,10,7,15,8,2$1.0
630$13,6,12,7,11,3,14,4,1,9,16,10,7,15,8,2$1.0
631$13,6,12,7,11,3,14,4,1,9,16,10,7,15,8,2$1.0
632$13,6,12,7,11,3,14,4,1,9,16,10,4,15,8,2$1.0
633$13,6,12,7,11,3,14,4,1,9,16,10,4,15,5,2$1.0
634$13,6,12,7,11,3,14,4,1,9,16,10,4,15,8,2$1.0
635$13,6,12,7,11,3,14,4,1,9,16,10,4,15,8,2$1.0
636$13,6,12,7,11,3,14,4,1,9,16,10,7,15,8,2$1.0
637$13,6,12,7,11,3,14,4,1,9,16,10,7,15,8,2$1.0
638$13,6,12,7,11,3,14,4,1,9,16,10,7,15,8,2$1.0
639$13,6,12,7,11,3,14,4,1,9,16,10,4,15,8,2$1.0
640$13,6,12,7,11,3,14,4,1,9,16,10,7,15,8,2$1.0
641$13,6,12,7,11,3,14,4,1,9,16,10,7,15,8,2$1.0
642$13,6,12,7,11,3,14,4,1,9,16,10,7,15,8,2$1.0
643$13,6,12,7,11,3,14,4,1,9,16,10,7,15,8,2$1.0
644$13,6,12,7,11,3,14,4,1,9,16,10,13,15,8,2$1.0
645$13,6,12,7,11,3,14,4,1,9,16,10,7,15,8,2$1.0
646$13,6,12,7,11,3,14,4,1,9,16,10,4,15,8,2$1.0
647$13,6,12,7,11,3,14,4,1,9,16,10,7,15,8,2$1.0
648$13,6,12,7,11,3,14,4,1,9,16,10,7,15,8,2$1.0
649$13,6,12,7,11,3,14,4,1,9,16,10,7,15,8,2$1.0
650$13,6,12,7,11,3,14,4,1,9,16,10,7,15,8,2$1.0
651$13,6,12,7,11,3,14,4,1,9,16,10,7,15,8,2$1.0
652$13,6,12,7,11,3,14,4,1,9,16,10,7,15,8,2$1.0
653$13,6,12,7,11,3,14,4,1,9,16,10,7,15,8,2$1.0
654$13,6,12,7,11,3,14,4,1,9,16,10,7,15,8,2$1.0
655$13,6,12,7,11,3,14,4,1,9,16,10,13,15,8,2$1.0
656$13,6,12,7,11,3,14,4,1,9,16,10,13,15,8,2$1.0
657$13,6,12,7,11,3,14,4,1,9,16,10,13,15,8,2$1.0
658$16,6,12,7,11,3,14,4,1,9,16,10,13,15,8,2$1.0
659$13,6,12,7,11,3,14,4,1,9,16,10,7,15,8,2$1.0
660$13,6,12,7,11,3,14,4,1,9,16,10,7,15,8,2$1.0
661$13,6,12,7,11,3,14,4,1,9,16,10,13,15,8,2$1.0
662$13,6,12,7,11,3,14,4,1,9,16,10,7,15,8,2$1.0
663$13,6,12,7,11,3,14,4,1,9,16,10,7,15,8,2$1.0
664$13,6,12,7,11,3,14,4,1,9,16,10,13,15,8,2$1.0
665$13,6,12,7,11,3,14,4,1,9,16,10,13,15,8,2$1.0
666$13,6,12,7,11,3,14,4,1,9,16,10,13,15,8,2$1.0
667$13,6,12,7,11,3,14,4,1,9,16,10,15,15,8,2$1.0
668$13,6,12,7,11,3,14,4,1,9,16,10,13,15,8,2$1.0
669$13,6,12,7,11,3,14,4,1,9,16,10,7,15,8,2$1.0
670$13,6,12,7,11,3,14,4,1,9,16,10,13,15,8,2$1.0
671$13,6,12,7,11,3,14,4,1,9,16,10,7,15,8,2$1.0
672$13,6,12,7,11,3,14,4,1,9,16,10,7,15,8,2$1.0
673$13,6,12,7,11,3,14,4,1,9,16,10,13,15,8,2$1.0
674$13,6,12,7,11,3,14,4,1,9,16,10,15,15,8,2$1.0
675$13,6,12,7,11,3,14,4,1,9,16,10,13,15,8,2$1.0
676$13,6,12,7,11,3,14,4,1,9,16,10,13,15,8,2$1.0
677$13,6,12,7,11,3,14,4,1,9,16,10,7,15,8,2$1.0
678$13,6,12,7,11,3,14,4,1,9,16,10,13,15,8,2$1.0
679$13,6,12,7,11,3,14,4,1,9,16,10,7,15,8,2$1.0
680$13,6,12,7,11,3,14,4,1,9,16,10,13,15,8,2$1.0
681$13,6,12,7,11,3,14,4,1,9,16,10,13,15,5,2$1.0
682$13,6,12,7,11,3,14,4,1,9,16,10,15,15,5,2$1.0
683$13,6,12,7,11,3,14,4,1,9,16,10,13,15,8,2$1.0
684$13,6,12,7,11,3,14,4,1,9,16,10,15,15,5,2$1.0
685$13,6,12,7,11,3,14,4,1,9,16,10,13,15,8,2$1.0
686$13,6,12,7,11,3,14,4,1,9,16,10,4,15,5,2$1.0
687$3,6,12,7,11,3,14,4,1,9,16,10,13,15,8,2$1.0
688$3,6,12,7,11,3,14,4,1,9,16,10,13,15,8,2$1.0
689$3,6,12,7,11,3,14,4,1,9,16,10,13,15,8,2$1.0
690$13,6,12,7,11,3,14,4,1,9,16,10,13,15,8,2$1.0
691$13,6,12,7,11,3,14,4,1,9,16,10,7,15,8,2$1.0
692$3,6,12,7,11,3,14,4,1,9,16,10,13,15,8,2$1.0
693$3,6,12,7,11,3,14,4,1,9,16,10,13,15,8,2$1.0
694$13,6,12,7,11,3,14,4,1,9,16,10,13,15,8,2$1.0
695$13,6,12,7,11,3,14,4,1,9,16,10,13,15,8,2$1.0
696$13,6,12,7,11,3,14,4,1,9,16,10,13,15,8,2$1.0
697$13,6,12,7,11,3,14,4,1,9,16,10,13,15,8,2$1.0
698$13,6,12,7,11,3,14,4,1,9,16,10,7,15,8,2$1.0
699$16,6,12,7,11,3,14,4,1,9,16,10,13,15,8,2$1.0
700$13,6,12,7,11,3,14,4,1,9,16,10,7,15,8,2$1.0
701$13,6,12,7,11,3,14,4,1,9,16,10,7,15,8,2$1.0
702$3,6,12,7,11,3,14,4,1,9,16,10,13,15,8,2$1.0
703$3,6,12,7,11,3,14,4,1,9,16,10,13,15,8,2$1.0
704$13,6,12,7,11,3,14,4,1,9,16,10,13,15,8,2$1.0
705$13,6,12,7,11,3,14,4,1,9,16,10,4,15,8,2$1.0
706$13,6,12,7,11,3,14,4,1,9,16,10,13,15,8,2$1.0
707$16,6,12,7,11,3,14,4,1,9,16,10,13,15,8,2$1.0
708$13,6,12,7,11,3,14,4,1,9,16,10,13,15,8,2$1.0
709$13,6,12,7,11,3,14,4,1,9,16,10,13,15,8,2$1.0
710$13,6,12,7,11,3,14,4,1,9,16,10,13,15,8,2$1.0
711$13,6,12,7,11,3,14,4,1,9,16,10,13,15,8,2$1.0
712$13,6,12,7,11,3,14,4,1,9,16,10,13,15,8,2$1.0
713$13,6,12,7,11,3,14,4,1,9,16,10,13,15,8,2$1.0
714$13,6,12,7,11,3,14,4,1,9,16,10,13,15,8,2$1.0
715$13,6,12,7,11,3,14,4,1,9,16,10,13,15,8,2$1.0
716$13,6,12,7,11,3,14,4,1,9,16,10,13,15,8,2$1.0
717$13,6,12,7,11,3,14,4,1,9,16,10,13,15,8,2$1.0
718$13,6,12,7,11,3,14,4,1,9,16,10,13,15,8,2$1.0
719$13,6,12,7,11,3,14,4,1,9,16,10,13,15,8,2$1.0
720$13,6,12,7,11,3,14,4,1,9,16,10,13,15,8,2$1.0
721$13,6,12,7,11,3,14,4,1,9,16,10,13,15,8,2$1.0
722$13,6,12,7,11,3,14,4,1,9,16,10,13,15,8,2$1.0
723$13,6,12,7,11,3,14,4,1,9,16,10,13,15,8,2$1.0
724$13,6,12,7,11,3,14,4,1,9,16,10,13,15,8,2$1.0
725$13,6,12,7,11,3,14,4,1,9,16,10,13,15,8,2$1.0
726$13,6,12,7,11,3,14,4,1,9,16,10,13,15,8,2$1.0
727$13,6,12,7,11,3,14,4,1,9,16,10,13,15,8,2$1.0
728$13,6,12,7,11,3,14,4,1,9,16,10,13,15,8,2$1.0
729$13,6,12,7,11,3,14,4,1,9,16,10,7,15,8,2$1.0
730$13,6,12,7,11,3,14,4,1,9,16,10,13,15,5,2$1.0
731$13,6,12,7,11,3,14,4,1,9,16,10,13,15,8,2$1.0
732$13,6,12,7,11,3,14,4,1,9,16,10,13,15,8,2$1.0
733$13,6,12,7,11,3,14,4,1,9,16,10,7,15,8,2$1.0
734$13,6,12,7,11,3,14,4,1,9,16,10,13,15,8,2$1.0
735$13,6,12,7,11,3,14,4,1,9,16,10,13,15,8,2$1.0
736$13,6,12,7,11,3,14,4,1,9,16,10,13,15,8,2$1.0
737$3,6,12,7,11,3,14,4,1,9,16,10,13,15,8,2$1.0
738$13,6,12,7,11,3,14,4,1,9,16,10,13,15,8,2$1.0
739$13,6,12,7,11,3,14,4,1,9,16,10,13,15,8,2$1.0
740$13,6,12,7,11,3,14,4,1,9,16,10,13,15,8,2$1.0
741$13,6,12,7,11,3,14,4,1,9,16,10,13,15,8,2$1.0
742$13,6,12,7,11,3,14,4,1,9,16,10,13,15,8,2$1.0
743$13,6,12,7,11,3,14,4,1,9,16,10,13,15,8,2$1.0
744$3,6,12,7,11,3,14,4,1,9,16,10,13,15,5,2$1.0
745$13,6,12,7,11,3,14,4,1,9,16,10,13,15,8,2$1.0
746$3,6,12,7,11,3,14,4,1,9,16,10,13,15,8,2$1.0
747$3,6,12,7,11,3,14,4,1,9,16,10,13,15,8,2$1.0
748$13,6,12,7,11,3,14,4,1,9,16,10,13,15,8,2$1.0
749$3,6,12,7,11,3,14,4,1,9,16,10,13,15,8,2$1.0
750$13,6,12,7,11,3,14,4,1,9,16,10,13,15,8,2$1.0
751$12,6,12,7,11,3,14,4,1,9,16,10,13,15,8,2$1.0
752$3,6,12,7,11,3,14,4,1,9,16,10,13,15,8,2$1.0
753$3,6,12,7,11,3,14,4,1,9,16,10,13,15,8,2$1.0
754$3,6,12,7,11,3,14,4,1,9,16,10,13,15,8,2$1.0
755$13,6,12,7,11,3,14,4,1,9,16,10,13,15,8,2$1.0
756$13,6,12,7,11,3,14,4,1,9,16,10,13,15,8,2$1.0
757$13,6,12,7,11,3,14,4,1,9,16,10,13,15,8,2$1.0
758$3,6,12,7,11,3,14,4,1,9,16,10,13,15,8,2$1.0
759$3,6,12,7,11,3,14,4,1,9,16,10,13,15,8,2$1.0
760$3,6,12,7,11,3,14,4,1,9,16,10,13,15,8,2$1.0
761$3,6,12,7,11,3,14,4,1,9,16,10,13,15,8,2$1.0
762$3,6,12,7,11,3,14,4,1,9,16,10,13,15,8,2$1.0
763$13,6,12,7,11,3,14,4,1,9,16,10,13,15,8,2$1.0
764$3,6,12,7,11,3,14,4,1,9,16,10,13,15,8,2$1.0
765$3,6,12,7,11,3,14,4,1,9,16,10,13,15,8,2$1.0
766$13,6,12,7,11,3,14,4,1,9,16,10,13,15,8,2$1.0
767$3,6,12,7,11,3,14,4,1,9,16,10,13,15,8,2$1.0
768$12,6,12,7,11,3,14,4,1,9,16,10,13,15,8,2$1.0
769$12,6,12,7,11,3,14,4,1,9,16,10,13,15,8,2$1.0
770$13,6,12,7,11,3,14,4,1,9,16,10,13,15,8,2$1.0
771$13,6,12,7,11,3,14,4,1,9,16,10,13,15,8,2$1.0
772$3,6,12,7,11,3,14,4,1,9,16,10,13,15,8,2$1.0
773$3,6,12,7,11,3,14,4,1,9,16,10,13,15,8,2$1.0
774$13,6,12,7,11,3,14,4,1,9,16,10,13,15,8,2$1.0
775$3,6,12,7,11,3,14,4,1,9,16,10,13,15,8,2$1.0
776$3,6,12,7,11,1,14,4,1,9,16,10,13,15,8,2$1.0
777$3,6,12,7,11,1,14,4,1,9,16,10,13,15,8,2$1.0
778$3,6,12,7,11,1,14,4,1,9,16,10,13,15,8,2$1.0
779$13,6,12,7,11,3,14,4,1,9,16,10,13,15,8,2$1.0
780$3,6,12,7,11,1,14,4,1,9,16,10,13,15,8,2$1.0
781$3,6,12,7,11,3,14,4,1,9,16,10,13,15,8,2$1.0
782$3,6,12,7,11,1,14,4,1,9,16,10,13,15,8,2$1.0
783$3,6,12,7,11,1,14,4,1,9,16,10,13,15,8,2$1.0
784$3,6,12,7,11,3,14,4,1,9,16,10,13,15,8,2$1.0
785$3,6,12,7,11,3,14,4,1,9,16,10,13,15,8,2$1.0
786$3,6,12,7,11,1,14,4,1,9,16,10,13,15,8,2$1.0
787$3,6,12,7,11,3,14,4,1,9,16,10,13,15,8,2$1.0
788$3,6,12,7,11,1,14,4,1,9,16,10,13,15,8,2$1.0
789$3,6,12,7,11,3,14,4,1,9,16,10,13,15,8,2$1.0
790$3,6,12,7,11,3,14,4,1,9,16,10,13,15,8,2$1.0
791$3,6,12,7,11,1,14,4,1,9,16,10,13,15,8,2$1.0
792$3,6,12,7,11,1,14,4,1,9,16,10,13,15,8,2$1.0
793$3,6,12,7,11,1,14,4,1,9,16,10,13,15,8,2$1.0
794$3,6,12,7,11,1,14,4,1,9,16,10,13,15,8,2$1.0
795$3,6,12,7,11,1,14,4,1,9,16,10,13,15,8,2$1.0
796$3,6,12,7,11,1,14,5,1,9,16,10,13,15,8,2$1.0
797$3,6,12,7,11,1,14,5,1,9,16,10,13,15,8,2$1.0
798$3,6,12,7,11,14,14,4,1,9,16,10,13,15,8,2$1.0
799$3,6,12,7,11,1,14,4,1,9,16,10,13,15,8,2$1.0
800$3,6,12,7,11,14,14,5,1,9,16,10,13,15,8,2$1.0
801$3,6,12,7,11,14,14,5,1,9,16,10,13,15,8,2$1.0
802$3,6,12,7,11,1,14,4,1,9,16,10,13,15,8,2$1.0
803$3,6,12,7,11,1,14,5,1,9,16,10,13,15,8,2$1.0
804$3,6,12,7,11,1,14,4,1,9,16,10,13,15,8,2$1.0
805$13,6,12,7,11,1,14,5,1,9,16,10,4,15,8,2$1.0
806$3,6,12,7,11,1,14,5,1,9,16,10,13,15,8,2$1.0
807$3,6,12,7,11,1,14,5,1,9,16,10,13,15,8,2$1.0
808$3,6,12,7,11,1,14,4,1,9,16,10,13,15,8,2$1.0
809$3,6,12,7,11,1,14,5,1,9,16,10,13,15,8,2$1.0
810$3,6,12,7,11,1,14,4,1,9,16,10,13,15,8,2$1.0
811$3,6,12,7,11,1,14,4,1,9,16,10,13,15,8,2$1.0
812$3,6,12,7,11,1,14,4,1,9,16,10,13,15,8,2$1.0
813$3,6,12,7,11,1,14,5,1,9,16,10,13,15,8,2$1.0
814$3,6,12,7,11,1,14,5,1,9,16,10,13,15,8,2$1.0
815$3,6,12,7,11,1,14,4,1,9,16,10,13,15,8,2$1.0
816$3,6,12,7,11,1,14,4,1,9,16,10,13,15,8,2$1.0
817$3,6,12,7,11,1,14,5,1,9,16,10,13,15,8,2$1.0
818$3,6,12,7,11,1,14,5,1,9,16,10,13,15,8,2$1.0
819$3,6,12,7,11,1,14,4,1,9,16,10,13,15,8,2$1.0
820$3,6,12,7,11,1,14,5,1,9,16,10,13,15,8,2$1.0
821$3,6,12,7,11,1,14,4,1,9,16,10,13,15,8,2$1.0
822$3,6,12,7,11,1,14,5,1,9,16,10,13,15,8,2$1.0
823$3,6,12,7,11,1,14,5,1,9,16,10,13,15,8,2$1.0
824$3,6,12,7,11,14,14,4,1,9,16,10,13,15,8,2$1.0
825$3,6,12,7,11,1,14,4,1,9,16,10,13,15,8,2$1.0
826$3,6,12,7,11,1,14,4,1,9,16,10,13,15,8,2$1.0
827$3,6,12,7,11,14,14,4,1,9,16,10,13,15,8,2$1.0
828$3,6,12,7,11,1,14,4,1,9,16,10,13,15,8,2$1.0
829$3,6,12,7,11,1,14,4,1,9,16,10,13,15,8,2$1.0
830$3,6,12,7,11,1,14,4,1,9,16,10,13,15,8,2$1.0
831$3,6,12,7,11,1,14,4,1,9,16,10,13,15,8,2$1.0
832$3,6,12,7,11,1,14,5,5,9,16,10,13,15,8,2$1.0
833$3,6,12,7,11,1,14,5,1,9,16,10,13,15,8,2$1.0
834$3,6,12,7,11,1,14,5,1,9,16,10,13,15,8,2$1.0
835$3,6,12,7,11,1,14,5,1,9,16,10,13,15,8,2$1.0
836$3,6,12,7,11,1,14,5,1,9,16,10,13,15,8,2$1.0
837$3,6,12,7,11,1,14,5,1,9,16,10,13,15,8,2$1.0
838$3,6,12,7,11,1,14,5,1,9,16,10,13,15,8,2$1.0
839$3,6,12,7,11,1,14,5,1,9,16,10,13,15,8,2$1.0
840$3,6,12,7,11,1,14,4,1,9,16,10,13,15,8,2$1.0
841$3,6,12,7,11,1,14,4,1,9,16,10,13,15,8,2$1.0
842$3,6,12,7,11,1,14,4,1,9,16,10,13,15,8,2$1.0
843$3,6,12,7,11,1,14,4,1,9,16,10,13,15,8,2$1.0
844$3,6,12,7,11,1,14,4,1,9,16,10,13,15,8,2$1.0
845$3,6,12,7,11,1,14,5,1,9,16,10,13,15,8,2$1.0
846$3,6,12,7,11,1,14,5,1,9,16,10,13,15,8,2$1.0
847$3,6,12,7,11,1,14,5,1,9,16,10,13,15,8,2$1.0
848$3,6,12,7,11,1,14,5,1,9,16,10,13,15,8,2$1.0
849$3,6,12,7,11,1,14,5,1,9,16,10,13,15,8,2$1.0
850$3,6,12,7,11,1,14,4,1,9,16,10,13,15,8,2$1.0
851$3,6,12,7,11,1,14,4,1,9,16,10,13,15,8,2$1.0
852$3,6,12,7,11,1,14,5,1,9,16,10,4,15,8,2$1.0
853$3,6,12,7,11,1,14,4,1,9,16,10,13,15,8,2$1.0
854$3,6,12,7,11,1,14,4,1,9,16,10,13,15,8,2$1.0
855$3,6,12,7,11,1,14,4,1,9,16,10,13,15,8,2$1.0
856$3,6,12,7,11,1,14,5,1,9,16,10,13,15,8,2$1.0
857$3,6,12,7,11,1,14,5,1,9,16,10,13,15,8,2$1.0
858$3,6,12,7,11,1,14,5,1,9,16,10,13,15,8,2$1.0
859$3,6,12,7,11,1,14,5,1,9,16,10,13,15,8,2$1.0
860$3,6,12,7,11,1,14,5,1,9,16,10,13,15,8,2$1.0
861$3,6,12,7,11,1,14,5,1,9,16,10,13,15,8,2$1.0
862$3,6,12,7,11,1,14,5,1,4,16,10,13,15,8,2$1.0
863$3,6,12,7,11,1,14,5,1,9,16,10,13,15,8,2$1.0
864$3,6,12,7,11,1,14,5,1,9,16,10,13,15,8,2$1.0
865$3,6,12,7,11,1,14,5,1,9,16,10,13,15,8,2$1.0
866$3,6,12,7,11,1,14,5,1,9,16,10,13,15,8,2$1.0
867$3,6,12,7,11,1,14,4,1,9,16,10,13,15,8,2$1.0
868$3,6,12,7,11,1,14,5,1,9,16,10,13,15,8,2$1.0
869$3,6,12,7,11,1,14,5,1,9,16,10,13,15,8,4$1.0
870$3,6,12,7,11,14,14,4,1,9,16,10,13,15,8,2$1.0
871$3,6,12,7,11,1,14,4,1,9,16,10,13,15,8,2$1.0
872$3,6,12,7,11,1,14,5,1,9,16,10,13,15,8,2$1.0
873$3,6,12,7,11,1,14,5,1,9,16,10,13,15,8,2$1.0
874$3,6,12,7,11,1,14,4,1,9,16,10,13,15,8,2$1.0
875$3,6,12,7,11,1,14,5,1,9,16,10,13,15,8,2$1.0
876$3,6,12,7,11,1,14,5,1,9,16,10,13,15,8,4$1.0
877$3,6,12,7,11,1,14,5,1,9,16,10,13,15,8,2$1.0
878$3,6,12,7,11,1,14,5,1,9,16,10,13,15,8,4$1.0
879$3,6,12,7,11,1,14,5,1,9,16,10,13,15,8,4$1.0
880$3,6,12,7,11,1,14,5,1,9,16,10,13,15,8,2$1.0
881$3,6,12,7,11,1,14,4,1,9,16,10,13,15,8,2$1.0
882$3,6,12,7,11,1,14,4,1,9,16,10,13,15,8,2$1.0
883$3,6,12,7,11,1,14,4,1,9,16,10,13,15,8,2$1.0
884$3,6,12,7,11,1,14,5,1,9,16,10,13,15,8,4$1.0
885$3,6,12,7,11,1,14,4,1,9,16,10,13,15,8,2$1.0
886$3,6,12,7,11,1,14,5,1,9,16,10,13,15,8,2$1.0
887$3,6,12,7,11,1,14,5,1,9,16,10,13,15,8,2$1.0
888$3,6,12,7,11,1,14,5,1,9,16,10,13,15,8,4$1.0
889$3,6,12,7,11,1,14,5,5,9,16,10,13,15,8,2$1.0
890$3,6,12,7,11,1,14,5,1,9,16,10,13,15,8,4$1.0
891$3,6,12,7,11,1,14,5,1,9,16,10,13,15,8,2$1.0
892$3,6,12,7,11,1,14,5,1,9,16,10,13,15,8,2$1.0
893$3,6,12,7,11,1,14,5,1,9,16,10,13,15,8,2$1.0
894$3,6,12,7,11,1,14,5,1,9,16,10,13,15,8,2$1.0
895$3,6,12,7,11,1,14,5,1,9,16,10,13,15,8,2$1.0
896$3,6,12,7,11,1,14,5,1,9,16,10,13,15,8,2$1.0
897$3,6,12,7,11,1,14,5,1,9,16,10,13,15,8,2$1.0
898$3,6,12,7,11,1,14,5,1,9,16,10,13,15,8,4$1.0
899$3,6,12,7,11,1,14,5,1,9,16,10,13,15,8,2$1.0
900$3,6,12,7,11,1,14,5,1,9,16,10,13,15,8,4$1.0
901$3,6,12,7,11,1,14,5,1,9,16,10,13,15,8,4$1.0
902$3,6,12,7,11,1,14,5,1,9,16,10,13,15,8,2$1.0
903$3,6,12,7,11,1,14,5,1,9,16,10,13,15,8,2$1.0
904$3,6,12,7,11,1,14,5,5,9,16,10,13,15,8,2$1.0
905$3,6,12,7,11,1,14,5,1,9,16,10,13,15,8,4$1.0
906$3,6,12,7,11,1,14,5,1,9,16,10,13,15,8,4$1.0
907$3,6,12,7,11,1,14,5,1,9,16,10,13,15,8,2$1.0
908$3,6,12,7,11,1,14,5,1,9,16,10,13,15,8,4$1.0
909$3,6,12,7,11,1,14,5,1,9,16,10,13,15,8,4$1.0
910$3,6,12,7,11,1,14,5,1,9,16,10,13,15,8,4$1.0
911$3,6,12,7,11,1,14,5,1,9,16,10,13,15,8,2$1.0
912$3,6,12,7,11,1,14,5,1,9,16,10,13,15,8,2$1.0
913$3,6,12,7,11,1,14,5,1,9,16,10,13,15,8,4$1.0
914$3,6,12,7,11,1,14,5,1,9,16,10,13,15,8,2$1.0
915$3,6,12,7,11,1,14,5,1,9,16,10,13,15,8,2$1.0
916$3,6,12,7,11,1,14,5,1,9,16,10,13,15,8,2$1.0
917$3,6,12,7,11,1,14,5,1,9,16,10,13,15,8,2$1.0
918$3,6,12,7,11,1,14,5,1,9,16,10,4,15,8,2$1.0
919$3,6,12,7,11,1,14,5,1,9,16,10,13,15,8,2$1.0
920$3,6,12,7,11,1,14,5,1,9,16,10,13,15,8,2$1.0
921$3,6,12,7,11,1,14,5,1,9,16,10,13,15,8,2$1.0
922$3,6,12,7,11,1,14,5,1,9,16,10,13,15,8,2$1.0
923$3,6,12,7,11,1,14,5,1,9,16,10,13,15,8,2$1.0
924$3,6,12,7,11,1,14,5,1,9,16,10,13,15,8,2$1.0
925$3,6,12,7,11,1,14,5,1,9,16,10,13,15,8,2$1.0
926$3,6,12,7,11,1,14,5,1,9,16,10,13,15,8,2$1.0
927$3,6,12,7,11,1,14,5,1,9,16,10,4,15,8,2$1.0
928$3,6,12,7,11,1,14,5,1,9,16,10,13,15,8,2$1.0
929$3,6,12,7,11,1,14,5,1,9,16,10,13,15,8,2$1.0
930$3,6,12,7,11,1,14,5,1,9,16,10,13,15,8,2$1.0
931$3,6,12,7,11,1,14,5,1,9,16,10,13,15,8,2$1.0
932$3,6,12,7,11,1,14,5,1,9,16,10,13,15,8,2$1.0
933$3,6,12,7,11,1,14,5,1,9,16,10,13,15,8,2$1.0
934$3,6,12,7,11,14,14,5,1,9,16,10,13,15,8,2$1.0
935$3,6,12,7,11,1,14,5,1,9,16,10,13,15,8,2$1.0
936$3,6,12,7,11,1,14,5,1,9,16,10,13,15,8,2$1.0
937$3,6,12,7,11,1,14,5,1,9,16,10,13,15,8,2$1.0
938$3,6,12,7,11,1,14,5,1,9,16,10,13,15,8,2$1.0
939$3,6,12,7,11,1,14,5,1,9,16,10,13,15,8,2$1.0
940$3,6,12,7,11,1,14,5,1,9,16,10,13,15,8,2$1.0
941$3,6,12,7,11,1,14,4,1,9,16,10,13,15,8,2$1.0
942$3,6,12,7,11,1,14,5,5,9,16,10,13,15,8,2$1.0
943$3,6,12,7,11,1,14,5,5,9,16,10,13,15,8,2$1.0
944$3,6,12,7,11,1,14,5,1,9,16,10,13,15,8,2$1.0
945$3,6,12,7,11,1,14,5,1,9,16,10,13,15,8,2$1.0
946$3,6,12,7,11,1,14,4,1,9,16,10,13,15,8,2$1.0
947$3,6,12,7,11,1,14,5,5,9,16,10,13,15,8,2$1.0
948$3,6,12,7,11,1,14,5,5,9,16,10,13,15,8,2$1.0
949$3,6,12,7,11,1,14,4,1,9,16,10,13,15,8,2$1.0
950$3,6,12,7,11,1,14,4,1,9,16,10,13,15,8,2$1.0
951$3,6,12,7,11,1,14,5,1,9,16,10,13,15,8,2$1.0
952$3,6,12,7,11,1,14,5,1,9,16,10,13,15,8,2$1.0
953$3,6,12,7,11,1,14,4,1,9,16,10,13,15,8,2$1.0
954$3,6,12,7,11,1,14,5,5,9,16,10,13,15,8,2$1.0
955$3,6,12,7,11,1,14,4,1,9,16,10,13,15,8,2$1.0
956$3,6,12,7,11,1,14,5,1,9,16,10,13,15,8,2$1.0
957$3,6,12,7,11,1,14,5,1,9,16,10,13,15,8,2$1.0
958$3,6,12,7,11,1,14,5,1,9,16,10,13,15,8,2$1.0
959$3,6,12,7,11,1,14,4,1,9,16,10,13,15,8,2$1.0
960$3,6,12,7,11,1,14,5,1,9,16,10,13,15,8,2$1.0
961$3,6,12,7,11,1,14,5,1,9,16,10,13,15,8,2$1.0
962$3,6,12,7,11,1,14,5,1,9,16,10,13,15,8,2$1.0
963$3,6,12,7,11,1,14,4,1,9,16,10,13,15,8,2$1.0
964$3,6,12,7,11,1,14,4,1,9,16,10,13,15,8,2$1.0
965$3,6,12,7,11,1,14,4,1,9,16,10,13,15,8,2$1.0
966$3,6,12,7,11,1,14,5,1,9,16,10,13,15,8,2$1.0
967$3,6,12,7,11,1,14,4,1,9,16,10,13,15,8,2$1.0
968$3,6,12,7,11,1,14,4,1,9,16,10,13,15,8,2$1.0
969$3,6,12,7,11,1,14,5,1,9,16,10,13,15,8,2$1.0
970$3,6,12,7,11,1,14,4,1,9,16,10,13,15,8,2$1.0
971$3,6,12,7,11,1,14,5,1,9,16,10,13,15,8,2$1.0
972$3,6,12,7,11,1,14,5,1,9,16,10,13,15,8,2$1.0
973$3,6,12,7,11,1,14,5,1,9,16,10,13,15,8,2$1.0
974$3,6,12,7,11,1,14,5,1,9,16,10,13,15,8,2$1.0
975$3,6,12,7,11,1,14,5,1,9,16,10,13,15,8,2$1.0
976$3,6,12,7,11,1,14,4,1,9,16,10,13,15,8,2$1.0
977$3,6,12,7,11,1,14,5,1,9,16,10,13,15,8,2$1.0
978$3,6,12,7,11,1,14,4,1,9,16,10,13,15,8,2$1.0
979$3,6,12,7,11,1,14,5,1,9,16,10,13,15,8,2$1.0
980$3,6,12,7,11,1,14,5,1,9,16,10,13,15,8,2$1.0
981$3,6,12,7,11,1,14,4,1,9,16,10,13,15,8,2$1.0
982$3,6,12,7,11,1,14,5,1,9,16,10,13,15,8,2$1.0
983$3,6,12,7,11,1,14,4,1,9,16,10,13,15,8,2$1.0
984$3,6,12,7,11,1,14,5,1,9,16,10,13,15,8,2$1.0
985$3,6,12,7,11,1,14,5,1,9,16,10,13,15,8,2$1.0
986$3,6,12,7,11,1,14,5,1,9,16,10,13,15,8,2$1.0
987$3,6,12,7,11,1,14,4,1,9,16,10,13,15,8,2$1.0
988$3,6,12,7,11,1,14,4,1,9,16,10,13,15,8,2$1.0
989$3,6,12,7,11,1,14,4,1,9,16,10,13,15,8,2$1.0
990$3,6,12,7,11,1,14,5,1,9,16,10,13,15,8,2$1.0
991$3,6,12,7,11,1,14,4,1,9,16,10,13,15,8,2$1.0
992$3,6,12,7,11,1,14,4,1,9,16,10,13,15,8,2$1.0
993$3,6,12,7,11,1,14,4,1,9,16,10,13,15,8,2$1.0
994$3,6,12,7,11,1,14,4,1,9,16,10,13,15,8,2$1.0
995$3,6,12,7,11,1,14,4,1,9,16,10,13,15,8,2$1.0
996$3,6,12,7,11,1,14,4,1,9,16,10,13,15,8,2$1.0
997$3,6,12,7,11,1,14,4,1,9,16,10,13,15,8,2$1.0
998$3,6,12,7,11,1,14,4,1,9,16,10,13,15,8,2$1.0
999$3,6,12,7,11,1,14,4,1,9,16,10,13,15,5,2$1.0
1000$3,6,12,7,11,1,14,4,1,9,16,10,13,15,8,2$1.0
1001$3,6,12,7,11,1,14,4,1,9,16,10,13,15,8,2$1.0
1002$3,6,12,7,11,1,14,5,1,9,16,10,13,15,8,2$1.0
1003$3,6,12,7,11,1,14,4,1,9,16,10,13,15,8,2$1.0
1004$3,6,12,7,11,1,14,5,5,9,16,10,13,15,8,2$1.0
1005$3,6,12,7,11,1,14,5,1,9,16,10,13,15,8,2$1.0
1006$3,6,12,7,11,1,14,5,1,9,16,10,13,15,8,2$1.0
1007$3,6,12,7,11,1,14,5,1,9,16,10,13,15,8,2$1.0
1008$3,6,12,7,11,1,14,4,1,9,16,10,13,15,8,2$1.0
1009$3,6,12,7,11,1,14,5,1,9,16,10,13,15,8,2$1.0
1010$3,6,12,7,11,1,14,5,3,9,16,10,13,15,8,2$1.0
1011$3,6,12,7,11,1,14,4,1,9,16,10,13,15,8,2$1.0
1012$3,6,12,7,11,1,14,4,1,9,16,10,13,15,8,2$1.0
1013$3,6,12,7,11,1,14,4,1,9,16,10,13,15,8,2$1.0
1014$3,6,12,7,11,1,14,5,3,9,16,10,13,15,8,2$1.0
1015$3,6,12,7,11,1,14,4,1,9,16,10,13,15,8,2$1.0
1016$3,6,12,7,11,1,14,5,1,9,16,10,13,15,8,2$1.0
1017$3,6,12,7,11,1,14,5,1,9,16,10,13,15,8,2$1.0
1018$3,6,12,7,11,1,14,4,1,9,16,10,13,15,8,2$1.0
1019$3,6,12,7,11,1,14,5,1,9,16,10,13,15,8,2$1.0
1020$3,6,12,7,11,1,14,4,1,9,16,10,13,15,8,2$1.0
1021$3,6,12,7,11,1,14,4,1,9,16,10,13,15,8,2$1.0
1022$3,6,12,7,11,1,14,4,1,9,16,10,13,15,8,2$1.0
1023$3,6,12,7,11,1,14,4,1,9,16,10,13,15,8,2$1.0
1024$3,6,12,7,11,1,14,5,1,9,16,10,13,15,8,2$1.0
1025$3,6,12,7,11,1,14,5,1,9,16,10,13,15,8,2$1.0
1026$3,6,12,7,11,1,14,5,1,9,16,10,13,15,8,2$1.0
1027$3,6,12,7,11,1,14,5,1,9,16,10,13,15,8,2$1.0
1028$3,6,12,7,11,14,14,4,1,9,16,10,13,15,8,2$1.0
1029$3,6,12,7,11,1,14,5,1,9,16,10,13,15,8,2$1.0
1030$3,6,12,7,11,1,14,4,1,9,16,10,13,15,8,2$1.0
1031$3,6,12,7,11,1,14,5,1,9,16,10,13,15,8,2$1.0
1032$3,6,12,7,11,1,14,5,3,9,16,10,13,15,8,2$1.0
1033$3,6,12,7,11,1,14,4,1,9,16,10,13,15,5,2$1.0
1034$3,6,12,7,11,14,14,4,1,9,16,10,13,15,8,2$1.0
1035$3,6,12,7,11,1,14,5,1,9,16,10,13,15,8,2$1.0
1036$3,6,12,7,11,1,14,5,1,9,16,10,13,15,8,2$1.0
1037$3,6,12,7,11,1,14,4,1,9,16,10,13,15,8,2$1.0
1038$3,6,12,7,11,1,14,5,1,9,16,10,13,15,8,2$1.0
1039$3,6,12,7,11,1,14,5,1,9,16,10,13,15,8,2$1.0
1040$3,6,12,7,11,1,14,4,1,9,16,10,13,15,8,2$1.0
1041$3,6,12,7,11,1,14,4,1,9,16,10,13,15,8,2$1.0
1042$3,6,12,7,11,14,14,5,1,9,16,10,4,15,8,2$1.0
1043$3,6,12,7,11,1,14,5,1,9,16,10,13,15,8,2$1.0
1044$3,6,12,7,11,1,14,5,1,9,16,10,13,15,8,4$1.0
1045$3,6,12,7,11,1,14,5,1,9,16,10,13,15,8,2$1.0
1046$3,6,12,7,11,1,14,5,1,9,16,10,13,15,8,2$1.0
1047$3,6,12,7,11,1,14,4,1,9,16,10,13,15,8,2$1.0
1048$3,6,12,7,11,1,14,4,1,9,16,10,13,15,8,2$1.0
1049$3,6,12,7,11,14,14,5,1,9,16,10,13,15,8,2$1.0
1050$3,6,12,7,11,14,14,5,1,9,16,10,13,15,8,2$1.0
1051$3,6,12,7,11,1,14,4,1,9,16,10,13,15,8,2$1.0
1052$3,6,12,7,11,1,14,5,1,9,16,10,13,15,8,2$1.0
1053$3,6,12,7,11,1,14,4,1,9,16,10,13,15,8,2$1.0
1054$3,6,12,7,11,14,14,5,1,9,16,10,13,15,8,2$1.0
1055$3,6,12,7,11,1,14,4,1,9,16,10,13,15,8,2$1.0
1056$3,6,12,7,11,1,14,5,1,9,16,10,13,15,8,2$1.0
1057$3,6,12,7,11,14,14,5,1,9,16,10,13,15,8,2$1.0
1058$3,6,12,7,11,1,14,5,1,4,16,10,13,15,8,2$1.0
1059$3,6,12,7,11,14,14,5,1,9,16,10,13,15,8,2$1.0
1060$3,6,12,7,11,1,14,5,1,4,16,10,13,15,8,2$1.0
1061$3,6,12,7,11,14,14,5,1,9,16,10,13,15,8,2$1.0
1062$3,6,12,7,11,1,14,5,1,9,16,10,4,15,8,2$1.0
1063$3,6,12,7,11,1,14,5,1,9,16,10,13,15,8,2$1.0
1064$3,6,12,7,11,1,14,4,1,9,16,10,13,15,8,2$1.0
1065$3,6,12,7,11,1,14,4,1,9,16,10,13,15,8,2$1.0
1066$13,6,12,7,11,1,14,5,1,9,16,10,4,15,8,2$1.0
1067$3,6,12,7,11,1,14,5,5,9,16,10,13,15,8,2$1.0
1068$3,6,12,7,11,1,14,5,1,9,16,10,13,15,8,2$1.0
1069$3,6,12,7,11,1,14,5,3,9,16,10,13,15,8,2$1.0
1070$3,6,12,7,11,1,14,5,1,9,16,10,4,15,8,2$1.0
1071$3,6,12,7,11,1,14,5,1,9,16,10,13,15,8,2$1.0
1072$3,6,12,7,11,1,14,5,1,4,16,10,13,15,8,2$1.0
1073$3,6,12,7,11,1,14,5,5,9,16,10,13,15,8,2$1.0
1074$3,6,12,7,11,1,14,5,1,4,16,10,13,15,8,2$1.0
1075$3,6,12,7,11,1,14,5,5,9,16,10,13,15,8,2$1.0
1076$3,6,12,7,11,1,14,5,1,9,16,10,13,15,8,2$1.0
1077$3,6,12,7,11,14,14,5,1,4,16,10,13,15,8,2$1.0
1078$3,6,12,7,11,1,14,5,1,9,16,10,13,15,8,2$1.0
1079$3,6,12,7,11,1,14,5,1,9,16,10,13,15,8,2$1.0
1080$3,6,12,7,11,1,14,5,1,4,16,10,13,15,8,2$1.0
1081$3,6,12,7,11,1,14,5,1,9,16,10,13,15,8,2$1.0
1082$3,6,12,7,11,1,14,5,1,9,16,10,13,15,8,2$1.0
1083$3,6,12,7,11,1,14,5,1,9,16,10,13,15,8,2$1.0
1084$3,6,12,7,11,1,14,5,1,4,16,10,13,15,8,2$1.0
1085$3,6,12,7,11,1,14,5,1,9,16,10,13,15,8,2$1.0
1086$3,6,12,7,11,1,14,5,1,4,16,10,13,15,8,2$1.0
1087$3,6,12,7,11,1,14,5,1,9,16,10,13,15,8,2$1.0
1088$3,6,12,7,11,1,14,5,1,9,16,10,13,15,8,2$1.0
1089$3,6,12,7,11,1,14,5,1,9,16,10,13,15,8,2$1.0
1090$3,6,12,7,11,1,14,5,5,9,16,10,13,15,8,2$1.0
1091$3,6,12,7,11,1,14,5,1,9,16,10,13,15,8,2$1.0
1092$3,6,12,7,11,1,14,5,1,9,16,10,13,15,8,2$1.0
1093$3,6,12,7,11,1,14,5,1,9,16,10,13,15,8,2$1.0
1094$3,6,12,7,11,1,14,5,1,9,16,10,13,15,8,2$1.0
1095$3,6,12,7,11,1,14,5,1,9,16,10,13,15,8,2$1.0
1096$3,6,12,7,11,1,14,5,1,9,16,10,13,15,8,2$1.0
1097$3,6,12,7,11,1,14,5,1,9,16,10,13,15,8,2$1.0
1098$3,6,12,7,11,1,14,5,1,9,16,10,13,15,8,2$1.0
1099$3,6,12,7,11,1,14,5,1,9,16,10,13,15,8,2$1.0
1100$3,6,12,7,11,1,14,5,1,9,16,10,13,15,8,2$1.0
1101$3,6,12,7,11,1,14,5,1,9,16,10,13,15,8,2$1.0
1102$3,6,12,7,11,1,14,5,1,9,16,10,13,15,8,2$1.0
1103$3,6,12,7,11,1,14,5,1,9,16,10,13,15,8,2$1.0
1104$3,6,12,7,11,1,14,5,1,9,16,10,13,15,8,2$1.0
1105$3,6,12,7,11,1,14,5,1,9,16,10,13,15,8,2$1.0
1106$3,6,12,7,11,1,14,5,1,9,16,10,13,15,8,2$1.0
1107$3,6,12,7,11,1,14,5,1,9,16,10,13,15,8,2$1.0
1108$3,6,12,7,11,1,14,5,1,9,16,10,13,15,8,2$1.0
1109$3,6,12,7,11,1,14,5,1,9,16,10,13,15,8,2$1.0
1110$3,6,12,7,11,1,14,5,1,9,16,10,13,15,8,2$1.0
1111$3,6,12,7,11,1,14,5,1,9,16,10,13,15,8,2$1.0
1112$3,6,12,7,11,1,14,5,1,9,16,10,13,15,8,2$1.0
1113$3,6,12,7,11,1,14,5,1,9,16,10,13,15,8,2$1.0
1114$3,6,12,7,11,1,14,5,3,9,16,10,13,15,8,2$1.0
1115$3,6,12,7,11,1,14,5,3,9,16,10,13,15,8,2$1.0
1116$3,6,12,7,11,1,14,4,1,9,16,10,13,15,8,2$1.0
1117$3,6,12,7,11,1,14,5,1,9,16,10,13,15,8,2$1.0
1118$3,6,12,7,11,1,14,5,1,9,16,10,13,15,8,2$1.0
1119$3,6,12,7,11,1,14,5,3,9,16,10,13,15,8,2$1.0
1120$3,6,12,7,11,1,14,5,3,9,16,10,13,15,8,2$1.0
1121$3,6,12,7,11,1,14,5,3,9,16,10,13,15,8,2$1.0
1122$3,6,12,7,11,1,14,5,3,9,16,10,13,15,8,2$1.0
1123$3,6,12,7,11,1,14,5,1,9,16,10,13,15,8,2$1.0
1124$3,6,12,7,11,1,14,5,3,9,16,10,13,15,8,2$1.0
1125$3,6,12,7,11,1,14,5,3,9,16,10,13,15,8,2$1.0
1126$3,6,12,7,11,1,14,5,3,9,16,10,13,15,8,2$1.0
1127$3,6,12,7,11,1,14,5,3,9,16,10,13,15,8,2$1.0
1128$3,6,12,7,11,1,14,5,1,9,16,10,13,15,8,2$1.0
1129$3,6,12,7,11,14,14,5,1,9,16,10,13,15,8,2$1.0
1130$3,6,12,7,11,1,14,5,3,9,16,10,13,15,8,2$1.0
1131$3,6,12,7,11,1,14,5,3,9,16,10,13,15,8,2$1.0
1132$3,6,12,7,11,1,14,5,1,9,16,10,13,15,8,2$1.0
1133$3,6,12,7,11,1,14,5,1,9,16,10,13,15,8,2$1.0
1134$3,6,12,7,11,1,14,5,3,9,16,10,13,15,8,2$1.0
1135$3,6,12,7,11,1,14,5,1,9,16,10,13,15,8,2$1.0
1136$3,6,12,7,11,1,14,5,1,9,16,10,13,15,8,2$1.0
1137$3,6,12,7,11,1,14,5,1,9,16,10,13,15,8,2$1.0
1138$3,6,12,7,11,1,14,5,1,9,16,10,13,15,8,2$1.0
1139$3,6,12,7,11,1,14,5,1,9,16,10,13,15,8,2$1.0
1140$3,6,12,7,11,1,14,5,1,9,16,10,13,15,8,2$1.0
1141$3,6,12,7,11,1,14,5,1,9,16,10,13,15,8,2$1.0
1142$3,6,12,7,11,1,14,5,1,9,16,10,13,15,8,2$1.0
1143$3,6,12,7,11,1,14,5,1,9,16,10,13,15,8,2$1.0
1144$3,6,12,7,11,1,14,5,1,9,16,10,13,15,8,2$1.0
1145$3,6,12,7,11,1,14,5,1,9,16,10,13,15,8,2$1.0
1146$3,6,12,7,11,1,14,5,1,9,16,10,13,15,8,2$1.0
1147$3,6,12,7,11,1,14,5,1,9,16,10,13,15,8,2$1.0
1148$3,6,12,7,11,1,14,5,1,9,16,10,13,15,8,2$1.0
1149$3,6,12,7,11,1,14,5,1,9,16,10,13,15,8,2$1.0
1150$3,6,12,7,11,1,14,5,1,9,16,10,13,15,8,2$1.0
1151$3,6,12,7,11,1,14,5,1,9,16,10,13,15,8,2$1.0
1152$3,6,12,7,11,1,14,5,1,9,16,10,13,15,8,2$1.0
1153$3,6,12,7,11,1,14,5,1,9,16,10,13,15,8,2$1.0
1154$3,6,12,7,11,1,14,5,1,9,16,10,13,15,8,2$1.0
1155$3,6,12,7,11,1,14,5,1,9,16,10,13,15,8,2$1.0
1156$3,6,12,7,11,1,14,5,1,9,16,10,13,15,8,2$1.0
1157$3,6,12,7,11,1,14,5,1,9,16,10,13,15,8,2$1.0
1158$3,6,12,7,11,1,14,5,1,9,16,10,4,15,8,2$1.0
1159$3,6,12,7,11,1,14,5,1,9,16,10,13,15,8,2$1.0
1160$3,6,12,7,11,1,14,5,1,4,16,10,13,15,8,2$1.0
1161$3,6,12,7,11,1,14,5,1,9,16,10,13,15,8,2$1.0
1162$3,6,12,7,11,1,14,5,1,9,16,10,13,15,8,2$1.0
1163$3,6,12,7,11,1,14,5,1,9,16,10,13,15,8,2$1.0
1164$3,6,12,7,11,1,14,5,1,9,16,10,13,15,8,4$1.0
1165$3,6,12,7,11,1,14,5,1,9,16,10,13,15,8,2$1.0
1166$3,6,12,7,11,1,14,5,1,9,16,10,13,15,8,2$1.0
1167$3,6,12,7,11,1,14,5,1,9,16,10,13,15,8,2$1.0
1168$3,6,12,7,11,1,14,5,1,9,16,10,13,15,8,2$1.0
1169$3,6,12,7,11,1,14,5,1,9,16,10,13,15,8,2$1.0
1170$3,6,12,7,11,1,14,5,1,9,16,10,13,15,8,2$1.0
1171$3,6,12,7,11,1,14,4,1,9,16,10,13,15,8,2$1.0
1172$3,6,12,7,11,1,14,5,1,9,16,10,4,15,8,2$1.0
1173$3,6,12,7,11,1,14,5,1,9,16,10,13,15,8,2$1.0
1174$3,6,12,7,11,1,14,5,1,9,16,10,4,15,8,2$1.0
1175$3,6,12,7,11,1,14,5,1,9,16,10,13,15,8,2$1.0
1176$3,6,12,7,11,1,14,4,1,9,16,10,13,15,8,2$1.0
1177$3,6,12,7,11,6,14,5,1,9,16,10,4,15,8,2$1.0
1178$3,6,12,7,11,1,14,5,1,9,16,10,13,15,8,2$1.0
1179$3,6,12,7,11,1,14,5,1,9,16,10,13,15,8,2$1.0
1180$3,6,12,7,11,1,14,5,1,9,16,10,4,15,8,2$1.0
1181$3,6,12,7,11,1,14,5,1,9,16,10,4,15,8,2$1.0
1182$3,6,12,7,11,1,14,5,1,9,16,10,13,15,8,2$1.0
1183$3,6,12,7,11,14,7,5,1,9,16,10,4,15,8,2$1.0
1184$3,6,12,7,11,1,14,5,1,9,16,10,4,15,8,2$1.0
1185$3,6,12,7,11,1,14,5,1,9,16,10,4,15,8,2$1.0
1186$3,6,12,7,11,1,14,5,1,9,16,10,4,15,8,2$1.0
1187$3,6,12,7,11,1,14,5,1,9,16,10,4,15,8,2$1.0
1188$3,6,12,7,11,1,14,5,1,9,16,10,4,15,8,2$1.0
1189$3,6,12,7,11,1,14,5,1,9,16,10,4,15,8,2$1.0
1190$13,6,12,7,11,1,14,5,3,9,16,10,4,15,8,2$0.0
1190$13,6,12,7,11,1,14,5,3,9,16,10,4,15,8,2$0.0
