16
0$15,13,6,10,13,8,5,2,9,16,9,7,14,3,12,12$13.0
0$9,12,14,10,5,12,5,9,1,3,6,16,12,13,7,4$25.0
0$3,3,7,11,1,12,1,2,4,15,15,2,15,5,16,14$16.0
0$15,13,6,10,13,8,5,2,9,16,9,7,14,3,12,12$13.0
1$7,9,11,3,10,10,5,2,4,13,4,12,12,5,2,5$11.0
1$15,13,6,10,13,8,5,9,14,16,12,1,9,14,6,4$12.0
1$7,9,11,3,10,10,5,2,4,13,4,12,12,5,2,5$11.0
2$13,3,11,7,3,12,2,15,11,3,4,1,9,14,6,16$12.0
3$6,13,3,8,7,13,6,14,2,7,9,4,8,16,3,15$11.0
4$11,3,7,4,13,1,10,2,2,15,10,1,9,14,6,4$10.0
4$11,3,7,4,13,1,10,2,2,15,10,1,9,14,6,4$10.0
5$6,1,3,13,8,14,5,2,2,16,1,4,11,3,12,12$10.0
6$6,1,3,13,8,14,5,2,2,16,1,4,11,3,12,12$10.0
7$10,8,16,12,13,8,5,2,2,15,6,1,9,14,6,4$9.0
7$10,8,16,12,13,8,5,2,2,15,6,1,9,14,6,4$9.0
8$10,8,16,12,13,8,5,2,2,15,6,1,9,14,6,4$9.0
9$5,11,16,9,13,1,10,2,2,15,1,14,10,14,6,4$8.0
9$5,11,16,9,13,1,10,2,2,15,1,14,10,14,6,4$8.0
10$8,8,13,4,13,1,10,12,2,15,1,14,11,3,9,3$8.0
11$4,11,9,5,15,1,12,2,2,16,1,4,9,14,3,13$8.0
12$8,1,13,3,13,10,16,11,2,4,6,1,9,14,6,4$8.0
13$11,7,16,13,8,4,1,10,2,16,1,4,9,14,3,13$8.0
14$4,8,13,3,13,3,12,10,2,2,6,1,9,14,6,4$7.0
14$4,8,13,3,13,3,12,10,2,2,6,1,9,14,6,4$7.0
15$5,8,13,3,13,3,12,10,2,2,6,1,9,14,6,4$6.0
15$5,8,13,3,13,3,12,10,2,2,6,1,9,14,6,4$6.0
16$5,8,13,3,13,3,12,10,2,2,6,1,9,14,6,4$6.0
17$5,8,13,3,13,3,12,10,2,2,6,1,9,14,6,4$6.0
18$5,8,13,3,13,3,12,10,2,2,6,1,9,14,16,4$5.0
18$5,8,13,3,13,3,12,10,2,2,6,1,9,14,16,4$5.0
19$11,7,1,11,13,10,12,2,2,16,13,1,9,14,6,4$6.0
20$8,15,5,2,13,10,12,7,2,16,3,1,9,14,6,4$1.0
20$8,15,5,2,13,10,12,7,2,16,3,1,9,14,6,4$1.0
21$8,15,5,2,13,10,12,7,2,16,3,1,9,14,6,4$1.0
22$8,8,5,3,13,10,12,7,2,16,3,1,9,14,6,4$6.0
23$8,15,5,2,13,10,12,7,2,16,13,1,9,14,6,4$4.0
24$5,8,13,3,13,3,12,10,2,2,6,1,9,14,6,4$6.0
25$8,15,5,10,13,4,12,7,2,16,3,1,9,14,6,4$5.0
26$11,15,5,2,13,10,12,7,2,16,6,1,9,14,6,4$4.0
27$11,15,5,2,13,10,12,7,2,16,6,1,9,14,6,4$4.0
28$5,8,13,3,10,3,12,10,16,2,6,1,9,14,6,4$5.0
29$8,15,5,2,13,10,12,7,2,16,6,1,9,14,6,4$4.0
30$8,12,5,2,13,10,12,7,2,16,6,1,9,14,6,4$3.0
31$8,10,5,2,13,10,12,7,2,16,6,1,9,14,6,4$5.0
32$8,10,5,2,13,10,12,7,2,16,6,1,9,14,6,4$5.0
33$8,10,5,2,13,10,12,7,2,16,6,1,9,14,9,4$5.0
34$11,8,5,2,13,10,12,7,2,16,6,1,9,14,9,4$4.0
35$11,8,5,2,13,10,12,7,2,16,6,1,9,14,9,4$4.0
36$11,5,5,2,13,10,12,7,2,16,6,1,9,14,6,4$3.0
37$11,5,5,2,13,10,12,7,2,16,6,1,9,14,6,4$3.0
38$8,15,5,2,13,10,12,7,2,16,1,15,9,14,6,4$2.0
39$8,5,5,2,13,10,12,7,2,16,6,1,9,14,9,4$3.0
40$8,5,5,2,13,10,12,7,2,16,6,1,9,14,6,4$3.0
41$11,5,5,2,13,10,12,7,2,16,6,1,9,14,6,4$3.0
42$8,5,5,2,13,10,12,7,2,16,6,1,9,14,6,4$3.0
43$11,5,5,2,13,10,12,7,2,16,6,1,9,14,6,4$3.0
44$8,5,5,2,13,10,12,7,2,16,3,1,9,14,6,4$2.0
45$11,5,5,2,13,10,12,7,2,16,6,1,9,14,6,4$3.0
46$8,5,5,2,13,10,12,7,2,16,6,1,9,14,16,4$3.0
47$11,5,5,2,13,10,12,7,2,16,6,1,9,14,12,4$3.0
48$8,3,5,2,13,10,12,7,2,16,6,1,9,14,6,4$2.0
49$8,3,5,2,13,10,12,7,2,16,1,1,9,14,6,4$2.0
50$8,3,5,2,13,10,12,7,2,16,1,1,9,14,6,4$2.0
51$8,15,5,1,13,10,12,7,2,16,12,1,9,14,6,4$2.0
52$8,3,5,2,13,10,12,7,2,16,6,1,9,14,6,4$2.0
53$8,3,5,2,13,10,12,7,2,16,6,1,9,14,6,4$2.0
54$8,15,5,1,13,10,12,7,2,16,12,2,9,14,6,4$2.0
55$8,15,5,1,13,10,12,7,2,16,12,1,9,14,6,4$2.0
56$11,15,5,2,13,10,12,7,2,16,3,1,9,14,12,4$2.0
57$8,15,5,2,13,10,12,7,2,16,12,1,9,14,6,4$2.0
58$8,3,5,2,13,10,12,7,2,16,6,1,9,14,6,4$2.0
59$11,15,5,5,13,10,12,7,2,16,3,1,9,14,6,4$1.0
60$8,3,5,2,13,10,12,7,2,16,3,1,9,14,6,4$2.0
61$11,15,5,1,13,10,12,7,2,16,3,1,9,14,6,4$1.0
62$11,15,5,1,13,10,12,7,2,16,3,1,9,14,6,4$1.0
63$11,15,5,1,13,10,12,7,2,16,3,1,9,14,6,4$1.0
64$8,3,5,2,13,10,12,7,2,16,3,1,9,14,6,4$2.0
65$11,15,5,2,13,10,12,7,2,16,3,1,9,14,6,4$1.0
66$8,15,5,1,13,10,12,7,2,16,3,1,9,14,6,4$1.0
67$11,15,5,1,13,10,12,7,2,16,3,1,9,14,6,4$1.0
68$8,15,5,1,13,10,12,7,2,16,3,1,9,14,6,4$1.0
69$11,15,5,1,13,10,12,7,2,16,3,1,9,14,6,4$1.0
70$11,15,5,1,13,10,12,7,2,16,3,1,9,14,6,4$1.0
71$11,15,5,2,13,10,12,7,2,16,3,1,9,14,6,4$1.0
72$11,15,5,2,13,10,12,7,2,16,3,1,9,14,6,4$1.0
73$8,15,5,2,13,10,12,7,2,16,3,1,9,14,6,4$1.0
74$8,15,5,1,13,10,12,7,2,16,3,1,9,14,6,4$1.0
75$11,15,5,2,13,10,12,7,2,16,3,1,9,14,6,4$1.0
76$11,15,5,2,13,10,12,7,2,16,3,1,9,14,6,4$1.0
77$8,15,5,1,13,10,12,7,2,16,3,1,9,14,6,4$1.0
78$11,15,5,2,13,10,12,7,2,16,3,1,9,14,6,4$1.0
79$8,15,5,1,13,10,12,7,2,16,3,1,9,14,6,4$1.0
80$11,15,5,2,13,10,12,7,2,16,3,1,9,14,6,4$1.0
81$8,15,5,1,13,10,12,7,2,16,3,1,9,14,6,4$1.0
82$8,15,5,2,13,10,12,7,2,16,3,1,9,14,6,4$1.0
83$11,15,5,1,13,10,12,7,2,16,3,1,9,14,6,4$1.0
84$8,15,5,1,13,10,12,7,2,16,3,1,9,14,6,4$1.0
85$8,15,5,2,13,10,12,7,3,16,3,1,9,14,6,4$1.0
86$8,15,5,2,13,10,12,7,2,16,3,1,9,14,6,4$1.0
87$8,15,5,2,13,10,12,7,2,16,3,1,9,14,6,4$1.0
88$8,15,5,2,13,10,12,7,2,16,3,1,9,14,6,4$1.0
89$8,15,5,2,13,10,12,7,2,16,3,1,9,14,6,4$1.0
90$11,15,5,1,13,10,12,7,2,16,3,1,9,14,6,4$1.0
91$8,15,5,1,13,10,12,7,2,16,3,1,9,14,6,4$1.0
92$8,15,5,2,13,10,12,7,2,16,3,1,9,14,6,4$1.0
93$8,15,5,2,13,10,12,7,2,16,3,1,9,14,6,4$1.0
94$8,15,5,2,13,10,12,7,2,16,3,1,9,14,6,4$1.0
95$8,15,5,2,13,10,12,7,2,16,3,1,9,14,6,4$1.0
96$8,15,5,2,13,10,12,7,2,16,3,1,9,14,6,4$1.0
97$8,15,5,2,13,10,12,7,2,16,3,1,9,14,6,4$1.0
98$8,15,5,2,13,10,12,7,2,16,3,1,9,14,6,4$1.0
99$8,15,5,2,13,10,12,7,2,16,3,1,9,14,6,4$1.0
100$8,15,5,2,13,10,12,7,2,16,3,1,9,14,6,4$1.0
101$8,15,5,2,13,10,12,7,2,16,3,1,9,14,6,4$1.0
102$8,15,5,2,13,10,12,7,2,16,3,1,9,11,6,4$1.0
103$8,15,5,2,13,10,12,7,2,16,3,1,9,14,6,4$1.0
104$8,15,5,2,13,10,12,7,2,16,3,1,9,14,6,4$1.0
105$8,15,5,2,13,10,12,7,2,16,3,1,9,14,6,4$1.0
106$8,15,5,2,13,10,12,7,2,16,3,1,9,14,6,4$1.0
107$8,15,5,2,13,10,12,7,2,16,3,1,9,14,6,4$1.0
108$8,15,5,2,13,10,12,7,2,16,3,1,9,14,6,4$1.0
109$8,15,5,2,13,10,12,7,2,16,3,1,9,14,6,4$1.0
110$11,15,5,2,13,10,12,7,2,16,3,1,9,14,6,4$1.0
111$8,15,5,2,13,10,12,7,2,16,3,1,9,14,6,4$1.0
112$8,15,5,2,13,10,12,7,2,16,3,1,9,14,6,4$1.0
113$8,15,5,2,13,10,12,7,2,16,3,1,9,14,6,4$1.0
114$8,15,5,2,13,10,12,7,3,16,3,1,9,14,6,4$1.0
115$8,15,5,2,13,10,12,7,3,16,3,1,9,14,6,11$1.0
116$8,15,5,2,13,10,12,7,2,16,3,1,9,14,6,4$1.0
117$8,15,5,2,13,10,12,7,2,16,3,1,9,14,6,4$1.0
118$8,15,5,2,13,10,12,7,2,16,3,1,9,14,6,4$1.0
119$8,15,5,2,13,10,12,7,2,16,3,1,9,14,6,4$1.0
120$8,15,5,2,13,10,12,7,2,16,3,1,9,14,6,4$1.0
121$8,15,5,2,13,10,12,7,2,16,3,1,9,14,6,4$1.0
122$8,15,5,1,13,10,12,7,2,16,3,1,9,14,6,4$1.0
123$8,15,5,2,13,10,12,7,2,16,3,1,9,14,6,4$1.0
124$8,15,5,1,13,10,12,7,2,16,3,1,9,14,6,4$1.0
125$8,15,5,2,13,10,12,7,2,16,3,1,9,14,6,4$1.0
126$8,15,5,2,13,10,12,7,2,16,3,1,9,14,6,4$1.0
127$8,15,5,2,13,10,12,7,2,16,3,1,9,14,6,4$1.0
128$8,15,5,2,13,10,12,7,2,16,3,1,9,14,6,4$1.0
129$8,15,5,2,13,10,12,7,2,16,3,1,9,14,6,4$1.0
130$8,15,5,2,13,10,12,7,2,16,3,1,9,14,6,11$1.0
131$8,15,5,2,13,10,12,7,2,16,3,1,9,14,6,4$1.0
132$8,15,5,2,13,10,12,7,2,16,3,1,9,14,6,4$1.0
133$8,15,5,2,13,10,12,7,2,16,3,1,9,14,6,4$1.0
134$8,15,5,2,13,10,12,7,2,16,3,1,9,14,6,4$1.0
135$8,15,5,2,13,10,12,7,2,16,3,1,9,14,6,4$1.0
136$8,15,4,2,13,10,12,7,2,16,3,1,9,14,6,11$1.0
137$8,15,5,2,13,10,12,7,2,16,3,1,9,14,6,4$1.0
138$8,15,5,2,13,10,12,7,2,16,3,1,9,14,6,11$1.0
139$8,15,5,2,13,10,12,7,2,16,3,1,9,14,6,11$1.0
140$8,15,5,2,13,10,12,7,2,16,3,1,9,14,6,4$1.0
141$8,15,5,2,13,10,12,7,2,16,3,1,9,14,6,11$1.0
142$8,15,5,2,13,10,12,7,2,16,3,1,9,14,6,11$1.0
143$8,15,5,2,13,10,12,7,2,16,3,1,9,14,6,4$1.0
144$8,15,5,2,13,10,12,7,2,16,3,1,9,14,6,4$1.0
145$8,15,5,2,13,10,12,7,2,16,3,1,9,14,6,4$1.0
146$8,15,5,2,13,10,12,7,2,16,3,1,9,14,6,4$1.0
147$8,15,5,2,13,10,12,7,2,16,3,1,9,11,6,4$1.0
148$8,15,5,2,13,10,12,7,2,16,3,1,9,14,6,4$1.0
149$8,15,5,2,13,10,12,7,2,16,3,1,9,14,6,11$1.0
150$8,15,5,2,13,10,12,7,2,16,3,1,9,14,6,4$1.0
151$8,15,5,2,13,10,12,7,2,16,3,1,9,14,6,11$1.0
152$8,15,5,2,13,10,12,7,2,16,3,1,9,14,6,11$1.0
153$8,15,5,2,13,10,12,7,2,16,3,1,9,14,6,11$1.0
154$8,15,5,2,13,10,12,7,2,16,3,1,9,14,6,11$1.0
155$8,15,5,2,13,10,12,7,2,16,3,1,9,11,6,4$1.0
156$8,15,5,2,13,10,12,7,2,16,3,1,9,14,6,11$1.0
157$8,15,5,2,13,10,12,7,2,16,3,1,9,14,6,11$1.0
158$8,15,5,2,13,10,12,7,2,16,3,1,9,14,6,11$1.0
159$8,15,5,2,13,10,12,7,2,16,3,1,9,11,6,4$1.0
160$8,15,5,2,13,10,12,7,2,16,3,1,9,14,6,11$1.0
161$8,15,5,2,13,10,12,7,2,16,3,1,9,14,6,4$1.0
162$4,15,5,2,13,10,12,7,2,16,3,1,9,14,6,11$1.0
163$8,15,5,2,13,10,12,7,2,16,3,1,9,14,6,11$1.0
164$8,15,5,2,13,10,12,7,3,16,3,1,9,14,6,11$1.0
165$8,15,5,2,13,10,12,7,2,16,3,1,9,14,6,11$1.0
166$8,15,5,2,13,10,12,7,2,16,3,1,9,11,6,4$1.0
167$8,15,5,2,13,10,12,7,2,16,3,1,9,14,6,11$1.0
168$8,15,5,2,13,10,12,7,2,16,3,1,9,11,6,4$1.0
169$8,15,5,2,13,10,12,7,2,16,3,1,9,11,6,4$1.0
170$8,15,5,2,13,10,12,7,2,16,3,1,9,14,6,4$1.0
171$8,15,5,2,13,10,12,7,3,16,3,1,9,14,6,4$1.0
172$8,15,5,1,13,10,12,7,2,16,3,1,9,14,6,4$1.0
173$8,15,5,2,13,10,12,7,3,16,3,1,14,11,6,4$1.0
174$8,15,5,2,13,10,12,7,3,16,3,1,9,14,6,11$1.0
175$8,15,5,2,13,10,12,7,2,16,3,1,14,11,6,4$1.0
176$8,15,5,2,13,10,12,7,2,16,3,1,9,14,6,11$1.0
177$8,15,5,2,13,10,12,7,2,16,3,1,9,14,6,11$1.0
178$8,15,5,2,13,10,12,7,2,16,3,1,9,14,6,11$1.0
179$8,15,5,2,13,10,12,7,3,16,3,1,9,14,6,11$1.0
180$8,15,5,2,13,10,12,7,2,16,3,1,9,11,6,4$1.0
181$8,15,5,2,13,10,12,7,2,16,3,1,9,14,6,11$1.0
182$8,15,5,2,13,10,12,7,2,16,3,1,9,14,6,11$1.0
183$8,15,5,2,13,10,12,7,2,16,3,1,9,14,6,11$1.0
184$8,15,5,2,13,10,12,7,2,16,3,1,14,11,6,4$1.0
185$8,15,5,2,13,10,12,7,2,16,3,1,9,14,6,11$1.0
186$8,15,5,2,13,10,12,7,2,16,3,1,9,14,6,11$1.0
187$8,15,5,2,13,10,12,7,2,16,3,1,9,14,6,11$1.0
188$4,15,5,2,13,10,12,7,2,16,3,1,9,14,6,11$1.0
189$8,15,5,2,13,10,12,7,2,16,3,1,9,14,6,11$1.0
190$8,15,5,2,13,10,12,7,2,16,3,1,9,14,6,11$1.0
191$8,15,5,2,13,10,12,7,2,16,3,1,9,14,6,11$1.0
192$8,15,5,2,13,10,12,7,2,16,3,1,9,14,6,11$1.0
193$8,15,5,2,13,10,12,7,2,16,3,1,9,14,6,11$1.0
194$8,15,5,2,13,10,12,7,2,16,3,1,9,14,6,11$1.0
195$4,15,5,5,13,10,12,7,2,16,3,1,9,14,6,11$1.0
196$8,15,5,2,13,10,12,7,2,16,3,1,9,14,6,11$1.0
197$8,15,5,1,13,10,12,7,2,16,3,1,9,14,6,11$1.0
198$8,15,5,2,13,10,12,7,2,16,3,1,9,14,6,11$1.0
199$8,15,5,2,13,10,12,7,2,16,3,1,9,11,6,4$1.0
200$8,15,5,1,13,10,12,7,2,16,3,1,9,14,6,11$1.0
201$8,15,5,2,13,10,12,7,2,16,3,1,9,11,6,4$1.0
202$8,15,5,2,13,10,12,7,2,16,3,1,9,11,6,4$1.0
203$8,15,5,2,13,10,12,7,2,16,3,1,9,14,6,11$1.0
204$8,15,5,2,13,10,12,7,2,16,3,1,9,14,6,11$1.0
205$8,15,4,2,13,10,12,7,2,16,3,1,9,14,6,11$1.0
206$8,15,5,2,13,10,12,7,2,16,3,1,9,14,6,11$1.0
207$8,15,5,2,13,10,12,7,2,16,3,1,9,14,6,11$1.0
208$8,15,4,2,13,10,12,7,2,16,3,1,9,14,6,11$1.0
209$8,15,5,2,13,10,12,7,2,16,3,1,9,14,6,11$1.0
210$8,15,5,2,13,10,12,7,2,16,3,1,9,14,6,11$1.0
211$8,15,5,1,13,10,12,7,2,16,3,13,9,14,6,11$1.0
212$8,15,5,1,13,10,12,7,2,16,3,1,9,14,6,11$1.0
213$8,15,4,16,13,10,12,7,2,16,3,1,9,14,6,11$1.0
214$8,15,5,2,13,10,12,7,2,16,3,1,9,14,6,11$1.0
215$8,15,5,1,13,10,12,7,2,16,3,13,9,14,6,11$1.0
216$8,15,5,1,13,10,12,7,2,16,3,1,9,14,6,11$1.0
217$8,15,5,16,13,10,12,7,2,16,3,1,9,14,6,11$1.0
218$8,15,5,2,13,10,12,7,3,16,3,1,9,14,6,11$1.0
219$8,15,5,2,13,10,12,7,3,16,3,1,9,14,6,4$1.0
220$8,15,5,16,13,10,12,7,2,16,3,1,9,14,6,11$1.0
221$8,15,5,1,13,10,12,7,2,16,3,1,9,14,6,11$1.0
222$8,15,4,1,13,10,12,7,2,16,3,1,9,14,6,11$1.0
223$8,15,4,16,13,10,12,7,2,16,3,1,9,14,6,11$1.0
224$8,15,4,1,13,10,12,7,2,16,3,1,9,14,6,11$1.0
225$8,15,4,1,13,10,12,7,2,16,3,1,9,14,6,11$1.0
226$8,15,5,1,13,10,12,7,2,16,3,1,9,14,6,11$1.0
227$8,15,5,1,13,10,12,7,2,16,3,1,9,14,6,11$1.0
228$8,15,5,1,13,10,12,7,2,16,3,1,9,14,6,11$1.0
229$8,15,5,1,13,10,12,7,2,16,3,1,9,14,6,11$1.0
230$8,15,5,1,13,10,12,7,2,16,3,1,9,14,6,11$1.0
231$8,15,5,2,13,10,12,7,2,16,3,1,9,14,6,11$1.0
232$8,15,5,2,13,10,12,7,2,16,3,1,9,14,6,11$1.0
233$8,15,4,1,13,10,12,7,2,16,3,1,9,14,6,11$1.0
234$8,15,4,1,13,10,12,7,2,16,3,1,9,14,6,11$1.0
235$8,15,5,2,13,10,12,7,2,16,3,1,9,14,6,4$1.0
236$8,15,4,1,13,10,12,7,2,16,3,1,9,14,6,11$1.0
237$8,15,4,1,13,10,12,7,2,16,3,1,9,14,6,11$1.0
238$4,15,5,2,13,10,12,7,2,16,3,1,9,14,6,11$1.0
239$8,15,4,1,13,10,12,7,2,16,3,1,9,14,6,11$1.0
240$8,15,4,1,13,10,12,7,2,16,3,1,9,14,6,11$1.0
241$8,15,4,2,13,10,12,7,3,16,3,1,9,14,6,11$1.0
242$8,15,4,2,13,10,12,7,3,16,3,1,9,14,6,11$1.0
243$4,15,5,2,13,10,12,7,3,16,3,1,9,14,6,11$1.0
244$8,15,4,2,13,10,12,7,3,16,3,1,9,14,6,11$1.0
245$8,15,5,2,13,10,12,7,2,16,3,1,9,14,6,11$1.0
246$8,15,4,1,13,10,12,7,2,16,3,1,9,14,6,11$1.0
247$8,15,5,2,13,10,12,7,3,16,3,1,9,14,6,11$1.0
248$8,15,5,2,13,10,12,7,2,16,3,1,9,14,6,11$1.0
249$8,15,5,2,13,10,12,7,2,16,3,1,9,14,6,11$1.0
250$8,15,5,2,13,10,12,7,2,16,3,1,9,14,6,11$1.0
251$8,15,5,16,13,10,12,7,2,16,3,1,9,14,6,11$1.0
252$8,15,4,1,13,10,12,7,2,16,3,1,9,14,6,11$1.0
253$4,15,5,2,13,10,12,7,2,16,3,1,9,14,6,11$1.0
254$8,15,5,16,13,10,12,7,2,16,3,1,9,14,6,11$1.0
255$8,15,5,2,13,10,12,7,2,16,3,1,9,14,6,11$1.0
256$8,15,5,2,13,10,12,7,2,16,3,1,9,14,6,11$1.0
257$8,15,5,1,13,10,12,7,2,16,3,1,9,14,6,11$1.0
258$8,15,5,1,13,10,12,7,2,16,3,1,9,14,6,4$1.0
259$8,15,5,2,13,10,12,7,2,16,3,1,9,14,6,11$1.0
260$8,15,5,2,13,10,12,7,2,16,3,1,9,14,6,11$1.0
261$8,15,5,2,13,10,12,7,2,16,3,1,9,14,6,11$1.0
262$8,15,5,2,13,10,12,7,2,16,3,1,9,14,6,11$1.0
263$8,15,5,1,13,10,12,7,2,16,3,1,9,14,6,4$1.0
264$8,15,5,1,13,10,12,7,2,16,3,1,9,14,6,11$1.0
265$8,15,5,1,13,10,12,7,2,16,3,1,9,14,6,11$1.0
266$8,15,5,2,13,10,12,7,2,16,3,1,9,14,6,11$1.0
267$8,15,5,1,13,10,12,7,2,16,3,1,9,14,6,4$1.0
268$8,15,5,2,13,10,12,7,2,16,3,1,9,14,6,4$1.0
269$8,15,5,1,13,10,12,7,2,16,3,1,9,14,6,4$1.0
270$8,15,5,1,13,10,12,7,2,16,3,1,9,14,6,4$1.0
271$8,15,5,1,13,10,12,7,2,16,3,1,9,14,6,4$1.0
272$8,15,5,2,13,10,12,7,2,16,3,1,9,14,6,4$1.0
273$8,15,5,2,13,10,12,7,3,16,3,1,9,14,6,11$1.0
274$8,15,5,2,13,10,12,7,2,16,3,1,9,14,6,4$1.0
275$8,15,5,2,13,10,12,7,2,16,3,1,9,14,6,4$1.0
276$8,15,5,2,13,10,12,7,2,16,3,1,9,14,6,11$1.0
277$8,15,5,2,13,10,12,7,2,16,3,1,9,14,6,11$1.0
278$8,15,5,2,13,10,12,7,2,16,3,1,9,14,6,4$1.0
279$8,15,5,2,13,10,12,7,2,16,3,1,9,14,6,11$1.0
280$8,15,5,2,13,10,12,7,2,16,3,1,9,14,6,4$1.0
281$8,15,5,2,13,10,12,7,2,16,3,1,9,14,6,4$1.0
282$8,15,5,2,13,10,12,7,2,16,3,1,9,14,6,4$1.0
283$8,15,5,1,13,10,12,7,2,16,3,13,9,14,6,4$1.0
284$8,15,5,2,13,10,12,7,2,16,3,1,9,14,6,4$1.0
285$8,15,5,2,13,10,12,7,2,16,3,1,9,14,6,4$1.0
286$8,15,5,2,13,10,12,7,2,16,3,1,9,14,6,4$1.0
287$8,15,5,2,13,10,12,7,2,16,3,1,9,14,6,4$1.0
288$8,15,5,2,13,10,12,7,2,16,3,1,9,14,6,4$1.0
289$8,15,5,2,13,10,12,7,2,16,3,1,9,14,6,4$1.0
290$8,15,5,2,13,10,12,7,2,16,3,1,9,14,6,4$1.0
291$8,15,5,2,13,10,12,7,2,16,3,1,9,14,6,11$1.0
292$8,15,5,2,13,10,12,7,2,16,3,1,9,14,6,4$1.0
293$8,15,5,2,13,10,12,7,2,16,3,1,9,14,6,4$1.0
294$8,15,5,2,13,10,12,7,2,16,3,1,9,11,6,4$1.0
295$8,15,5,2,13,10,12,7,2,16,3,1,9,14,6,11$1.0
296$8,15,5,2,13,10,12,7,2,16,3,1,9,14,6,4$1.0
297$8,15,5,2,13,10,12,7,2,16,3,1,9,14,6,4$1.0
298$8,15,5,2,13,10,12,7,2,16,3,1,9,14,6,4$1.0
299$8,15,5,2,13,10,12,7,2,16,3,1,9,14,6,11$1.0
300$8,15,5,2,13,10,12,7,2,16,3,1,9,14,6,4$1.0
301$8,15,5,2,13,10,12,7,2,16,3,1,9,14,6,11$1.0
302$8,15,5,2,13,10,12,7,2,16,3,1,9,14,6,4$1.0
303$8,15,5,2,13,10,12,7,2,16,3,1,9,14,6,4$1.0
304$8,15,5,2,13,10,12,7,2,16,3,1,9,14,6,11$1.0
305$8,15,5,2,13,10,12,7,2,16,3,1,9,14,6,11$1.0
306$8,15,5,2,13,10,12,7,2,16,3,1,9,14,6,11$1.0
307$8,15,5,2,13,10,12,7,2,16,3,1,9,14,6,4$1.0
308$8,15,5,2,13,10,12,7,2,16,3,1,9,14,6,11$1.0
309$8,15,5,2,13,10,12,7,2,16,3,1,9,14,6,11$1.0
310$8,15,5,2,13,10,12,7,2,16,3,1,9,14,6,4$1.0
311$8,15,5,2,13,10,12,7,2,16,3,1,9,14,6,11$1.0
312$8,15,5,2,13,10,12,7,2,16,3,1,9,14,6,4$1.0
313$8,15,5,2,13,10,12,7,2,16,3,1,9,14,6,4$1.0
314$8,15,5,2,13,10,12,7,2,16,3,1,9,14,6,4$1.0
315$8,15,5,2,13,10,12,7,2,16,3,1,9,14,6,4$1.0
316$8,15,5,2,13,10,12,7,2,16,3,1,9,14,6,11$1.0
317$8,15,5,2,13,10,12,7,2,16,3,1,9,14,6,4$1.0
318$8,15,5,2,13,10,12,7,2,16,3,1,9,14,6,4$1.0
319$8,15,5,2,13,10,12,7,3,16,3,1,9,14,6,11$1.0
320$8,15,5,2,13,10,12,7,2,16,3,1,9,14,6,11$1.0
321$8,15,5,2,13,10,12,7,2,16,3,1,9,14,6,11$1.0
322$8,15,5,2,13,10,12,7,2,16,3,1,9,14,6,11$1.0
323$8,15,5,2,13,10,12,7,2,16,3,1,9,14,6,4$1.0
324$8,15,5,2,13,10,12,7,2,16,3,1,9,14,6,4$1.0
325$8,15,5,2,13,10,12,7,2,16,3,1,9,14,6,11$1.0
326$8,15,5,2,13,10,12,7,3,16,3,1,9,14,6,4$1.0
327$8,15,5,2,13,10,12,7,2,16,3,1,9,14,6,11$1.0
328$11,15,5,2,13,10,12,7,2,16,3,1,9,14,6,4$1.0
329$8,15,5,2,13,10,12,7,2,16,3,1,9,14,6,4$1.0
330$8,15,5,2,13,10,12,7,2,16,3,1,9,14,6,4$1.0
331$8,15,5,2,13,10,12,7,2,16,3,1,9,14,6,11$1.0
332$8,15,5,2,13,10,12,7,2,16,3,1,9,14,6,4$1.0
333$8,15,5,2,13,10,12,7,2,16,3,1,9,14,6,11$1.0
334$8,15,5,2,13,10,12,7,2,16,3,1,9,14,6,11$1.0
335$8,15,5,2,13,10,12,7,2,16,3,1,9,14,6,11$1.0
336$8,15,5,2,13,10,12,7,2,16,3,1,9,14,6,4$1.0
337$8,15,5,2,13,10,12,7,2,16,3,1,9,14,6,4$1.0
338$8,15,5,2,13,10,12,7,2,16,3,1,9,14,6,11$1.0
339$8,15,5,2,13,10,12,7,2,16,3,1,9,14,6,4$1.0
340$8,15,5,2,13,10,12,7,3,16,3,1,9,14,6,11$1.0
341$8,15,5,2,13,10,12,7,2,16,3,1,9,14,6,4$1.0
342$8,15,5,2,13,10,12,7,2,16,3,1,9,14,6,11$1.0
343$8,15,5,2,13,10,12,7,2,16,3,1,9,14,6,11$1.0
344$8,15,5,2,13,10,12,7,2,16,3,1,9,14,6,11$1.0
345$8,15,5,2,13,10,12,7,3,16,3,1,9,14,6,11$1.0
346$8,15,5,2,13,10,12,7,2,16,3,1,9,14,6,11$1.0
347$8,15,5,2,13,10,12,7,3,16,3,1,9,14,6,4$1.0
348$8,15,5,2,13,10,12,7,2,16,3,1,9,14,6,11$1.0
349$8,15,5,2,13,10,12,7,2,16,3,1,9,14,6,4$1.0
350$8,15,5,2,13,10,12,7,2,16,3,1,9,14,6,11$1.0
351$8,15,5,2,13,10,12,7,2,16,3,1,9,14,6,11$1.0
352$8,15,5,2,13,10,12,7,2,16,3,1,9,14,6,4$1.0
353$8,15,5,2,13,10,12,7,2,16,3,1,9,14,6,4$1.0
354$8,15,5,2,13,10,12,7,2,16,3,1,9,14,6,4$1.0
355$8,15,5,2,13,10,12,7,2,16,3,1,9,14,6,4$1.0
356$8,15,5,2,13,10,12,7,2,16,3,1,9,14,6,4$1.0
357$8,15,5,2,13,10,12,7,2,16,3,1,9,14,6,4$1.0
358$8,15,5,2,13,10,12,7,2,16,3,1,9,11,6,4$1.0
359$8,15,5,2,13,10,12,7,2,16,3,1,9,14,6,4$1.0
360$8,15,5,2,13,10,12,7,2,16,3,1,9,11,6,4$1.0
361$8,15,5,2,13,10,12,7,2,16,3,1,9,14,6,4$1.0
362$8,15,5,2,13,10,12,7,2,16,3,1,9,14,6,4$1.0
363$8,15,5,2,13,10,12,7,2,16,3,1,9,14,6,4$1.0
364$8,15,5,2,13,10,12,7,2,16,3,1,9,11,6,4$1.0
365$8,15,5,2,13,10,12,7,2,16,3,1,9,14,6,4$1.0
366$8,15,5,2,13,10,12,7,2,16,3,1,9,11,6,4$1.0
367$8,15,5,2,13,10,12,7,2,16,3,1,9,14,6,4$1.0
368$8,15,5,2,13,10,12,7,2,16,3,1,9,11,6,4$1.0
369$8,15,5,2,13,10,12,7,2,16,3,1,9,14,6,4$1.0
370$8,15,5,2,13,10,12,7,2,16,3,1,9,14,6,4$1.0
371$8,15,5,2,13,10,12,7,2,16,3,1,9,14,6,4$1.0
372$8,15,5,2,13,10,12,7,2,16,3,1,9,11,6,4$1.0
373$8,15,5,2,13,10,12,7,2,16,3,1,9,14,6,4$1.0
374$8,15,5,2,13,10,12,7,2,16,3,1,9,14,6,4$1.0
375$8,15,5,2,13,10,12,7,2,16,3,1,9,11,6,4$1.0
376$8,15,5,2,13,10,12,7,2,16,3,1,9,14,6,4$1.0
377$8,15,5,2,13,10,12,7,2,16,3,1,9,14,6,4$1.0
378$8,15,5,2,13,10,12,7,2,16,3,1,9,14,6,4$1.0
379$8,15,5,2,13,10,12,7,2,16,3,1,9,14,6,4$1.0
380$8,15,5,2,13,10,12,7,2,16,3,1,9,11,6,4$1.0
381$8,15,5,2,13,10,12,7,2,16,3,1,9,14,6,4$1.0
382$8,15,5,2,13,10,12,7,2,16,3,1,9,14,6,4$1.0
383$8,15,5,2,13,10,12,7,2,16,3,1,9,14,6,4$1.0
384$8,15,5,2,13,10,12,7,2,16,3,1,9,14,6,4$1.0
385$8,15,5,2,13,10,12,7,2,16,3,1,9,14,6,4$1.0
386$8,15,5,2,13,10,12,7,2,16,3,1,9,14,6,4$1.0
387$8,15,5,2,13,10,12,7,2,16,3,1,9,14,6,4$1.0
388$8,15,5,2,13,10,12,7,2,16,3,1,9,14,6,4$1.0
389$8,15,5,2,13,10,12,7,2,16,3,1,9,14,6,4$1.0
390$8,15,5,2,13,10,12,7,2,16,3,1,9,14,6,4$1.0
391$8,15,5,1,13,10,12,7,2,16,3,1,9,14,6,4$1.0
392$8,15,5,2,13,10,12,7,2,16,3,1,9,14,6,4$1.0
393$8,15,5,2,13,10,12,7,2,16,3,1,9,14,6,4$1.0
394$8,15,5,2,13,10,12,7,2,16,3,1,9,14,6,4$1.0
395$8,15,5,2,13,10,12,7,2,16,3,1,9,14,6,4$1.0
396$8,15,5,2,13,10,12,7,2,16,3,1,9,14,6,4$1.0
397$8,15,5,2,13,10,12,7,2,16,3,1,9,14,6,4$1.0
398$8,15,5,2,13,10,12,7,2,16,3,1,9,14,6,4$1.0
399$8,15,5,2,13,10,12,7,2,16,3,1,9,14,6,4$1.0
400$8,15,5,2,13,10,12,7,2,16,3,1,9,14,6,11$1.0
401$8,15,5,2,13,10,12,7,2,16,3,1,9,14,6,4$1.0
402$8,15,5,2,13,10,12,7,2,16,3,1,9,14,6,4$1.0
403$8,15,5,2,13,10,12,7,2,16,3,1,9,14,6,4$1.0
404$8,15,5,2,13,10,12,7,3,16,3,1,9,14,6,11$1.0
405$8,15,5,2,13,10,12,7,3,16,3,1,9,14,6,11$1.0
406$8,15,5,2,13,10,12,7,2,16,3,1,9,14,6,4$1.0
407$8,15,5,2,13,10,12,7,2,16,3,1,9,14,6,4$1.0
408$8,15,5,2,13,10,12,7,2,16,3,1,9,14,6,4$1.0
409$8,15,5,2,13,10,12,7,2,16,3,1,9,14,6,4$1.0
410$8,15,5,2,13,10,12,7,2,16,3,1,9,14,6,4$1.0
411$8,15,5,2,13,10,12,7,2,16,3,1,9,14,6,4$1.0
412$8,15,5,2,13,10,12,7,2,16,3,1,9,14,6,4$1.0
413$8,15,5,2,13,10,12,7,2,16,3,1,9,14,6,4$1.0
414$8,15,5,2,13,10,12,7,2,16,3,1,9,14,6,4$1.0
415$8,15,5,2,13,10,12,7,2,16,3,1,9,14,6,4$1.0
416$8,15,5,2,13,10,12,7,2,16,3,1,9,14,6,4$1.0
417$8,15,5,2,13,10,12,7,2,16,3,1,9,14,6,4$1.0
418$8,15,5,2,13,10,12,7,2,16,3,1,9,14,6,4$1.0
419$8,15,5,2,13,10,12,7,2,16,3,1,9,14,6,4$1.0
420$8,15,5,2,13,10,12,7,2,16,3,1,9,14,6,4$1.0
421$8,15,5,2,13,10,12,7,2,16,3,1,9,14,6,4$1.0
422$8,15,5,2,13,10,12,7,2,16,3,1,9,14,6,4$1.0
423$8,15,5,2,13,10,12,7,2,16,3,1,9,14,6,4$1.0
424$8,15,5,2,13,10,12,7,2,16,3,1,9,14,6,4$1.0
425$8,15,5,2,13,10,12,7,2,16,3,1,9,14,6,4$1.0
426$8,15,5,2,13,10,12,7,2,16,3,1,9,14,6,4$1.0
427$8,15,5,2,13,10,12,7,2,16,3,1,9,14,6,4$1.0
428$8,15,5,2,13,10,12,7,2,16,3,1,9,14,6,4$1.0
429$8,15,5,2,13,10,12,7,2,16,3,1,9,14,6,4$1.0
430$8,15,5,2,13,10,12,7,2,16,3,1,9,14,6,4$1.0
431$8,15,5,2,13,10,12,7,2,16,3,1,9,14,6,4$1.0
432$8,15,5,2,13,10,12,7,2,16,3,1,9,14,6,4$1.0
433$8,15,5,1,13,10,12,7,2,16,3,1,9,14,6,4$1.0
434$8,15,5,2,13,10,12,7,2,16,3,1,9,14,6,4$1.0
435$8,15,5,2,13,10,12,7,2,16,3,1,9,14,6,4$1.0
436$8,15,5,2,13,10,12,7,2,16,3,1,9,14,6,4$1.0
437$8,15,5,2,13,10,12,7,2,16,3,1,9,14,6,4$1.0
438$8,15,5,2,13,10,12,7,2,16,3,1,9,14,6,4$1.0
439$8,15,5,2,13,10,12,7,2,16,3,1,9,14,6,4$1.0
440$8,15,5,2,13,10,12,7,2,16,3,1,9,14,6,11$1.0
441$8,15,5,2,13,10,12,7,2,16,3,1,9,14,6,11$1.0
442$8,15,5,2,13,10,12,7,2,16,3,1,9,11,6,4$1.0
443$8,15,5,2,13,10,12,7,2,16,3,1,9,14,6,4$1.0
444$8,15,5,2,13,10,12,7,2,16,3,1,9,11,6,4$1.0
445$8,15,5,2,13,10,12,7,2,16,3,1,9,14,6,4$1.0
446$8,15,5,2,13,10,12,7,2,16,3,1,9,14,6,4$1.0
447$8,15,5,2,13,10,12,7,2,16,3,1,9,11,6,4$1.0
448$8,15,5,2,13,10,12,7,2,16,3,1,9,14,6,4$1.0
449$8,15,5,2,13,10,12,7,2,16,3,1,9,14,6,4$1.0
450$8,15,5,2,13,10,12,7,2,16,3,1,9,14,6,4$1.0
451$8,15,5,2,13,10,12,7,2,16,3,1,9,14,6,4$1.0
452$8,15,5,2,13,10,12,7,2,16,3,1,9,14,6,4$1.0
453$8,15,5,2,13,10,12,7,2,16,3,1,9,14,6,4$1.0
454$8,15,5,2,13,10,12,7,2,16,3,1,9,14,6,4$1.0
455$8,15,5,2,13,10,12,7,3,16,3,1,9,14,6,11$1.0
456$8,15,5,2,13,10,12,7,2,16,3,1,9,14,6,4$1.0
457$8,15,5,2,13,10,12,7,2,16,3,1,9,11,6,4$1.0
458$8,15,5,2,13,10,12,7,2,16,3,1,9,14,6,11$1.0
459$8,15,5,2,13,10,12,7,2,16,3,1,9,14,6,11$1.0
460$8,15,5,2,13,10,12,7,2,16,3,1,9,14,6,11$1.0
461$8,15,5,2,13,10,12,7,2,16,3,1,9,14,6,11$1.0
462$8,15,5,2,13,10,12,7,2,16,3,1,9,11,6,4$1.0
463$8,15,5,2,13,10,12,7,2,16,3,1,9,14,6,11$1.0
464$8,15,5,2,13,10,12,7,2,16,3,1,9,11,6,4$1.0
465$8,15,5,2,13,10,12,7,2,16,3,1,9,11,6,4$1.0
466$8,15,5,2,13,10,12,7,2,16,3,1,9,14,6,4$1.0
467$8,15,5,2,13,10,12,7,2,16,3,1,9,14,6,11$1.0
468$8,15,5,2,13,10,12,7,2,16,3,1,9,14,6,4$1.0
469$8,15,5,2,13,10,12,7,3,16,3,1,9,14,6,4$1.0
470$8,15,5,2,13,10,12,7,3,16,3,1,9,14,6,11$1.0
471$8,15,5,2,13,10,12,7,2,16,3,1,9,11,6,4$1.0
472$8,15,5,2,13,10,12,7,2,16,3,1,9,11,6,4$1.0
473$11,15,5,2,13,10,12,7,2,16,3,1,9,14,6,4$1.0
474$8,15,5,2,13,10,12,7,2,16,3,1,9,14,6,4$1.0
475$8,15,5,2,13,10,12,7,2,16,3,1,9,11,6,4$1.0
476$8,15,5,2,13,10,12,7,2,16,3,1,9,14,6,4$1.0
477$8,15,5,2,13,10,12,7,2,16,3,1,9,11,6,4$1.0
478$8,15,5,2,13,10,12,7,2,16,3,1,9,14,6,4$1.0
479$8,15,5,2,13,10,12,7,2,16,3,1,9,11,6,4$1.0
480$8,15,5,2,13,10,12,7,2,16,3,1,9,14,6,11$1.0
481$8,15,5,2,13,10,12,7,2,16,3,1,9,14,6,4$1.0
482$8,15,5,2,13,10,12,7,2,16,3,1,9,14,6,11$1.0
483$8,15,5,2,13,10,12,7,2,16,3,1,9,14,6,11$1.0
484$8,15,5,2,13,10,12,7,2,16,3,1,9,14,6,4$1.0
485$8,15,5,2,13,10,12,7,2,16,3,1,9,14,6,4$1.0
486$8,15,5,2,13,10,12,7,2,16,3,1,9,14,6,4$1.0
487$8,15,5,2,13,10,12,7,2,16,3,1,9,14,6,4$1.0
488$8,15,5,2,13,10,12,7,2,16,3,1,9,14,6,4$1.0
489$8,15,5,2,13,10,12,7,2,16,3,1,9,14,6,4$1.0
490$8,15,5,2,13,10,12,7,2,16,3,1,9,14,6,4$1.0
491$8,15,5,2,13,10,12,7,2,16,3,1,9,11,6,4$1.0
492$8,15,5,2,13,10,12,7,2,16,3,1,9,14,6,4$1.0
493$8,15,5,2,13,10,12,7,2,16,3,1,9,14,6,4$1.0
494$8,15,5,2,13,10,12,7,2,16,3,1,9,14,6,4$1.0
495$8,15,5,2,13,10,12,7,2,16,3,1,9,14,6,4$1.0
496$8,15,5,2,13,10,12,7,2,16,3,1,9,14,6,4$1.0
497$8,15,5,2,13,10,12,7,2,16,3,1,9,14,6,11$1.0
498$8,15,5,2,13,10,12,7,2,16,3,1,9,14,6,11$1.0
499$8,15,5,2,13,10,12,7,2,16,3,1,9,14,6,4$1.0
500$8,15,5,2,13,10,12,7,2,16,3,1,9,14,6,4$1.0
501$8,15,5,2,13,10,12,7,2,16,3,1,9,11,6,4$1.0
502$8,15,5,2,13,10,12,7,2,16,3,1,9,14,6,4$1.0
503$8,15,5,2,13,10,12,7,2,16,3,1,9,14,6,4$1.0
504$8,15,5,1,13,10,12,7,2,16,3,1,9,14,6,11$1.0
505$8,15,5,2,13,10,12,7,2,16,3,1,9,14,6,4$1.0
506$8,15,5,2,13,10,12,7,2,16,3,1,9,14,6,11$1.0
507$8,15,5,1,13,10,12,7,2,16,3,1,9,14,6,4$1.0
508$8,15,5,2,13,10,12,7,2,16,3,1,9,14,6,4$1.0
509$8,15,5,2,13,10,12,7,2,16,3,1,9,14,6,4$1.0
510$8,15,5,1,13,10,12,7,2,16,3,1,9,14,6,4$1.0
511$8,15,5,1,13,10,12,7,2,16,3,1,9,14,6,4$1.0
512$8,15,5,1,13,10,12,7,2,16,3,1,9,14,6,11$1.0
513$8,15,5,1,13,10,12,7,2,16,3,1,9,14,6,4$1.0
514$8,15,5,2,13,10,12,7,2,16,3,1,9,14,6,4$1.0
515$8,15,5,1,13,10,12,7,2,16,3,1,9,14,6,4$1.0
516$8,15,5,1,13,10,12,7,2,16,3,1,9,14,6,4$1.0
517$8,15,5,1,13,10,12,7,2,16,3,1,9,14,6,4$1.0
518$8,15,5,1,13,10,12,7,2,16,3,1,9,14,6,4$1.0
519$8,15,5,2,13,10,12,7,2,16,3,1,9,14,6,11$1.0
520$8,15,5,1,13,10,12,7,2,16,3,15,9,14,6,4$1.0
521$8,15,5,1,13,10,12,7,2,16,3,1,9,14,6,4$1.0
522$8,15,5,1,13,10,12,7,2,16,3,1,9,14,6,4$1.0
523$8,15,5,1,13,10,12,7,2,16,3,1,9,14,6,4$1.0
524$8,15,5,1,13,10,12,7,2,16,3,1,9,14,6,4$1.0
525$8,15,5,1,13,10,12,7,2,16,3,13,9,14,6,4$1.0
526$8,15,5,1,13,10,12,7,2,16,3,1,9,14,6,4$1.0
527$8,15,5,1,13,10,12,7,2,16,3,1,9,14,6,4$1.0
528$8,15,5,1,13,10,12,7,2,16,3,1,9,14,6,4$1.0
529$8,15,5,1,13,10,12,7,2,16,3,1,9,14,6,11$1.0
530$8,15,5,1,13,10,12,7,2,16,3,1,9,14,6,4$1.0
531$8,15,5,1,13,4,12,7,2,16,3,1,9,14,6,11$1.0
532$8,15,5,1,13,4,12,7,2,16,3,1,9,14,6,11$1.0
533$8,15,5,1,13,10,12,7,2,16,3,1,9,14,6,4$1.0
534$8,15,5,1,13,10,12,7,2,16,3,1,9,14,6,11$1.0
535$8,15,5,1,13,10,12,7,2,16,3,1,9,14,6,11$1.0
536$8,15,5,1,13,10,12,7,2,16,3,1,9,14,6,4$1.0
537$8,15,5,1,13,10,12,7,2,16,3,1,9,14,6,11$1.0
538$8,15,5,1,13,10,12,7,2,16,3,1,11,14,6,4$1.0
539$8,15,5,1,13,10,12,7,2,16,3,1,9,14,6,4$1.0
540$8,15,5,1,13,10,12,7,2,16,3,1,9,14,6,11$1.0
541$8,15,5,1,13,10,12,7,2,16,3,13,9,14,6,4$1.0
542$8,15,5,1,13,10,12,7,2,16,3,1,9,14,6,11$1.0
543$8,15,5,1,13,10,12,7,2,16,3,1,9,14,6,11$1.0
544$8,15,5,1,13,10,12,7,2,16,3,1,9,14,6,11$1.0
545$8,15,5,1,13,10,12,7,2,16,3,1,9,14,6,11$1.0
546$8,15,5,1,13,10,12,7,2,16,3,1,9,14,6,11$1.0
547$8,15,5,1,13,10,12,7,2,16,3,1,9,14,6,4$1.0
548$8,15,5,1,13,10,12,7,2,16,3,1,9,14,6,11$1.0
549$8,15,5,1,13,10,12,7,2,16,3,13,9,14,6,4$1.0
550$8,15,5,1,13,10,12,7,2,16,3,13,9,14,6,4$1.0
551$8,15,5,1,13,10,12,7,2,16,3,13,9,14,6,4$1.0
552$8,15,5,1,13,10,12,7,2,16,3,1,9,14,6,11$1.0
553$8,15,5,1,13,10,12,7,2,16,3,13,9,14,6,4$1.0
554$8,15,5,1,13,10,12,7,2,16,3,1,9,14,6,4$1.0
555$8,15,5,1,13,10,12,7,2,16,3,13,9,14,6,4$1.0
556$8,15,5,1,13,10,12,7,2,16,3,1,9,14,6,4$1.0
557$8,15,5,1,13,10,12,7,2,16,3,13,9,14,6,4$1.0
558$8,15,5,1,13,10,12,7,2,16,3,13,9,14,6,4$1.0
559$8,15,5,1,13,10,12,7,2,16,3,1,9,14,6,4$1.0
560$8,15,5,1,13,10,12,7,2,16,3,1,9,14,6,4$1.0
561$8,15,5,1,13,10,12,7,2,16,3,1,9,14,6,4$1.0
562$8,15,5,1,13,10,12,7,2,16,3,13,9,14,6,4$1.0
563$8,15,5,1,13,10,12,7,2,16,3,13,9,14,6,4$1.0
564$8,15,5,1,13,10,12,7,2,16,3,1,11,9,6,4$1.0
565$8,15,5,1,13,10,12,7,2,16,3,1,9,14,6,4$1.0
566$8,15,5,1,13,10,12,7,2,16,3,1,14,9,6,4$1.0
567$8,15,5,1,13,10,12,7,2,16,3,1,11,14,6,4$1.0
568$11,15,5,1,13,10,12,7,2,16,3,13,9,14,6,4$1.0
569$8,15,5,1,13,10,12,7,2,16,3,1,9,14,6,4$1.0
570$8,15,5,1,13,10,12,7,2,16,3,1,14,9,6,4$1.0
571$11,15,5,1,13,10,12,7,2,16,3,1,9,14,6,4$1.0
572$8,15,5,1,13,10,12,7,2,16,3,1,9,14,6,4$1.0
573$8,15,5,1,13,10,12,7,2,16,3,1,11,14,6,4$1.0
574$8,15,5,1,13,10,12,7,2,16,3,1,9,14,6,4$1.0
575$8,15,5,1,13,10,12,7,2,16,3,1,11,14,6,4$1.0
576$11,15,5,1,13,10,12,7,2,16,3,1,9,14,6,4$1.0
577$11,15,5,1,13,10,12,7,2,16,3,1,9,14,6,4$1.0
578$8,15,5,1,13,10,12,7,2,16,3,1,11,14,6,4$1.0
579$8,15,5,1,13,10,12,7,2,16,3,1,9,14,6,4$1.0
580$8,15,5,1,13,10,12,7,2,16,3,1,9,14,6,4$1.0
581$8,15,5,1,13,10,12,7,2,16,3,1,9,14,6,4$1.0
582$8,15,5,1,13,10,12,7,2,16,3,1,9,14,6,4$1.0
583$8,15,5,1,13,10,12,7,2,16,3,1,9,14,6,4$1.0
584$8,15,5,1,13,10,12,7,2,16,3,1,9,14,6,4$1.0
585$8,15,5,1,13,10,12,7,2,16,3,1,9,14,6,4$1.0
586$8,15,5,1,13,10,12,7,2,16,3,15,9,14,6,4$1.0
587$8,15,5,1,13,10,12,7,2,16,3,1,9,14,6,4$1.0
588$8,15,5,1,13,10,12,7,2,16,3,1,9,14,6,4$1.0
589$8,15,5,1,13,10,12,7,2,16,3,15,9,14,6,4$1.0
590$8,15,5,1,13,10,12,7,2,16,3,1,9,14,6,4$1.0
591$8,15,5,1,13,10,12,7,2,16,3,1,9,14,6,4$1.0
592$8,15,5,1,13,10,12,7,2,16,3,1,9,14,6,4$1.0
593$8,15,5,1,13,10,12,7,2,16,3,1,9,14,6,4$1.0
594$8,15,5,1,13,10,12,7,2,16,3,1,9,14,6,4$1.0
595$8,15,5,1,13,10,12,7,2,16,3,1,9,14,6,4$1.0
596$8,15,5,1,13,10,12,7,2,16,3,15,9,14,6,4$1.0
597$8,15,5,1,13,10,12,7,2,16,3,1,9,14,6,4$1.0
598$8,15,5,1,13,10,12,7,2,16,3,1,9,14,6,4$1.0
599$8,15,5,1,13,10,12,7,2,16,3,1,9,14,6,4$1.0
600$8,15,5,1,13,10,12,7,2,16,3,1,9,14,6,4$1.0
601$8,15,5,1,13,10,12,7,2,16,3,1,9,14,6,4$1.0
602$8,15,5,1,13,10,12,7,2,16,3,15,9,14,6,4$1.0
603$8,15,5,1,13,10,12,7,2,16,3,1,9,14,6,4$1.0
604$8,15,5,1,13,10,12,7,2,16,3,1,9,14,6,4$1.0
605$8,15,5,1,13,10,12,7,2,16,3,1,9,14,6,4$1.0
606$8,15,5,1,13,10,12,7,2,16,3,1,9,14,6,4$1.0
607$8,15,5,1,13,10,12,7,2,16,3,1,11,14,6,4$1.0
608$8,15,5,1,13,10,12,7,2,16,3,1,9,14,6,4$1.0
609$8,15,5,1,13,10,12,7,2,16,3,1,9,14,6,4$1.0
610$8,15,5,1,13,10,12,7,2,16,3,15,9,14,6,4$1.0
611$8,15,5,1,13,10,12,7,2,16,3,1,9,14,6,4$1.0
612$8,15,5,1,13,10,12,7,2,16,3,15,9,14,6,4$1.0
613$8,15,5,1,13,10,12,7,2,16,3,1,9,14,6,4$1.0
614$11,15,5,1,13,10,12,7,2,16,3,1,9,14,6,4$1.0
615$8,15,5,1,13,10,12,7,2,16,3,13,9,14,6,4$1.0
616$8,15,5,1,13,10,12,7,2,16,3,1,9,14,6,4$1.0
617$8,15,5,1,13,10,12,7,2,16,3,15,9,14,6,4$1.0
618$8,15,5,1,13,10,12,7,2,16,3,15,9,14,6,4$1.0
619$8,15,5,1,13,10,12,7,2,16,3,1,9,14,6,4$1.0
620$8,15,5,1,13,10,12,7,2,16,3,15,9,14,6,4$1.0
621$8,15,5,1,13,10,12,7,2,16,3,15,9,14,6,4$1.0
622$8,15,5,1,13,10,12,7,2,16,3,15,9,14,6,4$1.0
623$8,15,5,1,13,10,12,7,2,16,3,1,9,14,6,4$1.0
624$8,15,5,1,13,10,12,7,2,16,3,15,9,14,6,4$1.0
625$16,11,5,1,13,10,12,7,2,16,3,15,9,14,6,4$1.0
626$8,15,5,1,13,10,12,7,2,16,3,15,9,14,6,4$1.0
627$8,15,5,1,13,10,12,7,2,16,3,15,9,14,6,4$1.0
628$8,15,5,1,13,10,12,7,2,16,3,15,9,14,6,4$1.0
629$8,15,5,1,13,10,12,7,2,16,3,1,9,14,6,4$1.0
630$8,15,5,1,13,10,12,7,2,16,3,15,9,14,6,4$1.0
631$8,15,5,1,13,10,12,7,2,16,3,15,9,14,6,4$1.0
632$8,15,5,1,13,10,12,7,2,16,3,13,9,14,6,4$1.0
633$8,15,5,1,13,10,12,7,2,16,3,15,9,14,6,4$1.0
634$8,15,5,1,13,10,12,7,2,16,3,15,9,14,6,4$1.0
635$8,15,5,1,13,10,12,7,2,16,3,15,11,14,6,4$1.0
636$8,15,5,1,13,10,12,7,2,16,3,15,9,14,6,4$1.0
637$8,15,5,1,13,10,12,7,2,16,3,15,9,14,6,4$1.0
638$8,15,5,1,13,10,12,7,2,16,3,15,9,14,6,4$1.0
639$8,15,5,1,13,10,12,7,2,16,3,15,9,14,6,4$1.0
640$8,11,5,1,13,10,12,7,2,16,3,15,9,14,6,4$0.0
640$8,11,5,1,13,10,12,7,2,16,3,15,9,14,6,4$0.0
