50
0$35,1,14,45,40,44,34,38,30,23,23,32,8,5,34,50,31,37,35,27,39,8,6,47,36,11,1,13,46,14,20,8,47,8,43,40,14,2,48,21,23,38,44,13,45,30,35,25,5,28$63.0
0$41,6,14,26,12,40,38,31,7,36,39,25,40,48,9,3,20,43,3,8,28,44,9,42,16,43,16,12,20,34,28,2,32,13,25,43,31,38,20,26,23,1,4,31,1,48,11,30,41,31$76.0
0$23,7,39,50,32,24,31,2,18,44,15,5,21,3,41,26,14,35,45,23,44,15,50,17,25,13,13,34,30,1,36,20,22,4,44,3,31,14,3,9,18,32,42,25,37,48,44,11,21,44$75.0
0$10,34,48,7,24,12,35,28,2,29,2,5,28,25,40,49,8,34,3,8,19,27,47,2,20,26,12,50,2,14,42,39,9,45,21,20,18,18,10,43,31,25,50,25,37,7,1,16,17,13$72.0
0$35,1,14,45,40,44,34,38,30,23,23,32,8,5,34,50,31,37,35,27,39,8,6,47,36,11,1,13,46,14,20,8,47,8,43,40,14,2,48,21,23,38,44,13,45,30,35,25,5,28$63.0
1$13,10,11,35,44,45,9,45,21,28,43,5,9,33,43,10,48,33,27,7,35,38,43,46,42,23,17,1,4,1,6,18,7,17,41,50,38,24,23,2,32,29,34,39,29,6,41,18,44,39$61.0
1$24,50,17,28,41,7,36,14,48,2,40,43,11,19,6,38,48,48,16,48,23,41,41,49,10,34,14,33,31,29,29,9,8,5,22,30,49,24,1,27,48,35,4,26,37,34,28,36,39,14$62.0
1$13,10,11,35,44,45,9,45,21,28,43,5,9,33,43,10,48,33,27,7,35,38,43,46,42,23,17,1,4,1,6,18,7,17,41,50,38,24,23,2,32,29,34,39,29,6,41,18,44,39$61.0
2$24,18,13,38,40,42,5,14,48,2,40,43,11,19,6,38,48,48,16,48,23,41,50,17,38,13,13,34,30,1,36,20,22,4,44,3,31,14,3,9,50,32,42,25,37,49,44,11,21,44$55.0
2$8,32,33,46,38,1,47,12,26,29,15,23,9,33,50,6,42,31,46,42,3,10,2,22,32,31,13,19,11,39,6,50,13,30,43,25,47,2,5,28,9,18,37,7,6,19,2,25,34,3$60.0
2$13,10,11,35,44,45,9,45,21,26,43,5,9,33,43,10,48,33,27,7,35,38,43,46,42,23,17,1,4,1,6,18,7,17,41,50,38,24,23,2,32,29,34,39,29,6,41,36,31,47$58.0
2$24,18,13,38,40,42,5,14,48,2,40,43,11,19,6,38,48,48,16,48,23,41,50,17,38,13,13,34,30,1,36,20,22,4,44,3,31,14,3,9,50,32,42,25,37,49,44,11,21,44$55.0
3$15,39,37,2,9,29,40,10,33,38,4,11,14,17,25,13,26,43,48,36,21,6,3,35,19,22,43,9,1,13,8,24,45,28,25,9,24,43,31,43,38,17,23,30,24,4,21,3,40,36$51.0
3$15,39,37,2,9,29,40,10,33,38,4,11,14,17,25,13,26,43,48,36,21,6,3,35,19,22,43,9,1,13,8,24,45,28,25,9,24,43,31,43,38,17,23,30,24,4,21,3,40,36$51.0
4$15,39,37,2,9,29,40,10,33,38,4,11,14,17,25,13,26,43,48,36,21,6,3,35,19,22,43,9,1,13,8,24,45,28,25,9,24,43,31,43,38,17,23,30,24,4,41,18,44,39$52.0
5$15,39,37,2,9,29,40,10,33,38,4,11,14,17,25,13,26,43,48,36,21,6,3,35,19,22,27,9,1,13,8,24,45,28,25,9,24,43,31,6,38,17,23,39,29,6,41,18,44,39$50.0
5$15,39,37,2,9,29,40,10,33,38,4,11,14,17,25,13,26,43,48,36,21,6,3,35,19,22,27,9,1,13,8,24,45,28,25,9,24,43,31,6,38,17,23,39,29,6,41,18,44,39$50.0
6$15,39,37,2,9,29,40,10,33,38,4,11,14,17,40,13,26,43,48,36,21,6,16,6,19,22,43,9,1,13,8,24,45,28,25,9,24,43,31,43,38,17,23,30,24,4,21,3,40,36$54.0
7$15,39,37,2,9,30,46,4,25,17,46,34,8,11,28,50,27,9,16,48,23,41,41,49,10,34,14,33,30,43,32,20,22,4,44,3,31,14,3,9,50,32,42,25,37,49,31,5,27,10$48.0
7$15,39,37,2,9,30,46,4,25,17,46,34,8,11,28,50,27,9,16,48,23,41,41,49,10,34,14,33,30,43,32,20,22,4,44,3,31,14,3,9,50,32,42,25,37,49,31,5,27,10$48.0
8$41,50,17,33,9,30,15,18,31,2,40,43,11,19,6,38,29,48,16,48,23,41,50,6,38,5,50,34,30,48,36,9,8,5,22,30,1,24,1,27,14,35,4,26,37,34,28,36,39,14$50.0
9$15,39,37,2,9,29,40,10,33,38,4,11,14,17,25,48,26,43,48,36,21,6,40,10,12,33,2,4,7,10,50,19,12,13,9,3,31,23,3,9,50,32,42,25,37,49,44,11,21,44$51.0
10$24,18,13,38,40,1,37,14,48,2,40,43,11,19,6,38,29,48,16,48,23,35,27,30,12,33,2,4,7,33,50,20,22,4,44,3,31,14,3,9,50,32,42,6,37,49,31,5,27,10$45.0
10$24,18,13,38,40,1,37,14,48,2,40,43,11,19,6,38,29,48,16,48,23,35,27,30,12,33,2,4,7,33,50,20,22,4,44,3,31,14,3,9,50,32,42,6,37,49,31,5,27,10$45.0
11$41,50,17,2,9,29,40,10,33,38,4,11,14,17,25,48,26,43,48,36,21,6,40,10,12,33,2,4,7,10,50,19,8,13,9,3,32,49,27,36,9,47,37,7,6,19,2,25,34,3$41.0
11$41,50,17,2,9,29,40,10,33,38,4,11,14,17,25,48,26,43,48,36,21,6,40,10,12,33,2,4,7,10,50,19,8,13,9,3,32,49,27,36,9,47,37,7,6,19,2,25,34,3$41.0
12$15,39,37,47,36,29,40,10,33,38,4,11,14,17,25,48,26,43,48,48,23,35,27,30,8,22,43,9,1,13,8,24,45,28,25,36,32,49,27,28,9,18,37,7,6,19,2,25,34,3$45.0
13$15,49,37,2,9,29,40,10,33,38,4,11,14,17,25,48,26,43,48,36,21,6,40,10,12,33,2,4,7,48,36,9,8,5,22,30,1,24,3,47,50,32,42,25,37,19,2,20,34,3$41.0
14$41,50,17,2,9,29,40,10,33,47,4,11,14,17,6,38,29,49,16,48,23,41,50,40,8,22,43,9,1,13,8,24,45,28,25,36,32,49,27,36,9,47,37,7,6,19,2,25,34,3$37.0
14$15,39,37,2,9,29,40,10,33,38,4,11,14,17,6,38,29,48,16,48,23,41,50,40,8,22,43,9,1,13,8,24,45,28,25,36,32,49,27,36,9,47,37,7,6,19,2,25,34,3$39.0
14$41,50,17,2,9,29,40,10,33,47,4,11,14,17,6,38,29,49,16,48,23,41,50,40,8,22,43,9,1,13,8,24,45,28,25,36,32,49,27,36,9,47,37,7,6,19,2,25,34,3$37.0
15$15,39,37,2,9,29,40,10,35,38,4,11,14,17,25,48,26,43,3,36,21,35,27,30,12,33,2,4,7,45,50,13,22,8,17,8,32,24,27,36,9,47,37,7,6,19,2,25,34,3$26.0
15$15,39,34,2,9,29,40,10,33,38,4,11,14,17,6,46,26,43,48,36,21,35,27,30,12,33,2,4,1,13,8,24,45,28,25,36,32,49,27,36,9,47,37,7,6,19,2,25,34,3$35.0
15$15,39,37,2,9,29,40,10,35,38,4,11,14,17,25,48,26,43,3,36,21,35,27,30,12,33,2,4,7,45,50,13,22,8,17,8,32,24,27,36,9,47,37,7,6,19,2,25,34,3$26.0
16$15,39,37,22,9,12,40,10,35,38,4,11,14,17,25,48,26,43,3,36,21,35,27,30,12,33,2,4,7,45,50,13,22,8,17,8,32,24,27,36,9,47,37,7,6,19,2,25,34,3$30.0
17$15,39,41,6,9,29,40,10,33,38,4,11,14,17,25,48,26,43,3,36,21,35,27,30,12,33,2,4,7,45,50,13,22,8,17,8,32,24,27,36,9,47,37,7,6,19,2,25,34,3$28.0
18$15,39,41,6,1,29,40,10,33,38,4,11,14,17,25,48,26,43,3,36,21,35,27,30,12,33,2,4,7,45,50,13,22,8,17,8,32,24,27,36,9,47,37,7,6,19,2,25,34,3$27.0
19$15,39,37,2,9,29,40,10,35,38,4,11,14,17,25,48,26,43,3,36,21,35,27,30,12,33,2,4,7,45,50,13,22,8,17,8,32,24,27,36,9,47,37,7,6,19,2,25,34,3$26.0
20$15,39,41,6,9,29,40,10,33,38,4,11,14,17,25,48,26,43,3,36,21,35,35,30,12,33,2,4,7,45,50,13,22,8,17,8,32,24,27,36,9,47,37,7,6,19,2,25,34,3$24.0
20$15,39,41,6,9,29,40,10,33,38,4,11,14,17,25,48,26,43,3,36,21,35,35,30,12,33,2,4,7,45,50,13,22,8,17,8,32,24,27,36,9,47,37,7,6,19,2,25,34,3$24.0
21$15,39,37,25,49,29,40,10,35,38,4,11,14,17,6,48,26,43,3,36,21,35,27,30,12,33,2,4,7,45,50,13,22,8,17,8,32,24,27,36,9,47,37,7,6,19,2,25,34,3$24.0
22$15,39,37,25,49,29,40,10,35,38,4,11,14,17,6,48,26,43,3,36,21,35,27,30,12,33,2,4,7,45,50,13,22,8,17,8,32,24,27,36,9,47,37,7,6,19,2,25,34,3$24.0
23$15,39,37,44,49,29,40,10,35,38,4,11,14,17,6,48,26,43,3,36,21,35,10,30,12,33,2,4,7,45,50,13,22,8,17,8,32,24,27,36,9,47,37,7,6,19,2,25,34,3$23.0
23$15,39,37,44,49,29,40,10,35,38,4,11,14,17,6,48,26,43,3,36,21,35,10,30,12,33,2,4,7,45,50,13,22,8,17,8,32,24,27,36,9,47,37,7,6,19,2,25,34,3$23.0
24$15,39,37,2,9,29,40,38,33,38,4,11,14,17,6,48,26,43,3,36,21,35,10,30,12,33,2,4,7,45,50,13,22,8,17,8,32,24,27,36,9,47,37,7,6,19,2,25,34,3$24.0
25$15,39,37,2,9,29,40,10,35,38,4,11,14,17,6,48,26,43,3,36,21,35,27,30,12,33,2,4,7,45,50,13,22,8,17,8,32,24,27,36,9,47,37,7,6,19,2,25,34,3$24.0
26$15,39,37,44,28,29,40,10,35,38,4,11,14,17,6,48,26,43,3,36,21,35,27,30,12,33,2,4,7,45,50,13,22,8,43,8,32,24,27,36,9,47,37,7,6,19,2,25,34,3$23.0
27$15,39,37,2,9,29,40,10,35,38,4,11,14,17,6,48,26,43,3,36,21,35,10,30,12,33,2,4,7,45,50,13,22,8,43,8,32,24,27,36,9,47,37,7,6,19,2,25,34,3$22.0
27$15,39,37,2,9,29,40,10,35,38,4,11,14,17,6,48,26,43,3,36,21,35,10,30,12,33,2,4,7,45,50,13,22,8,43,8,32,24,27,36,9,47,37,7,6,19,2,25,34,3$22.0
28$15,39,37,2,9,29,40,38,33,38,4,11,14,17,6,48,26,43,3,36,21,35,31,30,12,46,2,4,7,45,50,13,22,8,17,8,32,24,27,36,9,47,37,7,6,19,49,25,34,20$20.0
28$15,39,37,2,9,29,40,38,33,38,4,11,14,17,6,48,26,43,3,36,21,35,31,30,12,46,2,4,7,45,50,13,22,8,17,8,32,24,27,36,9,47,37,7,6,19,49,25,34,20$20.0
29$15,39,37,2,9,29,40,10,35,38,4,11,14,17,6,48,26,43,3,49,21,35,33,30,12,46,2,4,7,45,50,13,22,8,17,8,32,24,27,36,9,47,37,7,6,19,2,25,34,3$20.0
30$15,39,37,25,49,29,40,10,29,38,4,11,14,17,6,48,26,43,3,36,21,35,27,30,12,33,2,4,7,45,50,13,22,44,17,8,32,24,27,36,9,47,37,7,6,19,2,25,34,3$19.0
30$15,39,37,25,49,29,40,10,29,38,4,11,14,17,6,48,26,43,3,36,21,35,27,30,12,33,2,4,7,45,50,13,22,44,17,8,32,24,27,36,9,47,37,7,6,19,2,25,34,3$19.0
31$15,39,37,2,9,29,40,10,50,38,4,11,14,17,6,48,26,43,3,49,21,35,33,30,12,46,2,4,7,45,50,13,22,8,17,8,32,24,27,36,9,47,37,7,6,19,2,25,34,3$18.0
31$15,39,37,2,9,29,40,10,50,38,4,11,14,17,6,48,26,43,3,49,21,35,33,30,12,46,2,4,7,45,50,13,22,8,17,8,32,24,27,36,9,47,37,7,6,19,2,25,34,3$18.0
32$15,39,23,2,49,29,40,10,35,38,4,11,14,17,6,48,26,43,3,36,21,35,27,30,12,33,2,4,7,45,50,13,22,44,17,8,32,24,27,36,9,47,37,7,6,19,2,25,34,3$19.0
33$15,39,37,2,9,29,40,10,35,38,4,11,14,17,6,48,26,43,3,36,21,35,10,30,12,33,2,4,7,45,50,13,22,44,17,8,32,24,27,36,9,47,37,7,6,19,2,25,34,3$19.0
34$15,39,37,2,9,29,40,10,35,38,4,11,14,17,6,48,26,43,3,36,21,35,10,30,12,33,2,4,7,45,50,13,22,44,17,8,32,24,27,36,9,47,37,23,6,19,2,25,34,3$16.0
34$15,39,37,2,9,29,40,10,35,38,4,11,14,17,6,48,26,43,3,36,21,35,10,30,12,33,2,4,7,45,50,13,22,44,17,8,32,24,27,36,9,47,37,23,6,19,2,25,34,3$16.0
35$15,39,37,2,9,29,40,10,35,38,4,11,14,17,6,48,26,43,3,49,21,35,33,30,12,33,2,4,7,45,50,13,22,44,17,8,32,24,27,36,9,47,37,23,6,19,2,25,34,3$17.0
36$15,39,37,2,9,29,40,10,35,38,4,11,14,17,6,48,26,43,3,36,21,35,10,30,12,33,2,4,7,45,50,13,22,44,17,8,32,24,27,36,9,47,37,23,6,19,2,25,34,3$16.0
37$15,39,37,2,9,29,40,10,35,38,4,11,14,17,6,48,26,43,3,49,21,35,33,30,12,46,2,4,7,45,50,13,22,44,17,8,32,24,27,36,9,47,37,23,6,19,2,25,34,3$16.0
38$15,39,37,2,9,29,40,10,35,38,4,11,14,17,6,48,26,43,3,49,21,35,33,30,12,46,2,4,7,45,50,13,22,44,17,8,32,24,27,36,9,47,37,23,6,19,2,25,34,3$16.0
39$15,39,37,2,9,29,40,10,35,38,4,11,25,17,6,48,26,43,3,49,21,35,33,30,12,46,2,4,7,41,50,13,22,8,17,8,32,24,27,36,9,47,37,7,1,19,27,25,34,20$16.0
40$15,39,37,2,9,29,40,10,35,38,4,11,14,17,6,48,26,43,3,49,21,35,33,30,12,46,2,4,7,45,50,13,22,44,17,8,32,24,27,36,9,47,37,23,6,19,2,25,34,3$16.0
41$15,39,37,2,9,29,40,10,35,38,4,11,14,17,6,48,26,43,3,49,21,35,33,30,12,46,2,4,7,45,50,13,22,44,17,8,32,24,27,36,9,47,37,23,6,19,2,25,34,3$16.0
42$15,39,37,2,9,29,40,10,16,38,4,11,25,17,6,48,26,43,3,49,21,35,33,30,12,46,2,4,7,45,50,13,22,44,17,8,32,24,27,36,9,47,37,23,6,19,2,25,34,3$14.0
42$15,39,37,2,9,29,40,10,16,38,4,11,25,17,6,48,26,43,3,49,21,35,33,30,12,46,2,4,7,45,50,13,22,44,17,8,32,24,27,36,9,47,37,23,6,19,2,25,34,3$14.0
43$15,39,37,2,9,29,23,10,16,38,4,11,25,17,6,48,26,43,3,49,21,35,33,30,12,46,2,4,7,45,50,13,22,44,17,8,32,24,27,36,9,47,37,23,6,19,2,25,34,20$14.0
44$15,39,37,2,9,29,23,10,16,38,4,11,25,17,6,48,26,43,3,49,21,35,33,30,12,46,2,4,7,45,50,13,22,44,17,8,32,24,27,36,9,47,37,7,1,19,27,25,34,20$12.0
44$15,39,37,2,9,29,23,10,16,38,4,11,25,17,6,48,26,43,3,49,21,35,33,30,12,46,2,4,7,45,50,13,22,44,17,8,32,24,27,36,9,47,37,7,1,19,27,25,34,20$12.0
45$15,39,37,2,9,29,40,10,16,38,4,11,25,17,6,48,26,43,3,49,21,35,33,30,12,46,2,4,7,45,50,13,22,44,17,8,32,24,27,36,9,47,37,7,1,19,27,25,34,20$12.0
46$15,39,37,2,9,29,40,10,16,38,4,11,25,17,6,48,26,43,3,49,21,35,33,30,12,46,2,4,7,45,50,13,22,44,17,8,32,24,27,36,9,47,37,7,1,19,27,25,34,20$12.0
47$15,39,37,2,9,29,40,10,16,38,4,11,25,17,6,48,26,43,3,49,21,35,33,30,12,46,2,4,7,45,50,13,22,44,17,8,32,24,27,36,9,47,37,23,1,19,27,25,34,20$11.0
47$15,39,37,2,9,29,40,10,16,38,4,11,25,17,6,48,26,43,3,49,21,35,33,30,12,46,2,4,7,45,50,13,22,44,17,8,32,24,27,36,9,47,37,23,1,19,27,25,34,20$11.0
48$15,39,37,2,9,29,40,10,16,38,4,11,14,17,6,48,26,43,3,49,21,35,33,30,12,46,2,4,7,45,50,13,22,44,17,8,32,24,27,36,9,47,37,7,1,19,27,25,34,20$11.0
49$15,39,37,2,9,29,40,10,16,38,4,11,14,17,6,48,26,43,3,49,21,35,33,30,12,46,2,4,7,45,50,13,22,44,17,8,32,24,27,36,9,47,37,7,1,19,27,25,34,20$11.0
50$15,39,37,2,9,29,40,10,16,38,4,11,14,17,6,48,26,43,3,49,21,35,33,30,12,46,2,4,7,45,50,13,22,44,17,8,32,24,27,36,9,47,37,7,1,19,27,25,34,20$11.0
51$15,39,37,2,9,29,40,10,16,38,49,11,14,17,6,48,26,43,3,49,21,35,33,30,12,46,2,4,7,41,50,13,22,44,17,8,32,24,27,36,9,47,37,7,1,19,27,25,34,20$11.0
52$15,39,37,2,9,29,40,10,16,38,49,11,14,17,6,48,26,43,3,49,21,35,33,30,12,46,2,4,7,45,50,13,22,44,17,8,32,24,27,36,9,47,37,23,6,19,27,25,34,20$11.0
53$15,39,37,2,9,29,40,10,16,38,49,11,14,17,6,48,26,43,3,49,21,35,33,30,12,46,2,4,7,45,50,13,22,44,17,8,32,24,27,36,9,47,37,23,42,19,27,25,34,20$10.0
53$15,39,37,2,9,29,40,10,16,38,49,11,14,17,6,48,26,43,3,49,21,35,33,30,12,46,2,4,7,45,50,13,22,44,17,8,32,24,27,36,9,47,37,23,42,19,27,25,34,20$10.0
54$15,39,37,2,9,29,40,10,16,38,49,11,14,17,6,48,26,43,3,49,13,35,33,30,12,46,2,4,7,45,50,13,22,44,17,8,45,24,27,36,9,47,37,23,42,19,27,25,34,20$10.0
55$15,39,37,2,9,29,40,10,16,38,4,11,25,17,6,48,26,43,3,49,21,35,33,30,12,46,2,49,7,45,50,13,22,44,17,8,45,24,27,36,9,47,37,23,42,19,27,25,34,20$10.0
56$15,39,37,2,9,29,40,10,16,38,4,11,14,17,6,48,26,43,3,49,21,35,33,30,12,46,2,4,7,45,50,13,22,44,17,8,45,24,27,36,9,47,37,23,42,19,27,25,34,20$9.0
56$15,39,37,2,9,29,40,10,16,38,4,11,14,17,6,48,26,43,3,49,21,35,33,30,12,46,2,4,7,45,50,13,22,44,17,8,45,24,27,36,9,47,37,23,42,19,27,25,34,20$9.0
57$15,39,37,2,9,29,40,10,16,38,4,11,14,17,6,48,26,43,3,49,21,35,33,30,12,46,2,4,7,45,50,13,22,44,17,8,32,24,27,36,9,47,37,23,42,19,27,25,34,20$10.0
58$15,39,37,2,9,29,40,10,16,38,49,11,14,17,6,48,26,43,3,10,21,35,33,30,12,46,6,4,7,45,50,13,22,44,17,8,32,24,27,36,9,47,37,7,1,19,27,25,34,20$9.0
59$15,39,37,2,9,29,40,10,16,38,49,11,14,17,6,48,26,43,3,10,21,35,33,30,12,46,6,4,7,45,50,13,22,44,17,8,32,24,27,36,9,47,37,7,1,19,27,25,34,20$9.0
60$15,39,37,2,9,29,40,10,16,38,49,11,14,17,6,48,26,43,3,10,21,35,33,30,12,46,6,4,7,45,50,13,22,44,17,8,32,24,27,36,9,47,37,7,1,19,27,25,34,20$9.0
61$15,39,37,2,9,29,40,10,16,38,49,11,14,17,6,48,26,43,3,10,21,35,33,30,12,46,6,4,7,45,50,13,22,44,17,8,32,24,27,36,9,47,37,7,1,19,27,25,34,20$9.0
62$15,39,37,2,9,29,40,10,16,38,49,11,14,17,6,48,26,43,3,10,21,35,33,30,12,46,6,4,7,45,50,13,22,44,17,8,32,24,27,36,9,47,37,7,1,19,27,25,34,20$9.0
63$15,39,37,2,9,29,40,10,16,38,49,11,14,17,6,48,26,43,3,10,21,35,33,30,12,46,6,4,7,45,50,13,22,44,17,8,32,24,27,36,9,47,37,7,1,19,27,25,34,20$9.0
64$15,39,37,2,9,29,40,10,16,38,4,11,14,17,6,48,26,43,3,38,21,35,33,30,12,46,2,49,7,45,50,13,22,44,17,8,45,24,27,36,9,47,37,5,42,19,27,25,34,20$9.0
65$15,39,37,2,9,29,40,10,16,38,49,11,14,17,6,48,26,43,3,10,21,35,33,30,12,46,6,4,7,45,50,13,22,44,17,8,45,24,27,36,9,47,37,5,42,19,27,25,34,20$9.0
66$15,39,37,34,9,29,40,10,16,38,49,11,14,17,6,48,26,43,3,10,21,35,33,30,12,46,2,4,7,45,50,13,22,44,17,8,32,24,27,36,9,47,37,7,1,19,27,25,34,20$9.0
67$15,39,37,34,9,29,40,10,16,38,49,11,14,17,6,48,26,43,3,10,21,35,33,30,12,46,2,4,7,45,50,13,22,44,17,8,32,24,27,36,9,47,37,23,42,19,27,25,34,1$8.0
67$15,39,37,34,9,29,40,10,16,38,49,11,14,17,6,48,26,43,3,10,21,35,33,30,12,46,2,4,7,45,50,13,22,44,17,8,32,24,27,36,9,47,37,23,42,19,27,25,34,1$8.0
68$15,39,37,2,9,29,40,10,16,38,49,11,14,17,6,48,26,43,3,10,21,35,33,30,12,46,6,4,7,45,50,13,22,44,17,8,32,24,27,36,9,47,37,7,1,19,27,25,34,20$9.0
69$15,39,37,2,23,29,40,10,16,38,49,11,14,17,6,48,26,43,3,10,21,35,33,30,12,46,6,4,7,45,50,13,22,44,17,8,32,24,27,36,9,47,37,7,1,19,27,25,34,20$8.0
70$15,39,37,2,9,29,40,10,16,38,49,11,14,17,6,48,26,43,3,10,21,35,33,30,12,46,6,4,7,45,50,13,22,44,17,8,32,24,27,36,9,47,37,5,42,19,27,25,34,20$8.0
71$15,39,37,2,9,29,40,10,16,38,49,11,14,17,6,48,26,43,3,10,21,35,33,30,12,46,6,4,7,45,50,13,22,44,17,8,32,24,27,36,9,47,37,5,42,19,27,25,34,20$8.0
72$15,39,37,2,9,29,40,10,16,38,49,11,14,17,6,48,26,43,3,10,21,35,33,30,12,46,1,4,7,45,50,13,22,44,17,8,32,24,27,36,9,47,37,5,42,19,27,25,34,20$7.0
72$15,39,37,2,9,29,40,10,16,38,49,11,14,17,6,48,26,43,3,10,21,35,33,30,12,46,1,4,7,45,50,13,22,44,17,8,32,24,27,36,9,47,37,5,42,19,27,25,34,20$7.0
73$15,39,37,2,9,29,40,10,16,38,49,11,14,17,6,48,26,43,3,10,21,35,33,30,12,46,1,4,7,45,50,13,22,44,17,8,32,24,27,36,9,47,37,5,42,19,27,25,34,20$7.0
74$15,39,37,2,9,29,40,10,16,38,49,11,14,17,6,48,26,43,3,10,21,35,33,30,12,46,6,4,7,45,50,13,22,44,17,8,32,24,27,36,9,47,37,41,1,19,27,25,34,20$8.0
75$15,39,37,2,9,29,40,10,16,38,49,11,14,17,6,48,26,43,3,10,21,35,33,30,12,46,6,4,7,45,50,13,22,44,17,8,32,24,27,36,9,47,37,41,1,19,27,25,34,20$8.0
76$15,39,37,2,9,29,40,10,16,38,49,11,14,17,6,48,26,43,3,10,21,35,33,30,12,46,6,4,7,45,50,13,22,44,17,8,32,24,27,36,9,47,37,41,1,19,27,25,34,20$8.0
77$15,39,37,2,9,29,40,10,16,38,49,11,14,17,6,48,26,43,3,10,21,35,33,30,12,46,6,4,7,45,50,13,22,44,28,8,45,24,27,36,9,47,37,5,42,19,27,25,34,20$8.0
78$15,39,37,2,9,29,40,10,16,38,49,11,14,17,6,48,26,43,3,49,21,35,33,30,12,46,1,4,7,45,50,13,22,44,28,8,45,24,27,36,9,47,37,5,42,19,27,25,34,20$7.0
79$15,39,37,2,9,29,40,10,16,38,49,11,14,17,6,48,26,43,3,49,21,35,33,30,12,46,1,4,7,45,50,13,22,44,28,8,45,24,27,36,9,47,37,5,42,19,27,25,34,20$7.0
80$15,39,37,2,9,29,40,10,16,38,49,11,14,17,6,48,26,43,3,10,21,35,33,30,12,46,1,4,7,45,50,13,22,44,28,8,45,24,27,36,9,47,37,5,42,19,27,25,34,20$7.0
81$15,39,37,2,9,29,40,10,16,38,49,11,14,17,6,48,26,43,3,49,21,35,33,30,12,46,1,4,7,45,50,13,22,44,28,31,16,24,27,36,9,47,37,5,42,19,27,25,34,20$7.0
82$15,39,37,2,9,29,40,10,16,38,49,11,14,17,6,48,12,43,3,49,21,35,33,30,12,46,1,4,7,45,50,13,22,44,28,8,45,24,27,36,9,47,37,5,42,19,27,25,34,20$8.0
83$15,39,37,2,9,29,40,10,16,38,49,11,14,17,6,48,26,43,3,49,21,35,33,30,12,46,1,4,7,45,50,13,22,44,28,8,45,24,27,36,9,47,37,5,42,19,27,25,34,20$7.0
84$15,39,37,2,9,29,40,10,16,38,49,11,14,17,6,48,26,43,3,49,21,35,33,30,12,46,1,4,7,45,50,13,22,44,28,8,45,24,27,36,9,47,37,5,42,19,27,25,34,20$7.0
85$15,39,37,2,9,29,40,10,16,38,49,11,14,17,6,48,26,43,3,49,21,35,33,30,12,46,1,4,7,45,50,13,22,44,28,8,45,24,27,36,9,47,37,5,42,19,27,25,34,20$7.0
86$15,39,37,2,9,29,40,10,16,38,49,11,14,17,6,48,26,43,3,49,21,35,33,30,12,46,1,4,7,45,50,13,22,44,28,8,45,24,27,36,9,47,37,5,42,19,27,25,34,20$7.0
87$15,39,37,2,9,29,40,10,16,38,49,11,14,17,6,48,26,43,3,10,21,35,33,30,12,46,1,4,7,45,50,13,22,44,28,8,45,24,27,36,9,47,37,5,42,19,27,25,34,20$7.0
88$15,39,37,2,9,29,40,10,16,38,49,11,14,17,6,48,26,43,3,49,21,35,33,30,12,46,1,4,7,45,50,13,22,44,28,8,45,24,27,36,9,47,37,5,42,19,27,25,34,20$7.0
89$15,39,37,2,9,29,40,10,16,38,49,11,14,17,6,48,26,43,3,49,21,35,33,30,12,46,1,4,7,45,50,13,22,44,28,8,45,24,27,36,9,47,37,5,42,19,27,25,34,20$7.0
90$15,39,37,2,9,29,40,10,16,38,49,11,14,17,6,48,26,43,3,49,21,35,33,30,12,46,1,4,7,45,50,13,22,44,28,8,45,24,27,36,9,47,37,5,42,19,27,25,34,20$7.0
91$15,39,37,2,41,29,40,10,16,38,49,11,14,17,6,48,26,43,3,10,21,35,33,30,12,46,1,4,7,45,50,13,22,44,28,8,45,24,27,36,9,47,37,5,42,19,27,25,34,20$6.0
91$15,39,37,2,41,29,40,10,16,38,49,11,14,17,6,48,26,43,3,10,21,35,33,30,12,46,1,4,7,45,50,13,22,44,28,8,45,24,27,36,9,47,37,5,42,19,27,25,34,20$6.0
92$15,39,37,2,41,29,40,10,16,38,49,11,14,17,6,48,26,43,3,10,21,35,33,30,12,46,1,4,7,45,50,13,22,50,28,8,45,24,27,36,9,47,37,5,42,19,31,25,34,20$6.0
93$15,39,37,2,41,29,40,10,16,38,49,11,14,17,6,48,26,43,3,10,21,35,33,30,12,46,1,4,7,45,50,13,22,44,28,8,45,24,27,36,9,47,37,5,42,19,27,25,34,20$6.0
94$15,39,37,2,41,29,40,10,16,38,49,11,14,17,6,48,26,43,3,49,21,35,33,30,12,46,1,4,7,45,50,13,22,50,28,8,45,24,27,36,9,47,37,5,42,19,31,25,34,20$6.0
95$15,39,37,2,9,29,40,10,16,38,49,11,14,17,6,48,26,43,3,10,21,35,33,30,12,46,1,4,7,45,50,13,22,50,28,8,45,24,27,36,9,47,37,5,42,19,27,25,34,20$6.0
96$15,39,37,2,9,29,40,10,16,38,49,11,14,17,6,48,26,43,3,10,21,35,33,30,12,46,1,4,7,45,50,13,22,50,28,8,45,24,27,36,9,47,37,5,42,19,27,25,34,20$6.0
97$15,39,37,2,9,29,40,10,16,38,49,11,14,17,6,48,26,43,3,49,21,35,33,30,12,46,1,4,7,45,50,13,22,50,28,8,45,24,27,36,9,47,37,5,42,19,27,25,34,20$6.0
98$15,39,37,2,9,29,40,10,16,38,49,11,14,17,6,48,26,43,3,49,21,35,33,30,12,46,1,4,7,45,50,13,22,50,28,8,45,24,27,36,9,47,37,5,42,19,27,25,34,20$6.0
99$15,39,37,2,41,29,40,10,16,38,49,11,14,17,6,48,26,43,3,49,21,35,33,30,12,46,1,4,7,41,50,13,22,50,28,8,45,24,14,36,9,47,37,5,42,19,27,25,34,20$5.0
99$15,39,37,2,41,29,40,10,16,38,49,11,14,17,6,48,26,43,3,49,21,35,33,30,12,46,1,4,7,41,50,13,22,50,28,8,45,24,14,36,9,47,37,5,42,19,27,25,34,20$5.0
100$15,39,37,2,41,29,40,10,16,38,49,11,14,17,6,48,26,43,3,49,21,35,33,30,12,46,1,4,7,45,50,13,22,50,28,8,45,24,27,36,9,47,37,5,42,19,27,25,34,20$5.0
101$15,39,37,2,41,29,40,10,16,38,49,11,14,17,6,48,26,43,3,49,21,35,33,30,12,46,1,4,7,45,50,13,22,50,28,8,45,24,27,36,9,47,37,5,42,19,27,25,34,20$5.0
102$15,39,37,2,41,29,40,10,16,38,49,11,14,17,6,48,26,43,3,10,21,35,33,30,12,46,1,4,7,45,50,13,22,50,28,8,45,24,14,36,9,47,37,5,42,19,27,25,34,20$5.0
103$15,39,37,2,41,29,40,10,16,38,49,11,14,17,6,48,26,43,3,49,21,35,33,30,12,46,1,4,7,45,50,13,22,50,28,8,45,24,27,36,9,47,37,5,42,19,27,25,34,20$5.0
104$15,39,37,2,41,29,40,10,16,38,49,11,14,17,6,48,26,43,3,49,21,35,33,30,12,46,1,4,7,45,50,13,22,50,28,8,45,24,27,36,9,47,37,5,42,19,27,25,34,20$5.0
105$15,39,37,2,41,29,40,10,16,38,49,11,14,17,6,48,26,43,3,49,21,35,33,30,12,46,1,4,7,45,50,13,22,50,28,8,45,24,14,36,9,47,37,5,42,19,27,25,34,20$5.0
106$15,39,37,2,41,29,40,10,16,38,49,11,14,17,6,48,26,43,3,49,21,35,33,30,12,46,1,4,7,41,50,13,22,50,28,8,45,24,14,36,9,47,37,5,42,19,27,25,34,20$5.0
107$15,39,37,2,41,29,40,10,16,38,49,11,14,17,6,48,26,43,3,49,21,35,33,30,12,46,1,4,7,45,50,13,22,50,28,8,45,24,27,36,9,47,37,5,42,19,27,25,34,20$5.0
108$15,39,37,2,41,29,40,10,16,38,49,11,14,17,6,48,26,43,3,49,21,35,33,30,12,46,1,4,7,41,50,13,22,50,28,8,45,24,27,36,9,47,37,5,42,19,27,25,34,20$5.0
109$15,39,37,2,41,29,40,10,16,38,49,11,14,17,6,48,26,43,3,49,21,35,33,30,12,46,1,4,7,45,50,13,22,50,28,8,45,24,14,36,9,47,37,5,42,19,27,25,34,20$5.0
110$15,39,37,2,41,29,40,10,16,38,49,11,14,17,6,48,26,43,3,49,21,35,33,30,12,46,1,4,7,45,50,13,22,50,28,8,45,24,27,36,9,47,37,5,42,19,27,25,34,20$5.0
111$15,39,37,2,41,29,40,10,16,38,49,11,14,17,6,48,26,43,3,49,21,35,33,30,12,46,1,4,7,45,50,13,22,50,28,8,45,24,27,36,9,47,37,5,42,19,27,25,34,20$5.0
112$15,39,37,2,41,29,40,10,16,38,49,11,14,17,6,48,26,43,3,49,21,35,33,30,12,46,1,4,7,45,50,13,22,50,28,8,45,24,27,36,9,47,37,5,42,19,27,25,34,20$5.0
113$15,39,37,2,41,29,40,10,16,38,49,11,14,17,6,48,26,43,3,49,21,35,33,30,12,46,1,4,7,45,50,13,22,50,28,8,45,24,27,36,9,47,37,5,42,19,27,25,34,20$5.0
114$15,39,37,2,41,29,40,10,16,38,49,11,14,17,6,48,26,43,3,49,21,35,33,30,12,46,1,4,7,45,50,13,22,50,28,8,45,24,27,36,9,47,37,5,42,19,27,25,34,20$5.0
115$15,39,37,2,41,29,40,10,16,38,49,11,14,17,6,48,26,43,3,49,21,35,33,30,12,46,1,4,7,45,50,13,22,50,28,8,45,24,27,36,9,47,37,5,42,19,27,25,34,20$5.0
116$15,39,37,2,41,29,40,10,16,38,49,11,14,17,6,48,26,43,3,49,21,35,33,30,12,46,1,4,7,45,50,13,22,50,28,8,2,24,27,36,9,47,37,5,42,19,27,25,34,20$5.0
117$15,39,37,2,41,29,40,10,16,38,49,11,14,17,6,48,26,43,3,49,21,35,33,30,12,46,1,4,7,45,50,13,22,50,28,8,45,24,27,36,9,47,37,5,42,19,27,25,34,20$5.0
118$15,39,37,2,41,29,40,10,16,38,49,11,14,17,6,48,26,43,3,49,21,35,33,30,12,46,1,4,7,45,50,13,22,50,28,8,2,24,27,36,9,47,37,5,42,19,27,25,34,20$5.0
119$15,39,37,2,41,29,40,10,16,38,49,11,14,17,6,48,26,43,3,49,21,35,33,30,12,46,1,4,7,45,50,13,22,50,28,8,45,24,27,36,9,47,37,5,42,19,27,25,34,20$5.0
120$15,39,37,2,41,29,40,10,16,38,49,11,14,17,6,48,26,43,3,49,21,35,33,30,12,46,1,4,7,45,50,13,22,50,28,8,45,24,27,36,9,47,37,5,42,19,27,25,34,20$5.0
121$15,39,37,2,41,29,40,10,16,38,49,11,14,17,6,48,26,43,3,49,21,35,33,30,12,46,1,4,7,45,50,13,22,50,28,8,45,24,14,36,9,47,37,5,42,19,27,25,34,20$5.0
122$15,39,37,2,41,29,40,10,16,38,49,11,14,17,6,48,26,43,3,49,21,35,33,30,12,46,1,4,7,45,50,13,22,50,28,8,2,24,27,36,9,47,37,5,42,19,27,25,34,20$5.0
123$15,39,37,2,41,29,40,10,16,38,49,11,14,17,6,48,26,43,3,49,21,35,33,30,12,46,1,4,7,45,50,13,22,50,28,8,2,24,27,36,9,47,37,5,42,19,27,25,34,20$5.0
124$15,39,37,2,41,29,40,10,16,38,49,11,14,17,6,48,26,43,3,49,21,35,33,30,12,46,1,4,7,45,50,13,22,50,28,8,45,24,14,36,9,47,37,5,42,19,27,25,34,20$5.0
125$15,39,37,2,41,29,40,10,16,38,49,11,14,17,6,48,26,43,3,49,21,35,33,30,12,46,1,4,7,45,50,13,22,50,28,8,45,24,27,36,9,47,37,5,42,19,27,25,34,20$5.0
126$15,39,37,2,41,29,40,10,16,38,49,11,14,17,6,48,26,43,3,49,21,35,33,30,12,46,1,4,7,45,50,13,22,50,28,8,45,24,27,36,9,47,37,5,42,19,27,25,34,20$5.0
127$15,39,37,2,41,29,40,10,16,38,49,11,14,17,6,48,26,43,3,49,21,35,33,30,12,46,1,4,7,45,50,13,22,50,28,8,2,24,27,36,9,47,37,5,42,19,27,25,34,20$5.0
128$15,39,37,2,41,29,40,10,16,38,49,11,14,17,6,48,26,43,3,49,21,35,33,30,12,46,1,4,7,45,50,13,22,50,28,8,45,24,14,36,9,47,37,5,42,19,27,25,34,20$5.0
129$15,39,37,2,41,29,40,10,16,38,49,11,14,17,6,48,26,43,3,49,21,35,33,30,12,46,1,4,7,45,50,13,22,50,28,8,2,24,27,36,9,47,37,5,42,19,27,25,34,20$5.0
130$15,39,37,2,41,29,40,10,16,38,49,11,14,17,6,48,26,43,3,49,21,35,33,30,12,46,1,4,7,45,50,13,22,50,28,8,45,24,27,36,9,47,37,5,42,19,27,25,34,20$5.0
131$15,39,37,2,41,29,40,10,16,38,49,11,14,17,6,48,26,43,3,49,21,35,33,30,12,46,1,4,7,45,50,13,22,50,28,8,2,24,27,36,9,47,37,5,42,19,27,25,34,20$5.0
132$15,39,37,2,41,29,40,10,16,38,49,11,14,17,6,48,26,43,3,49,21,35,33,30,12,46,1,4,7,45,50,13,22,50,28,8,45,24,14,36,9,47,37,5,42,19,27,25,34,20$5.0
133$15,39,37,2,41,29,40,10,16,38,49,11,14,17,6,48,26,43,3,49,21,35,33,30,12,46,1,4,7,45,50,13,22,50,28,8,45,24,14,36,9,47,37,5,42,19,27,25,34,20$5.0
134$15,39,37,2,41,29,40,10,16,38,49,11,14,17,6,48,26,43,3,49,21,35,33,30,12,46,1,4,7,45,50,13,22,50,28,8,45,24,27,36,9,47,37,5,42,19,27,25,34,20$5.0
135$15,39,37,2,41,29,40,10,16,38,49,11,14,17,6,48,26,43,3,49,21,35,33,30,12,46,1,4,7,45,50,13,22,50,28,8,2,24,27,36,9,47,37,5,42,19,27,25,34,20$5.0
136$15,39,37,2,41,29,40,10,16,38,49,11,14,17,6,48,26,43,3,49,21,35,33,30,12,46,1,4,7,45,50,13,22,50,28,8,2,24,27,36,9,47,37,5,42,19,27,25,34,20$5.0
137$15,39,37,2,41,29,40,10,16,38,49,11,14,17,6,48,26,43,3,49,21,35,33,30,12,46,1,4,7,45,50,13,22,50,28,8,45,24,27,36,9,47,37,5,42,19,27,25,34,20$5.0
138$15,39,37,2,41,29,40,10,16,38,49,11,14,17,6,48,26,43,3,49,21,35,33,30,12,46,1,4,7,45,50,13,22,50,28,8,45,24,27,36,9,47,37,5,42,19,27,25,34,20$5.0
139$15,39,37,2,41,29,40,10,16,38,49,11,14,17,6,48,26,43,3,49,21,35,33,30,12,46,1,4,7,45,50,13,22,50,28,8,2,24,27,36,9,47,37,5,42,19,27,25,34,20$5.0
140$15,39,37,2,41,29,40,10,16,38,49,11,14,17,6,48,26,43,3,49,21,35,33,30,12,46,1,4,7,45,50,13,22,50,28,8,2,24,27,36,9,47,37,5,42,19,27,25,34,20$5.0
141$15,39,37,2,41,29,40,10,16,38,49,11,14,17,6,48,26,43,3,49,21,35,33,30,12,46,1,4,7,45,50,13,22,50,28,8,45,24,27,36,9,47,37,5,42,19,27,25,34,20$5.0
142$15,39,37,2,41,29,40,10,16,38,49,11,14,17,6,48,26,43,3,49,21,35,33,30,12,46,31,4,7,45,50,13,22,50,28,8,45,24,27,36,9,47,37,5,42,19,27,25,34,20$5.0
143$15,39,37,2,41,29,40,10,16,38,49,11,14,17,6,48,26,43,3,49,21,35,33,30,12,46,1,4,7,45,50,13,22,50,28,8,2,24,14,36,9,47,37,5,42,19,27,25,34,20$5.0
144$15,39,37,2,41,29,40,10,16,38,49,11,14,17,6,48,26,43,3,49,21,35,33,30,12,46,1,4,7,45,50,13,22,50,28,8,2,24,27,36,9,47,37,5,42,19,27,25,34,20$5.0
145$15,39,37,2,41,29,40,10,16,38,49,11,14,17,6,48,26,43,3,49,21,35,33,30,12,46,1,4,7,45,50,13,22,50,28,8,45,24,14,36,9,47,37,5,42,19,27,25,34,20$5.0
146$15,39,37,2,41,29,40,10,16,38,49,11,14,17,6,48,26,43,3,49,21,35,33,30,12,46,1,4,7,45,50,13,22,50,28,8,2,24,27,36,9,47,37,5,42,19,27,25,34,20$5.0
147$15,39,37,2,41,29,40,10,16,38,49,11,14,17,6,48,26,43,3,49,21,35,33,30,12,46,1,4,7,45,50,13,22,50,28,8,45,24,14,36,9,47,37,5,42,19,27,25,34,20$5.0
148$15,39,37,2,41,29,40,10,16,38,49,11,14,17,6,48,26,43,3,49,21,35,33,30,12,46,1,4,7,45,50,13,22,50,28,8,2,24,27,36,9,47,37,5,42,19,27,25,34,20$5.0
149$15,39,37,2,41,29,40,10,16,38,49,11,14,17,6,48,26,43,3,49,21,35,33,30,12,46,1,4,7,45,50,13,22,50,28,8,45,24,27,36,9,47,37,5,42,19,27,25,34,20$5.0
150$15,39,37,2,41,29,40,10,16,38,49,11,14,17,6,48,26,43,3,49,21,35,33,30,12,46,1,4,7,45,50,13,22,50,28,8,45,24,27,36,9,47,37,5,42,19,27,25,34,20$5.0
151$15,39,37,2,41,29,40,10,16,38,49,11,14,17,6,48,26,43,3,49,21,35,33,30,12,46,1,4,7,45,50,13,22,50,28,8,45,24,27,36,9,47,37,5,42,19,27,25,34,20$5.0
152$15,39,37,2,41,29,40,10,16,38,49,11,14,17,6,48,26,43,3,49,21,35,33,30,12,46,1,4,7,45,50,13,22,50,28,8,45,24,27,36,9,47,37,5,42,19,27,25,34,20$5.0
153$15,39,37,2,41,29,40,10,16,38,49,11,14,17,6,48,26,43,3,49,21,35,33,30,12,46,1,4,7,45,50,13,22,50,28,8,45,24,14,36,9,47,37,5,42,19,27,25,34,20$5.0
154$15,39,37,2,41,29,40,10,16,38,49,11,14,17,6,48,26,43,3,49,21,35,33,30,12,46,1,4,7,45,50,13,22,50,28,8,45,24,27,36,9,47,37,5,42,19,27,25,34,20$5.0
155$15,39,37,2,41,29,40,10,16,38,49,11,14,17,6,48,26,43,3,49,21,35,33,30,12,46,1,4,7,45,50,13,22,50,28,8,45,24,27,36,9,47,37,5,42,19,27,25,34,20$5.0
156$15,39,37,2,41,29,40,10,16,38,49,11,14,17,6,48,26,43,3,49,21,35,33,30,12,46,1,4,7,41,50,13,22,50,28,8,45,24,27,36,9,47,37,5,42,19,27,25,34,20$5.0
157$15,39,37,2,41,23,40,10,16,38,49,11,14,17,6,48,26,43,3,49,21,35,33,30,12,46,1,4,7,41,50,13,22,50,28,8,45,24,27,36,9,47,37,5,42,19,27,25,34,20$5.0
158$15,39,37,2,41,29,40,10,16,38,49,11,14,17,6,48,26,43,3,49,21,35,33,30,12,46,1,4,7,45,50,13,22,50,28,8,45,24,14,36,9,47,37,5,42,19,27,25,34,20$5.0
159$15,39,37,2,41,29,40,10,16,38,49,11,14,17,6,48,26,43,3,49,21,35,33,30,12,46,1,4,7,45,50,13,22,50,28,8,45,24,14,36,9,47,37,5,42,19,27,25,34,20$5.0
160$15,39,37,2,41,29,40,10,16,38,49,11,14,17,6,48,26,43,3,49,21,35,33,30,12,46,1,4,7,45,50,13,22,50,28,8,45,24,14,36,9,47,37,5,42,19,27,25,34,20$5.0
161$15,39,37,2,41,29,40,10,16,38,49,11,14,17,6,48,26,43,3,49,21,35,33,30,12,46,1,4,7,45,50,13,22,50,28,8,45,24,14,36,9,47,37,5,42,19,27,25,34,20$5.0
162$15,39,37,2,41,29,40,10,16,38,49,11,14,17,6,48,26,43,3,49,21,35,33,30,12,46,1,4,7,45,50,13,22,50,28,8,45,24,27,36,9,47,37,5,42,19,27,25,34,20$5.0
163$15,39,37,2,41,29,40,10,16,38,49,11,14,17,6,48,26,43,3,49,21,35,33,30,12,46,1,4,7,41,50,13,22,50,28,8,45,24,27,36,9,47,37,5,42,19,27,25,34,20$5.0
164$15,39,37,2,41,29,40,10,16,38,49,11,14,17,6,48,26,43,3,49,21,35,33,30,12,46,1,4,7,41,50,13,22,50,28,8,45,24,27,36,9,47,37,5,42,19,27,25,34,20$5.0
165$15,39,37,2,41,29,40,10,16,38,49,11,14,17,6,48,26,43,3,49,21,35,33,30,12,46,1,4,7,45,50,13,22,50,28,8,45,24,27,36,9,47,37,5,42,19,27,25,34,20$5.0
166$15,39,37,2,41,23,40,10,16,38,49,11,14,17,6,48,26,43,3,49,21,35,33,30,12,46,1,4,7,41,50,13,22,50,28,8,45,24,14,36,9,47,37,5,42,19,27,25,34,20$5.0
167$15,39,37,2,41,29,40,10,16,38,49,11,14,17,6,48,26,43,3,49,21,35,33,30,12,46,1,4,7,41,50,13,22,50,28,8,45,24,27,36,9,47,37,5,42,19,27,25,34,20$5.0
168$15,39,37,2,41,23,40,10,16,38,49,11,14,17,6,48,26,43,3,49,21,35,33,30,12,46,1,4,7,41,50,13,22,50,28,8,45,24,14,36,9,47,37,5,42,19,27,25,34,20$5.0
169$15,39,37,2,41,29,40,10,16,38,49,11,14,17,6,48,26,43,3,49,21,35,33,30,12,46,1,4,7,41,50,13,22,50,28,8,45,24,27,36,9,47,37,5,42,19,27,25,34,20$5.0
170$15,39,37,2,41,29,40,10,16,38,49,11,14,17,6,48,26,43,3,49,21,35,33,30,12,46,1,4,7,41,50,13,22,50,28,8,45,24,27,36,9,47,37,5,42,19,27,25,18,20$5.0
171$15,39,37,2,41,23,40,10,16,38,49,11,14,17,6,48,26,43,3,49,21,35,33,30,12,46,1,4,7,41,50,13,22,50,28,8,45,24,27,36,9,47,37,5,42,19,27,25,34,20$5.0
172$15,39,37,2,41,29,40,10,16,38,49,11,14,17,6,48,26,43,3,49,21,35,33,30,12,46,1,4,7,41,50,13,22,50,28,8,45,24,27,36,9,47,37,5,42,19,27,25,34,20$5.0
173$15,39,37,2,41,29,40,10,16,38,49,11,14,17,6,48,26,43,3,49,21,35,33,30,12,46,1,4,7,41,50,13,22,50,28,8,45,24,27,36,9,47,37,5,42,19,27,25,34,20$5.0
174$15,39,37,2,41,23,40,10,16,38,49,11,14,17,6,48,26,43,3,49,21,35,33,30,12,46,1,4,7,41,50,13,22,50,28,8,45,24,27,36,9,47,37,5,42,19,27,25,34,20$5.0
175$15,39,37,2,41,23,40,10,16,38,49,11,14,17,6,48,26,43,3,49,21,35,33,30,12,46,1,4,7,41,50,13,22,50,28,8,45,24,27,36,9,47,37,5,42,19,27,25,34,20$5.0
176$15,39,37,2,41,23,40,10,16,38,49,11,14,17,6,48,26,43,3,49,21,35,33,30,12,46,1,4,7,41,50,13,22,50,28,8,45,24,27,36,9,47,37,5,42,19,27,25,34,20$5.0
177$15,39,37,2,41,29,40,10,16,38,1,11,14,17,6,48,26,43,3,49,21,35,33,30,12,46,1,4,7,41,50,13,22,50,28,8,45,24,27,36,9,47,37,5,42,19,27,25,34,20$5.0
178$15,39,37,2,41,29,40,10,16,38,1,11,14,17,6,48,26,43,3,49,21,35,33,30,12,46,1,4,7,41,50,13,22,50,28,8,45,24,14,36,9,47,37,5,42,19,27,25,34,20$5.0
179$15,39,37,2,41,23,40,10,16,38,49,11,14,17,6,48,26,43,3,49,21,35,33,30,12,46,1,4,7,41,50,13,22,50,28,8,45,24,14,36,9,47,37,5,42,19,27,25,34,20$5.0
180$15,39,37,2,41,23,40,31,16,38,49,11,14,17,6,48,26,43,3,49,21,35,33,30,12,46,1,4,7,41,50,13,22,50,28,8,45,24,27,36,9,47,37,5,42,19,27,25,34,20$5.0
181$15,39,37,31,41,23,40,10,16,38,49,2,14,44,6,48,26,43,3,49,21,35,33,30,12,46,1,4,7,41,50,13,22,50,28,8,45,24,27,36,9,47,37,5,42,19,27,25,34,20$5.0
182$15,39,37,31,41,23,40,10,16,38,1,11,14,17,6,48,26,43,3,49,21,35,33,30,12,46,1,4,7,41,50,13,22,50,28,8,45,24,27,36,9,47,37,5,42,19,27,25,34,20$5.0
183$15,39,37,31,41,23,40,10,16,38,49,2,14,44,6,48,26,43,3,49,21,35,33,30,12,46,1,4,7,41,50,13,22,50,28,8,45,24,27,36,9,47,37,5,42,19,27,25,34,20$5.0
184$15,39,37,31,41,23,40,10,16,38,49,2,14,17,6,48,26,43,3,49,21,35,33,30,12,46,1,4,7,41,50,13,22,50,28,8,45,24,27,36,9,47,37,5,42,19,27,25,34,20$5.0
185$15,39,37,31,41,23,40,10,16,38,1,11,14,44,6,48,26,43,3,49,21,35,33,30,12,46,1,4,7,41,50,13,22,50,28,8,45,24,27,36,9,47,37,5,42,19,27,25,34,20$5.0
186$15,39,37,31,41,23,40,10,16,38,1,11,14,17,6,48,26,43,3,49,21,35,33,30,12,46,1,4,7,41,50,13,22,26,28,8,45,24,27,36,9,47,37,5,42,19,27,25,34,20$5.0
187$15,39,37,31,41,23,40,10,16,38,1,11,14,17,6,48,26,43,3,49,21,35,33,30,12,46,1,4,7,41,50,13,22,50,28,8,45,24,27,36,9,47,37,5,42,19,27,25,34,20$5.0
188$15,39,37,31,41,23,40,10,16,38,1,11,14,44,6,48,26,43,3,49,21,35,33,30,12,46,1,4,7,41,50,13,22,50,28,8,45,24,27,36,9,47,37,5,42,19,27,25,34,20$5.0
189$15,39,37,31,41,23,40,10,16,38,49,2,14,44,6,48,26,43,3,49,21,35,33,30,12,46,1,4,7,41,50,13,22,50,28,8,45,24,27,36,9,47,37,5,42,19,27,25,34,20$5.0
190$15,39,37,31,41,23,40,10,16,38,49,2,14,44,6,48,26,43,3,49,21,35,33,30,12,46,1,4,7,41,50,13,22,50,28,8,45,24,27,36,9,47,37,5,42,19,27,25,34,20$5.0
191$15,39,37,31,41,23,40,10,16,38,1,11,14,17,6,48,26,43,3,49,21,35,33,30,12,46,1,4,7,41,50,13,22,50,28,8,45,24,27,36,9,47,37,5,42,19,27,25,34,20$5.0
192$32,39,37,31,41,23,40,10,16,38,1,11,14,17,6,48,26,43,3,49,21,35,33,30,12,46,1,4,7,41,50,13,22,50,28,8,45,24,14,36,9,47,37,5,42,19,27,25,34,20$5.0
193$15,39,37,31,41,23,40,10,16,38,1,11,14,17,6,48,26,43,3,49,21,35,33,30,12,46,1,4,7,41,50,13,22,50,28,8,45,24,27,36,9,47,37,5,42,19,27,25,34,20$5.0
194$15,39,37,31,41,23,40,10,16,38,1,11,14,17,6,48,26,43,3,49,21,35,33,30,12,46,1,4,7,41,50,13,22,50,28,8,45,24,14,36,9,47,37,5,42,19,27,25,34,20$5.0
195$15,39,37,31,41,23,40,10,16,38,1,11,14,44,6,48,26,43,3,49,21,35,33,30,12,46,1,4,7,41,50,13,22,50,28,8,45,24,14,36,9,47,37,5,42,19,27,25,34,20$5.0
196$15,39,37,31,41,23,40,10,16,38,1,11,14,17,6,48,26,43,3,49,21,35,33,30,12,46,1,4,7,41,50,13,22,50,28,8,45,24,27,36,9,47,37,5,42,19,27,25,34,20$5.0
197$15,39,37,31,41,23,40,10,16,38,49,2,14,17,6,48,26,43,3,49,21,35,33,30,12,46,1,4,7,41,50,13,22,50,28,8,45,24,14,36,9,47,37,5,42,19,27,25,34,20$5.0
198$15,39,37,31,41,23,40,10,16,38,1,11,14,17,6,48,26,43,3,49,21,35,33,30,12,46,1,4,7,41,50,13,22,50,28,8,45,24,14,36,9,47,37,5,42,19,27,25,34,20$5.0
199$15,39,37,31,41,23,40,10,16,38,49,2,14,44,6,48,26,43,3,49,21,35,33,30,12,46,1,4,7,41,50,13,22,50,28,8,45,24,14,36,9,47,37,5,42,19,27,25,34,20$5.0
200$15,39,37,31,41,23,40,10,16,38,1,11,14,44,6,48,26,43,3,49,21,35,33,30,12,46,1,4,7,41,50,13,22,50,28,8,45,24,27,36,9,47,37,5,42,19,27,25,34,20$5.0
201$15,39,37,31,41,23,40,10,16,38,1,11,25,44,6,48,26,43,3,49,21,35,33,30,12,46,1,4,7,41,50,13,22,50,28,8,45,24,14,36,9,47,37,5,42,19,27,25,34,20$5.0
202$15,39,37,31,41,23,40,10,16,38,1,11,25,44,6,48,26,43,3,49,21,35,33,30,12,46,1,4,7,41,50,13,22,50,28,8,45,24,14,36,9,47,37,5,42,19,27,25,34,20$5.0
203$15,39,37,31,41,23,40,10,16,38,1,11,14,44,6,48,26,43,3,49,21,35,33,30,12,46,1,4,7,41,50,13,22,50,28,8,45,24,14,36,9,47,37,5,42,19,27,25,34,20$5.0
204$15,39,37,31,41,23,40,10,16,38,1,11,14,17,6,48,26,43,3,49,21,35,33,30,12,46,1,4,7,41,50,13,22,50,28,8,45,24,27,36,9,47,37,5,42,19,27,25,34,20$5.0
205$15,39,37,31,41,23,40,10,16,38,1,11,14,17,6,48,26,43,3,49,21,35,33,30,12,46,1,4,7,41,50,13,22,50,28,8,45,24,14,36,9,47,37,5,42,19,27,25,34,20$5.0
206$15,39,37,31,41,23,40,10,16,38,1,11,14,44,6,48,26,43,3,49,21,35,33,30,12,46,1,4,7,41,50,13,22,50,28,8,45,24,14,36,9,47,37,5,42,19,27,25,34,20$5.0
207$15,39,37,31,41,23,40,10,16,38,1,11,14,17,6,48,26,43,3,49,21,35,33,30,12,46,31,4,7,41,50,13,22,50,28,8,45,24,27,36,9,47,37,5,42,19,27,25,34,20$5.0
208$15,39,37,31,41,23,40,10,16,38,49,2,14,17,6,48,26,43,3,49,21,35,33,30,12,46,1,4,7,41,50,13,22,50,28,8,45,24,14,36,9,47,37,5,42,19,27,25,34,20$5.0
209$15,39,37,31,41,23,40,10,16,38,49,2,14,17,6,48,26,43,3,49,21,35,33,30,12,46,1,4,7,41,50,13,22,50,28,8,45,24,27,36,9,47,37,5,42,19,27,25,34,20$5.0
210$15,39,37,31,41,23,40,10,16,38,49,2,14,17,6,48,26,43,3,49,21,35,33,30,12,46,1,4,7,41,50,13,22,50,28,8,45,24,27,36,9,47,37,5,42,19,27,25,34,20$5.0
211$15,39,37,31,41,23,40,10,16,38,49,2,14,17,6,48,26,43,3,49,21,35,33,30,12,46,1,4,7,41,50,13,22,50,28,8,45,24,27,36,9,47,37,5,42,19,27,25,34,20$5.0
212$15,39,37,31,41,23,40,10,16,38,1,11,14,44,6,48,26,43,3,49,21,35,33,30,12,46,1,4,7,41,50,13,22,50,28,8,45,24,21,36,9,47,37,5,42,19,27,25,34,20$5.0
213$15,39,37,31,41,23,40,10,16,38,49,2,14,17,6,48,26,43,3,49,21,35,33,30,12,46,1,4,7,41,50,13,22,50,28,8,45,24,27,36,9,47,37,5,42,19,27,25,34,20$5.0
214$15,39,37,31,3,23,40,10,16,38,1,11,14,44,6,48,26,43,3,49,21,35,33,30,12,46,1,4,7,41,50,13,22,50,28,8,45,24,27,36,9,47,37,5,42,19,27,25,34,20$5.0
215$15,39,37,31,41,23,40,10,16,38,1,11,14,44,6,48,26,43,3,49,21,35,33,30,12,46,1,4,7,41,50,13,22,50,28,8,45,24,14,36,9,47,37,5,42,19,27,25,34,20$5.0
216$15,39,37,31,41,23,40,10,16,38,42,11,14,44,6,48,26,43,3,49,21,35,33,30,12,46,1,4,7,41,50,13,22,50,28,8,45,24,27,36,9,47,37,5,42,19,27,25,34,20$5.0
217$15,39,37,31,41,23,40,10,16,38,1,11,14,44,6,48,26,43,3,49,21,35,33,30,12,46,1,4,7,41,50,13,22,50,28,8,45,24,14,36,9,47,37,5,42,19,27,25,34,20$5.0
218$15,39,26,31,3,32,40,10,16,38,42,11,14,44,6,48,35,43,11,49,21,35,33,30,12,46,1,4,7,41,50,13,22,50,28,8,45,24,27,36,9,47,37,5,42,19,27,25,34,20$5.0
219$15,39,37,31,41,23,40,10,16,38,49,2,14,17,6,48,26,43,3,49,21,35,33,30,12,46,1,4,7,41,50,13,22,50,28,8,45,24,14,36,9,47,37,5,42,19,27,25,34,20$5.0
220$15,39,37,31,41,23,40,10,16,38,49,11,14,44,6,48,26,43,3,49,21,35,33,30,12,46,1,4,7,41,50,13,22,50,28,8,45,24,27,36,9,47,37,5,42,19,27,25,34,20$5.0
221$15,39,37,31,41,23,40,10,16,38,49,2,14,17,6,48,26,43,3,49,21,35,33,30,12,46,1,4,7,41,50,13,22,50,28,8,45,24,27,36,9,47,37,5,42,19,27,25,34,20$5.0
222$15,39,37,31,41,23,40,10,16,38,49,11,14,44,6,48,26,43,3,49,21,35,33,30,12,46,1,4,7,41,50,13,22,50,28,8,45,24,14,36,9,47,37,5,42,19,27,25,34,20$5.0
223$15,39,37,31,41,23,40,10,16,38,49,2,14,17,6,48,26,43,3,49,21,35,33,30,12,46,1,4,7,41,50,13,22,50,28,8,45,24,14,36,9,47,37,5,42,19,27,25,34,20$5.0
224$15,39,37,31,41,23,40,10,16,38,49,2,14,17,6,48,26,43,3,49,21,35,33,30,12,46,1,4,7,41,50,13,22,50,28,8,45,24,14,36,9,47,37,5,42,19,27,25,34,20$5.0
225$15,39,37,31,41,23,40,10,16,38,49,2,14,17,6,48,26,43,3,49,21,35,33,30,12,46,1,4,7,41,50,13,22,50,28,8,45,24,27,36,9,47,35,5,42,19,27,25,34,20$5.0
226$15,39,37,31,41,23,40,10,16,38,1,11,14,17,6,48,26,43,3,49,21,35,33,30,12,46,1,4,7,41,50,13,22,50,28,8,45,24,27,36,9,47,37,5,42,19,27,25,34,20$5.0
227$15,39,26,31,3,32,40,10,16,38,1,11,14,44,6,48,29,43,3,49,21,35,33,30,12,46,1,4,7,41,50,13,22,50,28,8,45,24,14,36,9,47,37,5,42,19,27,25,34,20$4.0
227$15,39,26,31,3,32,40,10,16,38,1,11,14,44,6,48,29,43,3,49,21,35,33,30,12,46,1,4,7,41,50,13,22,50,28,8,45,24,14,36,9,47,37,5,42,19,27,25,34,20$4.0
228$15,39,26,31,3,32,40,10,16,38,1,11,14,44,6,48,26,43,3,49,21,35,33,30,12,46,1,4,7,41,50,13,22,50,28,8,45,24,14,36,9,47,37,5,42,19,27,25,34,20$5.0
229$15,39,26,31,3,32,40,10,16,38,1,11,14,44,6,48,26,43,3,49,21,35,33,30,12,46,1,4,7,41,50,13,22,50,28,8,45,24,14,36,9,47,37,5,42,19,27,25,34,20$5.0
230$15,39,26,31,3,32,40,10,16,38,1,11,14,44,6,48,26,43,3,49,21,35,33,30,12,46,1,4,7,41,50,13,22,50,28,8,45,24,14,36,9,47,37,5,42,19,27,25,34,20$5.0
231$15,39,37,31,41,23,40,10,16,38,49,2,14,17,6,48,26,43,3,49,21,35,33,30,12,46,1,4,7,41,50,13,22,50,28,8,45,24,14,36,9,47,37,5,42,19,27,25,34,20$5.0
232$15,39,37,31,41,23,40,10,16,38,49,2,14,17,6,48,26,43,3,49,21,35,33,30,12,46,1,4,7,41,50,13,22,50,28,8,45,24,27,36,9,47,35,5,42,19,27,25,34,20$5.0
233$15,39,37,31,29,23,40,10,16,38,1,11,14,44,6,48,26,43,3,49,21,35,33,30,12,46,1,4,7,41,50,13,22,50,28,8,45,24,14,36,9,47,37,5,42,19,27,25,34,20$4.0
234$15,39,37,31,41,23,40,10,16,38,49,2,14,44,6,48,26,43,3,49,21,35,33,30,12,46,1,4,7,41,50,13,22,50,28,8,45,24,27,36,9,47,35,5,42,19,27,25,34,20$5.0
235$15,39,37,31,29,23,40,10,16,38,49,2,14,17,6,48,26,43,3,49,21,35,33,30,12,46,1,4,7,41,50,13,22,50,28,8,45,24,14,36,9,47,37,5,42,19,27,25,34,20$4.0
236$15,39,21,31,41,23,40,10,16,38,49,11,14,17,6,48,26,43,3,49,21,35,33,30,12,46,1,4,7,41,50,13,22,50,28,8,45,24,14,36,9,47,37,5,42,19,27,25,34,20$5.0
237$15,39,37,31,29,23,40,10,16,38,49,2,14,17,6,48,26,43,3,49,21,35,33,30,12,46,1,4,7,41,50,13,22,50,28,8,45,24,27,36,9,47,37,5,42,19,27,25,34,20$4.0
238$15,39,37,31,41,23,40,10,16,38,1,11,14,44,18,48,26,43,3,49,21,35,33,30,12,46,1,4,7,41,50,13,22,50,28,8,45,24,14,36,9,47,37,5,42,19,27,25,34,20$5.0
239$15,39,37,31,29,23,40,10,16,38,49,11,14,17,6,48,26,43,3,49,21,35,33,30,12,46,1,4,7,41,50,13,22,50,28,8,45,24,14,36,9,47,37,5,42,19,27,25,34,20$4.0
240$15,39,37,31,41,23,40,10,16,38,49,11,14,17,6,48,26,43,3,49,21,35,33,30,12,46,1,4,7,41,50,13,22,50,28,8,45,24,14,36,9,47,37,5,42,19,27,25,34,20$5.0
241$15,39,37,31,29,23,40,10,16,38,49,2,14,17,6,48,29,43,3,49,21,35,33,30,12,46,1,4,7,41,50,13,22,50,28,8,45,24,14,36,9,47,37,5,42,19,27,25,34,20$5.0
242$15,39,37,31,29,23,40,10,16,38,49,11,14,17,6,48,26,43,3,49,21,35,33,30,12,46,1,4,7,41,50,13,22,50,28,8,45,24,14,36,9,47,37,5,42,19,27,25,34,20$4.0
243$15,39,21,31,29,23,40,10,16,38,49,11,14,17,6,48,26,43,3,49,21,35,33,30,12,46,1,4,7,41,50,13,22,50,28,8,45,24,14,36,9,47,37,5,42,19,27,25,34,20$4.0
244$15,39,37,31,29,23,40,10,16,38,49,11,14,17,6,48,26,43,3,49,21,35,33,30,12,46,1,4,7,41,50,13,22,50,28,8,45,24,14,36,9,47,37,5,42,19,27,25,34,20$4.0
245$15,39,37,31,29,23,40,10,16,38,49,11,14,17,6,48,26,43,3,49,21,35,33,30,12,46,1,4,7,41,50,13,22,50,28,8,45,24,14,36,9,47,37,5,42,19,27,25,34,20$4.0
246$15,39,37,31,29,23,40,10,16,38,49,2,14,17,6,48,26,43,3,49,21,35,33,30,12,46,1,4,7,41,50,13,22,50,28,8,45,24,14,36,9,47,37,5,42,19,27,25,34,20$4.0
247$15,39,37,31,29,23,40,10,16,38,49,2,14,17,6,48,26,43,3,49,21,35,33,30,12,46,1,4,7,41,50,13,22,50,28,8,45,24,14,36,9,47,37,5,42,19,27,25,34,20$4.0
248$15,39,37,31,29,23,40,10,16,38,49,11,14,17,6,48,26,43,3,49,21,35,33,30,12,46,39,4,7,41,50,13,22,50,28,8,45,24,14,36,9,47,37,5,42,19,27,25,34,20$5.0
249$15,39,37,31,29,23,40,10,16,38,49,2,14,17,6,48,26,43,3,49,21,35,33,30,12,46,1,4,7,41,50,13,22,50,28,8,45,24,14,36,9,47,37,5,42,19,27,25,34,20$4.0
250$15,39,37,31,29,23,40,10,16,38,49,2,14,17,6,48,26,43,3,49,21,35,33,30,12,46,1,4,7,41,50,13,22,50,28,8,45,24,14,36,9,47,37,5,42,19,27,25,34,20$4.0
251$15,39,37,31,29,23,40,10,16,38,49,2,14,17,6,48,26,43,3,49,21,35,33,30,12,46,1,4,7,41,50,13,22,50,28,8,45,24,14,36,9,47,37,5,42,19,27,25,34,20$4.0
252$15,39,37,31,29,23,40,10,16,38,49,2,14,17,6,48,26,43,3,49,21,35,33,30,12,46,1,4,7,41,50,13,22,50,28,8,45,24,14,36,9,47,37,5,42,19,27,25,34,20$4.0
253$15,39,37,31,29,23,40,10,16,38,49,2,14,17,6,48,26,43,3,49,21,35,33,30,12,46,1,4,7,41,50,13,22,50,28,8,45,24,14,36,9,47,37,5,42,19,27,25,34,20$4.0
254$15,39,37,31,29,23,40,10,16,38,49,2,14,17,6,48,26,43,11,49,21,35,33,30,12,46,1,4,7,41,50,13,22,50,28,8,45,24,14,36,9,47,37,5,42,19,27,25,34,20$4.0
255$15,39,37,31,29,23,40,10,16,38,49,2,14,17,6,48,26,43,3,49,21,35,33,30,12,46,1,4,7,41,50,13,22,50,28,8,45,24,27,36,9,47,37,5,42,19,27,25,34,20$4.0
256$15,39,37,31,29,23,40,10,16,38,49,2,14,17,6,48,26,43,3,49,21,35,33,30,12,46,1,4,7,41,50,13,22,50,28,8,45,24,14,36,9,47,37,5,42,19,27,25,34,20$4.0
257$15,39,37,31,29,23,40,10,16,38,49,2,14,17,6,48,26,43,3,49,21,35,33,30,12,46,1,4,7,41,50,13,22,50,28,8,45,24,14,36,9,47,37,5,42,19,27,25,34,20$4.0
258$15,39,37,31,29,23,40,10,16,38,49,2,14,17,6,48,26,43,3,49,21,35,33,30,12,46,1,4,7,41,50,13,22,50,28,8,45,24,14,36,9,47,37,5,42,19,27,25,34,20$4.0
259$15,39,37,31,29,23,40,10,16,38,49,2,14,17,6,48,26,43,3,49,21,35,33,30,12,46,1,4,7,41,50,13,22,50,28,8,45,24,14,36,9,47,37,5,42,19,27,25,34,20$4.0
260$15,39,37,31,29,23,40,10,16,38,49,2,14,17,6,48,26,43,3,49,21,35,33,30,12,46,1,4,7,41,50,13,22,50,28,8,45,24,14,36,9,47,37,5,42,19,27,25,34,20$4.0
261$15,39,37,31,29,23,40,10,16,38,49,2,14,17,6,48,26,43,3,49,21,35,33,30,12,46,1,4,7,41,50,13,22,50,28,8,45,24,14,36,9,47,37,5,42,19,27,25,34,20$4.0
262$15,39,37,31,29,23,40,10,16,38,49,2,14,17,6,48,26,43,3,49,21,35,33,30,12,46,1,4,7,41,50,13,22,50,28,8,45,24,14,36,9,47,37,5,42,19,27,25,34,20$4.0
263$15,39,37,31,29,23,40,10,16,38,49,2,14,17,6,48,26,43,3,49,21,35,33,30,12,46,1,4,7,41,50,13,22,50,28,8,45,24,14,36,9,47,37,5,42,19,27,25,34,20$4.0
264$15,39,37,31,29,23,40,10,16,38,49,2,14,17,6,48,26,43,3,49,21,35,33,30,12,46,1,4,7,41,50,13,22,50,28,8,45,24,14,36,9,47,37,5,42,19,27,25,34,20$4.0
265$15,39,37,31,29,23,40,10,16,38,49,2,14,17,6,48,26,43,3,49,21,35,33,30,12,46,1,4,7,41,50,13,22,50,28,8,45,24,14,36,9,47,37,5,42,19,27,25,34,20$4.0
266$15,39,37,31,29,23,40,10,16,38,49,2,14,17,6,48,26,43,3,49,21,35,33,30,12,46,1,4,7,41,50,13,22,50,28,8,45,24,14,36,9,47,37,5,42,19,27,25,34,20$4.0
267$15,39,37,31,29,23,40,10,16,38,49,2,14,17,6,48,26,43,3,49,21,35,33,30,12,46,1,4,7,41,50,13,22,50,28,8,45,24,14,36,9,47,37,5,42,19,27,25,34,20$4.0
268$15,39,37,31,29,23,40,10,16,38,49,2,14,17,6,48,26,43,3,49,21,35,33,30,12,46,1,4,7,41,50,13,22,50,28,8,45,24,14,36,9,47,37,5,42,19,27,25,34,20$4.0
269$15,39,37,31,29,23,40,10,16,38,49,2,14,17,6,48,26,43,3,49,21,35,33,30,12,46,1,4,7,41,50,13,22,50,28,8,45,24,14,36,9,47,37,5,42,19,27,25,34,20$4.0
270$15,39,37,31,29,23,40,10,16,38,49,2,14,17,6,48,26,43,3,49,21,35,33,30,12,46,1,4,7,41,50,13,22,33,28,8,45,24,14,36,9,47,37,5,42,19,27,25,34,20$4.0
271$15,39,37,31,29,23,40,10,16,38,49,2,14,17,6,48,26,43,3,49,21,35,33,30,12,46,1,4,7,41,50,13,22,50,28,8,45,24,14,36,9,47,37,5,42,19,27,25,34,20$4.0
272$15,39,37,31,29,23,40,10,16,38,49,2,14,17,6,48,26,43,3,49,21,35,33,30,12,46,1,4,7,41,50,13,22,50,28,8,45,24,14,36,9,47,37,5,42,19,27,25,34,20$4.0
273$15,39,37,31,29,23,40,10,16,38,49,2,14,17,6,48,26,43,3,49,21,35,33,30,12,46,1,4,7,41,50,13,22,50,28,8,45,24,14,36,9,47,37,5,42,19,27,25,34,20$4.0
274$15,39,37,31,29,23,40,10,16,38,41,2,14,17,6,48,26,43,3,49,21,35,33,30,12,46,1,4,7,41,50,13,22,50,28,8,45,24,14,36,9,47,37,5,42,19,27,25,34,20$4.0
275$15,39,37,31,29,23,40,10,16,38,49,11,14,17,6,48,26,43,3,49,21,35,33,30,12,46,1,4,7,41,50,13,22,50,28,8,45,24,14,36,9,47,37,5,42,19,27,25,34,20$4.0
276$15,39,37,31,29,23,40,10,16,38,49,2,14,17,6,48,26,43,3,49,21,44,33,30,12,46,1,4,7,41,50,13,22,50,28,8,45,24,14,36,9,47,37,5,42,19,27,25,34,20$4.0
277$15,39,37,31,29,23,40,10,16,38,49,2,14,17,6,48,26,43,3,49,21,35,33,30,12,46,1,4,7,41,50,13,22,50,28,8,45,24,38,36,9,47,37,5,42,19,27,25,34,20$4.0
278$15,39,37,31,29,23,40,10,16,38,49,11,14,17,6,48,26,43,3,49,21,35,33,30,12,46,1,4,7,41,50,13,22,50,28,8,45,24,14,36,9,47,37,5,42,19,27,25,34,20$4.0
279$15,39,37,31,29,23,40,10,16,38,49,11,14,17,6,48,26,43,3,49,21,35,33,30,12,46,1,4,7,41,50,13,22,50,28,8,45,24,14,36,9,47,37,5,42,19,27,25,34,20$4.0
280$15,39,37,31,29,23,40,10,16,38,49,2,14,17,6,48,26,43,3,49,21,35,33,30,12,46,1,4,7,41,50,13,22,50,28,8,45,24,14,36,9,47,37,5,42,19,27,25,34,20$4.0
281$15,39,43,31,29,23,40,10,16,38,49,2,14,17,6,48,26,43,3,49,21,35,33,30,12,46,1,4,7,41,50,13,22,50,28,8,45,24,14,36,9,47,37,5,42,19,27,25,34,20$4.0
282$15,39,37,31,29,23,40,10,16,38,49,2,14,17,6,48,26,43,3,49,21,35,33,30,12,46,1,4,7,41,50,13,22,50,28,8,45,24,14,36,9,47,37,5,42,19,27,25,34,20$4.0
283$15,39,37,31,29,23,40,10,16,38,41,2,14,17,6,48,26,43,3,49,21,35,33,30,12,46,1,4,7,41,50,13,22,50,28,8,45,24,14,36,9,47,37,5,42,19,27,25,34,20$4.0
284$15,39,37,31,29,23,40,10,16,38,49,2,14,17,6,48,26,43,3,49,21,35,33,30,12,46,1,4,7,41,50,13,22,50,28,8,45,24,14,36,9,47,37,5,42,19,27,25,34,20$4.0
285$15,39,43,31,29,23,40,10,16,38,49,2,14,17,6,48,26,43,3,49,21,35,33,30,12,46,1,4,7,41,50,13,22,50,28,8,45,24,14,36,9,47,37,5,42,19,27,25,34,20$4.0
286$15,39,43,31,29,23,40,10,16,38,49,2,14,17,6,48,26,43,3,49,21,35,33,30,12,46,1,4,7,41,50,13,22,50,28,8,45,24,14,36,9,47,37,5,42,19,27,25,34,20$4.0
287$15,39,37,31,29,23,40,10,16,38,49,2,14,17,6,48,26,43,3,49,21,35,33,30,12,46,1,4,7,41,50,13,22,50,28,8,45,24,14,36,9,47,37,5,42,19,27,25,34,20$4.0
288$15,39,37,31,29,23,40,10,16,38,49,2,14,17,6,48,26,43,3,49,21,35,33,30,12,46,1,4,7,41,50,13,22,50,28,8,45,24,14,36,9,47,37,5,42,19,27,25,34,20$4.0
289$15,39,43,31,29,23,40,10,16,38,49,2,14,17,6,48,26,43,3,49,21,35,33,30,12,46,1,4,7,41,50,13,22,50,28,8,45,24,14,36,9,47,37,5,42,19,27,25,34,20$4.0
290$15,39,37,31,29,23,40,10,16,38,49,2,14,17,6,48,26,43,3,49,21,35,33,30,12,46,1,11,7,41,50,13,22,50,28,8,45,24,14,36,9,47,37,5,42,19,27,25,34,20$4.0
291$15,39,37,31,29,23,40,10,16,38,49,2,14,17,6,48,26,43,3,49,21,35,33,30,12,46,1,4,7,41,50,13,22,50,28,8,45,24,14,36,9,47,37,5,42,19,27,25,34,20$4.0
292$15,39,37,31,29,23,40,10,16,38,49,2,14,17,6,48,26,43,3,49,21,35,33,30,12,46,1,4,7,41,50,13,22,50,28,8,45,24,14,36,9,47,47,5,42,19,27,25,34,20$4.0
293$15,39,37,31,29,23,40,10,16,38,49,2,14,17,6,48,26,43,3,49,21,35,33,30,12,46,1,4,7,41,50,13,22,50,28,8,45,24,14,36,9,47,37,5,42,19,27,25,34,20$4.0
294$15,39,37,31,29,23,40,10,16,38,49,2,14,17,6,48,26,43,3,49,21,35,33,30,12,46,1,4,7,41,50,13,22,50,28,8,45,24,14,36,9,47,37,5,42,19,27,25,34,20$4.0
295$15,39,43,31,29,23,40,10,16,38,49,2,14,17,6,48,26,43,3,49,21,35,33,30,12,46,1,4,7,41,50,13,22,50,28,8,45,24,14,36,9,47,37,5,42,19,27,25,34,20$4.0
296$15,39,37,31,29,23,40,10,16,38,49,2,14,17,6,48,26,43,3,49,21,35,33,30,12,46,1,4,7,41,50,13,22,50,28,8,45,24,14,36,9,47,37,5,42,19,27,25,34,20$4.0
297$15,39,37,31,29,23,40,10,16,38,49,2,14,17,6,48,26,43,3,49,21,35,33,30,12,46,1,4,7,41,50,13,22,50,28,8,45,24,14,36,9,47,37,5,42,19,27,25,34,20$4.0
298$15,39,37,31,29,23,40,10,16,38,49,2,14,17,6,48,26,43,3,49,21,35,33,30,12,46,1,4,7,41,50,13,22,50,28,8,45,24,14,36,9,47,37,5,42,19,27,25,34,20$4.0
299$15,39,37,31,29,23,40,10,16,38,49,2,14,17,6,48,26,43,3,49,21,35,33,30,12,46,1,4,7,41,50,13,22,50,28,8,45,24,14,36,9,47,37,5,42,19,27,25,34,20$4.0
300$15,39,37,31,29,23,40,10,16,38,49,2,14,17,6,48,26,43,3,49,21,44,33,30,12,46,1,4,7,41,50,13,22,50,28,8,45,24,14,36,9,47,37,5,42,19,27,25,34,20$4.0
301$15,39,37,31,29,23,40,10,16,38,49,2,11,17,6,48,26,43,3,49,21,35,33,30,12,46,1,4,7,41,50,13,22,50,28,8,45,24,14,36,9,47,37,5,42,19,27,25,34,20$3.0
301$15,39,37,31,29,23,40,10,16,38,49,2,11,17,6,48,26,43,3,49,21,35,33,30,12,46,1,4,7,41,50,13,22,50,28,8,45,24,14,36,9,47,37,5,42,19,27,25,34,20$3.0
302$15,39,7,31,29,23,40,10,16,38,49,2,14,17,6,48,26,43,3,49,21,44,33,30,12,46,1,4,7,41,50,13,22,50,28,8,45,24,14,36,9,47,37,5,42,19,27,25,34,20$4.0
303$15,39,43,31,29,23,40,10,16,38,49,2,14,17,6,48,26,43,3,49,21,35,33,30,12,46,1,4,7,41,50,13,22,50,28,8,45,24,14,36,9,47,37,5,42,19,27,25,34,20$4.0
304$15,39,37,31,29,23,40,10,16,38,49,2,14,17,6,48,26,43,3,49,21,35,33,30,12,46,1,4,7,41,50,13,22,50,28,8,45,24,14,36,9,47,37,5,42,19,11,25,34,20$4.0
305$15,39,37,31,29,23,40,10,16,38,49,2,11,17,6,48,26,43,3,49,21,35,33,30,12,46,1,4,7,41,50,13,22,50,28,8,45,24,14,36,9,47,37,5,42,19,27,25,34,20$3.0
306$15,39,37,31,29,23,40,10,16,38,49,2,14,17,6,48,26,43,3,49,21,35,33,30,12,46,1,4,7,41,50,13,22,50,28,8,45,24,14,36,9,47,37,5,42,19,27,25,34,20$4.0
307$15,39,37,31,29,23,40,10,16,38,49,2,14,17,6,48,26,43,3,49,21,35,33,30,12,46,1,4,7,41,50,13,22,50,28,8,45,24,14,36,9,47,37,5,42,19,27,25,34,20$4.0
308$15,39,43,31,29,23,40,10,16,38,49,2,14,17,6,48,26,43,3,49,21,35,33,30,12,46,1,4,7,41,50,13,22,50,28,8,45,24,14,36,9,47,37,5,42,19,27,25,34,20$4.0
309$15,39,43,31,29,23,40,10,16,38,49,2,14,17,6,48,26,43,3,49,21,35,33,30,12,46,1,4,7,41,50,13,22,50,28,8,45,24,14,36,9,47,37,5,42,19,11,25,34,20$4.0
310$15,39,37,31,29,23,40,10,16,38,49,2,14,17,6,48,26,43,3,49,21,35,33,30,12,46,1,4,7,41,50,13,22,50,28,8,45,24,14,36,9,47,37,5,42,19,11,25,34,20$4.0
311$15,39,37,31,29,23,40,10,16,38,41,2,14,17,6,48,26,43,3,49,21,35,33,30,12,46,1,4,7,41,50,13,22,50,28,8,45,24,14,36,9,47,37,5,42,19,11,25,34,20$4.0
312$15,39,37,31,29,23,40,10,16,38,49,2,14,17,6,48,26,43,3,49,21,35,33,30,12,46,1,4,7,41,50,13,22,50,28,8,45,24,14,36,9,47,37,5,42,19,27,25,34,20$4.0
313$15,39,37,31,29,23,40,10,16,38,49,2,14,17,6,48,26,43,3,49,21,35,33,30,12,46,1,4,7,41,50,13,22,50,28,8,45,24,14,36,9,47,37,5,42,19,27,25,34,20$4.0
314$15,39,37,31,29,23,40,10,16,38,49,2,14,17,6,48,26,43,3,49,21,35,33,30,12,46,1,4,7,41,50,13,22,50,28,8,45,24,14,36,9,47,37,5,42,19,11,25,34,20$4.0
315$15,39,37,31,29,23,40,10,16,38,49,2,14,17,6,48,26,43,3,49,21,35,33,30,12,46,1,4,7,41,50,13,22,50,28,8,45,24,14,36,9,47,37,5,42,19,27,25,34,20$4.0
316$15,39,37,31,29,23,40,10,16,38,49,2,14,17,6,48,26,43,3,49,21,35,33,30,12,46,1,11,7,41,50,13,22,50,28,8,45,24,14,36,9,47,37,5,42,19,27,25,34,20$4.0
317$15,39,37,31,29,23,40,10,16,38,49,2,14,17,6,48,26,43,3,49,21,35,33,30,12,46,1,11,7,41,50,13,22,50,28,8,45,24,14,36,9,47,37,5,42,19,27,25,34,20$4.0
318$15,39,37,31,29,23,40,10,16,38,49,2,14,17,6,48,26,43,3,49,21,35,33,30,12,46,1,4,7,41,50,13,22,50,28,8,45,24,14,36,9,47,37,5,42,19,27,25,44,20$4.0
319$15,39,37,31,29,23,40,10,16,38,49,2,14,17,6,48,26,43,3,49,21,35,33,30,12,46,1,4,7,41,50,13,22,50,28,8,45,24,14,36,9,47,37,5,42,19,27,25,44,20$4.0
320$15,39,21,31,29,23,40,10,16,38,49,2,14,17,6,48,26,43,3,49,21,35,33,30,12,46,1,4,7,41,50,13,22,50,28,8,45,24,14,36,9,47,37,5,42,19,27,25,34,20$4.0
321$15,39,37,31,29,23,40,10,16,38,49,2,14,17,6,48,26,43,3,49,21,35,33,30,12,46,1,11,7,41,50,13,22,50,28,8,45,24,14,36,9,47,37,5,42,19,27,25,34,20$4.0
322$15,39,37,31,29,23,40,10,16,38,49,2,14,17,6,48,26,43,3,49,21,35,33,30,12,46,1,4,7,41,50,13,22,50,28,8,45,24,14,36,9,47,37,5,42,19,27,25,34,20$4.0
323$15,39,37,31,29,23,40,10,16,38,49,2,14,17,6,48,26,43,3,49,21,35,33,30,12,46,1,4,7,41,50,13,22,50,28,8,45,24,14,36,9,47,37,5,42,19,27,25,34,20$4.0
324$15,39,37,31,29,23,40,10,16,38,49,2,14,17,6,48,26,43,3,49,21,35,33,30,12,46,1,4,7,41,50,13,22,50,28,8,45,24,14,36,9,47,37,5,42,19,27,25,34,20$4.0
325$15,39,37,31,29,23,40,10,16,38,49,2,14,17,6,48,26,43,3,49,21,35,33,30,12,46,1,4,7,41,50,13,22,50,28,8,45,24,14,36,9,47,37,5,42,19,27,25,34,20$4.0
326$15,39,21,31,29,23,40,10,16,38,49,2,14,17,6,48,26,43,3,49,21,35,33,30,12,46,1,4,7,41,50,13,22,50,28,8,45,24,14,36,9,47,37,5,42,19,27,25,34,20$4.0
327$15,39,21,31,29,23,40,10,16,38,49,2,14,17,6,48,26,43,3,49,21,35,33,30,12,46,1,4,7,41,50,13,22,50,28,8,45,24,14,36,9,47,37,5,42,19,27,25,34,20$4.0
328$15,39,37,31,29,23,40,10,16,38,49,2,14,17,6,48,26,43,3,49,21,35,33,30,12,46,1,4,7,41,50,13,22,50,28,8,45,24,14,36,9,47,37,5,42,19,27,25,34,20$4.0
329$15,39,21,31,29,23,40,10,16,38,49,2,14,17,6,48,26,43,3,49,21,35,33,30,12,46,1,4,7,41,50,13,22,50,28,8,45,24,14,36,9,47,37,5,42,19,27,25,34,20$4.0
330$15,39,21,31,29,23,40,10,16,38,49,2,14,17,6,48,26,43,3,49,21,35,33,30,12,46,1,4,7,41,50,13,22,50,28,8,45,24,14,36,9,47,37,5,42,19,27,25,34,20$4.0
331$15,39,21,31,29,23,40,10,16,38,49,2,14,17,6,48,26,43,3,32,21,35,33,30,12,46,1,4,7,41,2,13,22,50,28,8,45,24,14,36,9,47,37,5,42,19,27,25,34,20$3.0
332$15,39,21,31,29,23,40,10,16,38,49,2,14,17,6,48,26,43,3,32,21,35,33,30,12,46,1,4,7,41,2,13,22,50,28,8,45,24,14,36,9,47,37,5,42,19,27,25,34,20$3.0
333$15,39,21,31,29,23,40,10,16,38,49,2,14,17,6,48,26,43,3,32,21,35,33,30,12,46,1,4,7,41,50,13,22,50,28,8,45,24,14,36,9,47,37,5,42,19,27,25,34,20$3.0
334$15,39,37,31,29,23,40,10,16,38,49,2,14,17,6,48,26,43,3,49,21,35,33,30,12,46,1,4,7,41,50,13,22,50,28,8,45,24,14,36,9,47,37,5,42,19,27,25,34,20$4.0
335$15,39,37,31,29,23,40,10,16,38,49,2,14,17,6,48,26,43,3,32,21,35,33,30,12,46,1,4,7,41,50,13,22,50,28,8,45,24,14,36,9,47,37,5,42,19,27,11,34,20$3.0
336$15,39,37,31,29,23,40,10,16,38,49,2,14,17,6,48,26,43,3,32,21,35,33,30,12,46,1,4,7,41,50,13,22,50,28,8,45,24,14,36,9,47,37,5,42,19,27,11,34,20$3.0
337$15,39,21,31,29,23,40,10,16,38,49,2,14,17,6,48,26,43,3,49,21,35,33,30,12,46,1,4,7,41,50,13,22,50,28,8,45,24,14,36,9,47,37,5,42,19,27,25,34,20$4.0
338$15,39,21,31,29,23,40,10,16,38,49,2,14,17,6,48,26,43,3,49,21,35,33,30,12,46,1,4,7,41,50,13,22,50,28,8,45,24,14,36,9,47,37,5,42,19,27,25,34,20$4.0
339$15,39,21,31,29,23,40,10,16,38,49,2,14,17,6,48,26,43,3,49,21,35,33,30,12,46,1,4,7,41,50,13,22,50,28,8,45,24,14,36,9,47,37,5,42,19,27,11,34,20$4.0
340$15,39,21,31,29,23,40,10,16,38,49,2,14,17,6,48,26,43,3,49,21,35,33,30,12,46,1,4,7,41,50,13,22,50,28,8,45,24,14,36,9,47,37,5,42,19,27,25,34,20$4.0
341$15,39,21,31,29,23,40,10,16,38,49,2,14,17,6,48,26,43,3,49,21,35,33,30,12,46,1,4,7,41,50,13,22,50,28,8,45,24,14,36,9,47,37,5,42,19,27,11,34,20$4.0
342$15,39,21,31,29,23,40,10,16,38,49,2,14,17,6,48,26,43,3,49,25,35,33,30,12,46,1,4,7,41,50,13,22,50,28,8,45,24,14,36,9,47,37,5,42,19,27,11,34,20$3.0
343$15,39,21,31,29,23,40,10,16,38,49,2,14,17,6,48,26,43,3,49,25,35,33,30,12,46,1,4,7,41,50,13,22,50,28,8,45,24,14,36,9,47,37,5,42,19,27,11,34,20$3.0
344$15,39,21,31,29,23,40,10,16,38,49,2,14,17,6,48,26,43,3,49,25,35,33,30,12,46,1,4,7,41,50,13,22,50,28,8,45,24,14,36,9,47,37,5,42,19,27,11,34,20$3.0
345$15,39,21,31,29,23,40,10,16,38,49,2,14,17,6,48,26,43,3,49,25,35,33,30,12,46,1,4,7,41,50,13,22,50,28,8,45,24,14,36,9,47,37,5,42,19,27,11,34,20$3.0
346$15,39,21,31,29,23,40,10,16,38,49,2,14,17,6,48,26,43,3,49,25,35,33,30,12,46,1,4,7,41,50,13,22,50,28,8,45,24,14,36,9,47,37,5,42,19,27,11,34,20$3.0
347$15,39,21,31,29,23,40,10,16,38,49,2,14,17,6,48,26,43,3,49,25,35,33,30,12,46,1,4,7,41,50,13,22,50,28,8,45,24,14,36,9,47,37,5,42,19,27,11,34,20$3.0
348$15,39,21,31,29,23,40,10,16,38,49,2,14,17,6,48,26,43,3,49,25,35,33,30,12,46,1,4,7,41,50,13,22,50,28,8,45,24,14,36,9,47,37,5,42,19,27,11,34,20$3.0
349$15,39,21,31,29,23,40,10,16,38,49,2,14,17,6,48,26,43,3,49,25,35,33,30,12,46,1,4,7,41,50,13,22,50,28,8,45,24,14,36,9,47,37,5,42,19,27,11,34,20$3.0
350$15,39,21,31,29,23,40,10,16,38,49,2,14,17,6,48,26,43,3,49,25,35,33,30,12,46,1,4,7,41,50,13,22,50,28,8,45,24,14,36,9,47,37,5,42,19,27,11,34,20$3.0
351$15,39,21,31,29,23,40,10,16,38,49,2,14,17,6,48,26,43,3,49,25,35,33,30,12,46,1,4,7,41,50,13,22,50,28,8,45,24,14,36,9,47,37,5,42,19,27,11,34,20$3.0
352$15,39,21,31,29,23,40,10,16,38,49,2,14,17,6,48,26,43,3,49,25,35,33,30,12,46,1,4,7,41,50,13,22,50,28,8,45,24,14,36,9,47,37,5,42,19,27,11,34,20$3.0
353$15,39,21,31,29,23,40,10,16,38,49,2,14,17,6,48,26,43,3,49,25,35,33,30,12,46,1,4,7,41,50,13,22,50,28,8,45,24,14,36,9,47,37,5,42,19,27,11,34,20$3.0
354$15,39,21,31,29,23,40,10,16,38,49,2,14,17,6,48,26,43,3,49,25,35,33,30,12,46,1,4,7,41,50,13,22,50,28,8,45,24,14,36,9,47,37,5,42,19,27,11,34,20$3.0
355$15,39,21,31,29,23,40,10,16,38,49,2,14,17,6,48,26,43,3,49,25,35,33,30,12,46,1,4,7,41,50,13,22,50,28,8,45,24,14,36,9,47,37,5,42,19,27,11,34,20$3.0
356$15,39,21,31,29,23,40,10,16,38,49,2,14,17,6,48,26,43,3,49,25,35,33,30,12,46,1,4,7,41,50,13,22,50,28,8,45,24,14,36,9,47,37,5,42,19,27,11,34,20$3.0
357$15,39,21,31,29,23,40,10,16,38,49,2,14,17,6,48,26,43,3,49,25,35,33,30,12,46,1,4,7,41,50,13,22,50,28,8,45,24,14,36,9,47,37,5,42,19,27,11,34,20$3.0
358$15,39,21,31,29,23,40,10,16,38,49,2,14,17,6,48,26,43,3,49,25,35,33,30,12,46,1,4,7,41,50,13,22,50,28,8,45,24,14,36,9,47,37,5,42,19,27,11,34,20$3.0
359$15,39,21,31,29,23,40,10,16,38,49,2,14,17,6,48,26,43,3,49,25,35,33,30,12,46,1,4,7,41,50,13,22,50,28,8,45,24,14,36,9,47,37,5,42,19,27,11,34,20$3.0
360$15,39,21,31,29,23,40,10,16,38,49,2,14,17,6,48,26,43,3,49,25,35,33,30,12,46,1,4,7,41,50,13,22,50,28,8,45,24,14,36,9,47,37,5,42,19,27,11,34,20$3.0
361$15,39,21,31,29,23,40,10,16,38,49,2,14,17,6,48,26,43,3,49,25,35,33,30,12,46,1,4,7,41,2,13,22,50,28,8,45,24,14,36,9,47,37,5,42,19,27,11,34,20$3.0
362$15,39,21,31,29,23,40,10,16,38,49,2,14,17,6,48,26,43,3,32,25,35,33,30,12,46,1,4,7,41,50,13,22,50,28,8,45,24,14,36,9,47,37,5,42,19,27,11,34,20$2.0
362$15,39,21,31,29,23,40,10,16,38,49,2,14,17,6,48,26,43,3,32,25,35,33,30,12,46,1,4,7,41,50,13,22,50,28,8,45,24,14,36,9,47,37,5,42,19,27,11,34,20$2.0
363$15,39,21,31,29,23,40,10,16,38,49,2,14,17,6,48,26,43,3,32,25,35,33,30,12,46,1,4,7,41,50,13,22,50,28,8,45,24,14,36,9,47,37,5,42,19,27,11,34,20$2.0
364$15,39,21,31,29,23,40,10,16,38,49,2,14,17,6,48,26,43,3,32,25,35,33,30,12,46,1,4,7,41,50,13,22,50,28,8,45,24,14,36,9,47,37,5,42,19,27,11,34,20$2.0
365$15,39,21,31,29,23,40,10,16,38,49,2,14,17,6,48,26,43,3,32,25,35,33,30,12,46,1,4,7,41,50,13,22,50,28,8,45,24,39,36,9,47,37,5,42,19,27,11,34,20$2.0
366$15,39,21,31,29,23,40,10,16,38,49,2,14,17,6,48,26,43,3,32,25,35,33,30,12,46,1,4,7,41,50,13,22,50,28,8,45,24,14,36,9,47,37,5,42,19,27,11,34,20$2.0
367$15,39,21,31,29,23,40,10,16,38,49,2,14,17,6,48,26,43,3,32,25,35,33,30,12,46,1,4,7,41,2,13,22,50,28,8,45,24,14,36,9,47,37,5,42,19,27,11,34,20$2.0
368$15,39,21,31,29,23,40,10,16,38,49,2,14,17,6,48,26,43,3,32,25,35,33,30,12,46,1,4,7,41,50,13,22,50,28,8,45,24,14,36,9,47,37,5,42,19,27,11,34,20$2.0
369$15,39,21,31,29,23,40,10,16,38,49,2,14,17,6,48,26,43,3,32,25,35,33,30,12,46,1,4,7,41,2,13,22,50,28,8,45,24,14,36,9,47,37,5,42,19,27,11,34,20$2.0
370$15,39,21,31,29,23,40,10,16,38,49,2,14,17,6,48,26,43,3,32,25,35,33,30,12,46,1,4,7,41,50,13,22,50,28,8,45,24,14,36,9,47,37,5,42,19,27,11,34,20$2.0
371$15,39,21,31,29,23,40,10,16,38,49,2,14,17,6,48,26,43,3,32,25,35,33,30,12,46,1,4,7,41,50,13,22,50,28,8,45,24,14,36,9,47,37,5,42,19,27,11,34,20$2.0
372$15,39,21,31,29,23,40,10,16,38,49,2,14,17,6,48,26,43,3,32,25,44,33,30,12,46,1,4,7,41,50,13,22,33,28,8,45,24,14,36,9,47,37,5,42,19,27,11,34,20$2.0
373$15,39,21,31,29,23,40,10,16,38,49,2,14,17,6,48,26,43,3,32,25,35,33,30,12,46,1,4,7,41,50,13,22,50,28,8,45,24,14,36,9,47,37,5,42,19,27,11,34,20$2.0
374$15,39,21,31,29,23,40,10,16,38,49,2,14,17,6,48,26,43,3,32,25,35,33,30,12,46,1,4,7,41,50,13,22,50,28,8,45,24,14,36,9,47,37,5,42,19,27,11,34,20$2.0
375$15,39,21,31,29,23,40,10,16,38,49,2,14,17,6,48,26,43,3,32,25,35,33,30,12,46,1,4,7,41,50,13,22,50,28,8,45,24,14,36,9,47,37,5,42,19,27,11,34,20$2.0
376$15,39,21,31,29,23,40,10,16,38,49,2,14,17,6,48,26,43,3,32,25,35,33,30,12,46,1,4,7,41,50,13,22,50,28,8,45,24,14,36,9,47,37,5,42,19,27,11,34,20$2.0
377$15,39,21,31,29,23,40,10,16,38,49,2,14,17,6,48,26,43,3,32,25,35,33,30,12,46,1,4,7,41,50,13,22,50,28,8,45,24,14,36,9,47,37,5,42,19,27,11,34,20$2.0
378$15,39,21,31,29,23,40,10,16,38,49,2,14,17,6,48,26,43,3,32,25,35,33,30,12,46,1,4,7,41,50,13,22,50,28,8,45,24,14,36,9,47,37,5,42,19,27,11,34,20$2.0
379$15,39,21,31,29,23,40,10,16,38,49,2,14,17,6,48,26,43,3,32,25,35,33,30,12,46,1,4,7,41,50,13,22,50,28,8,45,24,14,36,9,47,37,5,42,19,27,11,34,20$2.0
380$15,39,21,31,29,23,40,10,16,38,49,2,14,17,6,48,26,43,3,32,25,35,33,30,12,46,1,4,7,41,50,13,22,50,28,8,45,24,14,36,9,47,37,5,42,19,27,11,34,20$2.0
381$15,39,21,31,29,23,40,10,16,38,49,2,14,17,6,48,26,43,3,32,25,35,33,30,12,46,1,4,7,41,50,13,22,50,28,8,45,24,14,36,9,47,37,5,42,19,27,11,34,20$2.0
382$15,39,21,31,29,23,40,10,16,38,49,2,14,17,6,48,26,43,3,32,25,35,33,30,12,46,1,4,7,41,50,13,22,50,28,8,45,24,14,36,9,47,37,5,42,19,27,11,34,20$2.0
383$15,39,21,31,29,23,40,10,16,38,49,2,14,17,6,48,26,43,3,32,25,35,33,30,12,46,1,4,7,41,50,13,22,50,28,8,45,24,14,36,9,47,37,5,42,19,27,11,34,20$2.0
384$15,39,21,31,29,23,40,10,16,38,49,2,14,17,6,48,26,43,3,32,25,35,33,30,12,46,1,4,7,41,50,13,22,50,28,8,45,24,14,36,9,47,37,5,42,19,27,11,34,20$2.0
385$15,39,21,31,29,23,40,10,16,38,49,2,14,17,6,48,26,43,3,32,25,35,33,30,12,46,1,4,7,41,50,13,22,50,28,8,45,24,14,36,9,47,37,5,42,19,27,11,34,20$2.0
386$15,39,21,31,29,23,40,10,16,38,49,2,14,17,6,48,26,43,3,32,25,35,33,30,12,46,1,4,7,41,50,13,22,50,28,8,45,24,14,36,9,47,37,5,42,19,27,11,34,20$2.0
387$15,39,21,31,29,23,40,10,16,38,49,2,14,17,6,48,26,43,3,32,25,35,33,30,12,46,1,4,7,41,50,13,22,50,28,8,45,24,14,36,9,47,37,5,42,19,27,11,34,20$2.0
388$15,39,21,31,29,23,40,10,16,38,49,2,14,17,6,48,26,43,3,32,25,35,33,30,12,46,1,4,7,41,50,13,22,50,28,8,45,24,14,36,9,47,37,5,42,19,27,11,34,20$2.0
389$15,39,21,31,29,23,40,10,16,38,49,2,14,17,6,48,26,43,3,32,25,35,33,30,12,46,1,4,7,41,50,13,22,50,28,8,45,24,14,36,9,47,37,5,42,19,27,11,34,20$2.0
390$15,39,21,31,29,23,40,10,16,38,49,2,14,17,6,48,26,43,3,32,25,35,33,30,12,46,1,4,7,41,50,13,22,50,28,8,45,24,14,36,9,47,37,5,42,19,27,11,34,20$2.0
391$15,39,21,31,29,23,40,10,16,38,49,2,14,17,6,48,26,43,3,32,25,35,33,30,12,46,1,4,7,41,50,13,22,50,28,8,45,24,3,36,9,47,37,5,42,19,27,11,34,20$2.0
392$15,39,21,31,29,23,40,10,16,38,49,2,14,17,6,48,26,43,3,32,25,35,33,30,12,46,1,4,7,41,50,13,22,50,28,8,45,24,3,36,9,47,37,5,42,19,27,11,34,20$2.0
393$15,39,21,31,29,23,40,10,16,38,49,2,14,17,6,48,26,43,3,32,25,35,33,30,12,46,1,4,7,41,50,13,22,50,28,8,45,24,14,36,9,47,37,5,42,19,27,11,34,20$2.0
394$15,39,21,31,29,23,40,10,16,38,49,2,14,17,6,48,26,43,3,32,25,35,33,30,12,46,1,4,7,41,50,13,22,50,28,8,45,24,14,36,9,47,37,5,42,19,27,11,34,20$2.0
395$15,39,21,31,29,23,40,10,16,38,49,2,14,17,6,48,26,43,3,32,25,35,33,30,12,46,1,4,7,41,50,13,22,50,28,8,45,24,14,36,9,47,37,5,42,19,27,11,34,20$2.0
396$15,39,21,31,29,23,40,10,16,38,49,2,14,17,6,48,26,43,3,32,25,35,33,30,12,46,1,4,7,41,50,13,22,50,28,8,45,24,14,36,9,47,37,5,42,19,27,11,34,20$2.0
397$15,39,21,31,29,23,40,10,16,38,49,2,14,17,6,48,26,43,3,32,25,35,33,30,12,46,1,4,7,41,50,13,22,50,28,8,45,24,14,36,9,47,37,5,42,19,27,11,34,20$2.0
398$15,39,21,31,29,23,40,10,16,38,49,2,14,17,6,48,26,43,3,32,25,35,33,30,12,46,1,4,7,41,50,13,22,50,28,8,45,24,3,36,9,47,37,5,42,19,27,11,34,20$2.0
399$15,39,21,31,29,23,40,10,16,38,49,2,14,17,6,48,26,43,3,32,25,35,33,30,12,46,1,4,7,41,50,13,22,50,28,8,45,24,3,36,9,47,37,5,42,19,27,11,34,20$2.0
400$15,39,21,31,29,23,40,10,16,38,49,2,14,17,6,48,26,43,3,32,25,35,33,30,12,46,1,4,7,41,50,13,22,50,28,8,45,24,3,36,9,47,37,5,42,19,27,11,34,20$2.0
401$15,39,21,31,29,23,40,10,16,38,49,2,14,17,6,48,26,43,3,32,25,35,33,30,12,46,1,4,7,41,50,13,22,50,28,8,45,24,14,36,9,47,37,5,42,19,27,11,34,20$2.0
402$15,39,21,31,29,23,40,10,16,38,49,2,14,17,6,48,26,43,3,32,25,35,33,30,12,46,1,4,7,41,50,13,22,50,28,8,45,24,3,36,9,47,37,5,42,19,27,11,34,20$2.0
403$15,39,21,31,29,23,40,10,16,38,49,2,14,17,6,48,26,43,3,32,25,35,33,30,12,46,1,4,7,41,50,13,22,50,28,8,45,24,14,36,9,47,37,5,42,19,27,11,34,20$2.0
404$15,39,21,31,29,23,40,10,16,38,49,2,14,17,6,48,26,43,3,32,25,35,33,30,12,46,1,4,44,41,50,13,22,50,28,8,45,24,14,36,9,47,37,5,42,19,27,11,34,20$2.0
405$15,39,21,31,29,23,40,10,16,38,49,2,14,17,6,48,26,43,3,32,25,35,44,30,12,46,1,4,7,41,50,13,22,50,28,8,45,24,14,36,9,47,37,5,42,19,27,11,34,20$2.0
406$15,39,21,31,29,23,40,10,16,38,49,2,14,17,6,48,26,43,3,32,25,35,33,30,12,46,1,4,44,41,50,13,22,50,28,8,45,24,14,36,9,47,37,5,42,19,27,11,34,20$2.0
407$15,39,21,31,29,23,40,10,16,38,49,2,14,17,6,48,26,43,3,32,25,35,33,30,12,46,1,4,7,41,50,13,22,50,28,8,45,24,14,36,9,47,37,5,42,19,27,11,34,20$2.0
408$15,39,21,31,29,23,40,10,16,38,49,2,14,17,6,48,26,43,3,32,25,35,33,30,12,46,1,4,7,41,50,13,22,50,28,8,45,24,14,36,9,47,37,5,42,19,27,11,34,20$2.0
409$15,39,21,31,29,23,40,10,16,38,49,2,14,17,6,48,26,43,3,32,25,35,33,30,12,46,1,4,7,41,50,13,22,50,28,8,45,24,14,36,9,47,37,5,42,19,27,11,34,20$2.0
410$15,39,21,31,29,23,40,10,16,38,49,2,14,17,6,48,26,43,3,32,25,35,33,30,12,46,1,4,7,41,50,13,22,50,28,8,45,24,14,36,9,47,37,5,42,19,27,11,34,20$2.0
411$15,39,21,31,29,23,40,10,16,38,49,2,14,17,6,48,26,43,3,32,25,35,33,30,12,46,1,4,7,41,50,13,22,50,28,8,45,24,14,36,9,47,37,5,42,19,27,11,34,20$2.0
412$15,39,21,31,29,23,40,10,16,38,49,2,14,17,6,48,26,43,3,32,25,35,33,30,12,46,1,4,7,41,50,13,22,50,28,8,45,24,14,36,9,47,37,5,42,19,27,11,34,20$2.0
413$15,39,21,31,29,23,40,10,16,38,49,2,14,17,6,48,26,43,3,32,25,35,33,30,12,46,1,4,7,41,50,13,22,50,28,8,45,24,14,36,9,47,37,5,42,19,27,11,34,20$2.0
414$15,39,21,31,29,23,40,10,16,38,49,2,14,17,6,48,26,43,3,32,25,35,33,30,12,46,1,4,7,41,50,13,22,50,28,8,45,24,14,36,9,47,37,5,42,19,27,11,34,20$2.0
415$15,39,21,31,29,23,40,10,16,38,49,2,14,17,6,48,26,43,3,32,25,35,33,30,12,46,1,4,7,41,8,13,22,50,28,8,45,24,14,36,9,47,37,5,42,19,27,11,34,20$2.0
416$15,39,21,31,29,23,40,10,16,38,49,2,14,17,6,48,26,43,3,32,25,35,33,30,12,46,1,4,7,41,8,13,22,50,28,8,45,24,14,36,9,47,37,5,42,19,27,11,34,20$2.0
417$15,39,21,31,29,23,40,10,16,38,49,2,14,17,6,48,26,43,3,32,25,35,33,30,12,46,1,4,7,41,50,13,22,50,28,8,45,24,14,36,9,47,37,5,42,19,27,11,34,20$2.0
418$15,39,21,31,29,23,40,10,16,38,49,2,14,17,6,48,26,43,3,32,25,35,33,30,12,46,1,4,7,41,8,13,22,50,28,8,45,24,14,36,9,47,37,5,42,19,27,11,34,20$2.0
419$15,39,21,31,29,23,40,10,16,38,49,2,14,17,6,48,26,43,3,32,25,35,33,30,12,46,1,4,7,41,50,13,22,50,28,8,45,24,14,36,9,47,37,5,42,19,27,11,34,20$2.0
420$15,39,21,31,29,23,40,10,16,38,49,2,14,17,6,48,26,43,3,32,25,35,33,30,12,46,1,4,7,41,50,13,22,50,28,8,45,24,14,36,9,47,37,5,42,19,27,11,34,20$2.0
421$15,39,21,31,29,23,40,10,16,38,49,2,14,17,6,48,26,43,3,32,25,35,33,30,12,46,1,4,7,41,50,13,22,50,28,8,45,24,14,36,9,47,37,5,42,19,27,11,34,20$2.0
422$15,39,21,31,29,23,40,10,16,38,49,2,14,17,6,48,26,43,3,32,25,35,33,30,12,46,1,4,7,41,50,13,22,50,28,8,45,24,14,36,9,47,37,5,42,19,27,11,34,20$2.0
423$15,39,21,31,29,23,40,10,16,38,49,2,14,17,6,48,26,43,3,32,25,35,33,30,12,46,1,4,7,41,8,13,22,50,28,8,45,24,14,36,9,47,37,5,42,19,27,11,34,20$2.0
424$15,39,21,31,29,23,40,10,16,38,49,2,14,17,6,48,26,43,3,32,25,35,33,30,12,46,1,4,7,41,50,13,22,50,28,8,45,24,14,36,9,47,37,5,42,19,27,11,34,20$2.0
425$15,39,21,31,29,23,40,10,16,38,49,2,14,17,6,48,26,43,3,32,25,35,33,30,12,46,1,4,7,41,50,13,22,50,28,8,45,24,14,36,9,47,37,5,42,19,27,11,34,20$2.0
426$15,39,21,31,29,23,40,10,16,38,49,2,14,17,6,48,26,43,3,32,25,35,33,30,12,46,1,4,7,41,50,13,22,50,28,8,45,24,14,36,9,47,37,5,42,19,27,11,34,20$2.0
427$15,39,21,31,29,23,40,10,16,38,49,2,14,17,6,48,26,43,3,32,25,35,33,30,12,46,1,4,7,41,50,13,22,50,28,8,45,24,14,36,9,47,37,5,42,19,27,11,34,20$2.0
428$15,39,21,31,29,23,40,10,16,38,49,2,14,17,6,48,26,43,3,32,25,35,33,30,12,46,1,4,7,41,50,13,22,50,28,8,45,24,14,36,9,47,37,5,42,19,27,11,34,20$2.0
429$15,39,21,31,29,23,40,10,16,38,49,2,14,17,6,48,26,43,3,32,25,35,33,30,12,46,1,4,7,41,50,13,22,50,28,8,45,24,14,36,9,47,37,5,42,19,27,11,34,20$2.0
430$15,39,21,31,29,23,40,10,16,38,49,2,14,17,6,48,26,43,3,32,25,35,33,30,12,46,1,4,7,41,50,13,22,50,28,8,45,24,14,36,9,47,37,5,42,19,27,11,34,20$2.0
431$15,39,21,31,29,23,40,10,16,38,49,2,14,17,6,48,26,43,3,32,25,35,33,30,12,46,1,4,7,41,50,13,22,50,28,8,45,24,14,36,9,47,37,5,42,19,27,11,34,20$2.0
432$15,39,21,31,29,23,40,10,16,38,49,2,14,17,6,48,26,43,3,32,25,35,33,30,12,46,1,4,7,41,50,13,22,5,28,8,45,24,14,36,9,47,37,5,42,19,27,11,34,20$2.0
433$15,39,21,31,29,23,40,10,16,38,49,2,14,17,6,48,26,43,3,32,25,35,33,30,12,46,1,4,7,41,50,13,22,50,28,8,45,24,14,36,9,47,37,5,42,19,27,11,18,20$2.0
434$15,39,21,31,29,23,40,10,16,38,49,2,14,17,6,48,26,43,3,32,25,35,33,30,12,46,1,4,7,41,50,13,22,50,28,8,45,24,14,36,9,47,37,5,42,19,27,11,34,20$2.0
435$15,39,21,31,29,23,40,10,16,38,49,2,14,17,6,48,26,43,3,32,25,35,33,30,12,46,1,4,7,41,50,13,22,50,28,8,45,24,14,36,9,47,37,5,42,19,27,11,34,20$2.0
436$15,39,21,31,29,23,40,10,16,38,49,2,14,17,6,48,26,43,3,32,25,35,33,30,12,46,1,4,7,41,50,13,22,50,28,8,45,24,14,36,9,47,37,5,42,19,27,11,18,20$2.0
437$15,39,21,31,29,23,40,10,16,38,49,2,14,17,6,48,26,43,3,32,25,35,33,30,12,46,1,4,7,41,50,13,22,50,28,8,45,24,14,36,9,47,37,5,42,19,27,11,34,20$2.0
438$15,39,21,31,29,23,40,10,16,38,49,2,14,17,6,48,26,43,3,32,25,35,33,30,12,46,1,4,7,41,50,13,22,50,28,8,45,24,14,36,9,47,37,5,42,19,27,11,34,20$2.0
439$15,39,21,31,29,23,40,10,16,38,49,2,14,17,6,48,26,43,3,32,25,35,33,30,12,46,1,4,7,41,50,13,22,50,28,8,45,24,14,36,9,47,37,5,42,19,27,11,34,20$2.0
440$15,39,21,31,29,23,40,10,16,38,49,2,14,17,6,48,26,43,3,32,25,35,33,30,12,46,1,4,7,41,50,13,22,50,28,8,45,24,14,36,9,47,37,5,42,19,27,11,34,20$2.0
441$15,39,21,31,29,23,40,10,16,38,49,2,14,17,6,48,26,43,3,32,25,35,33,30,12,46,1,4,7,41,50,13,22,50,28,8,45,24,14,36,9,47,37,5,42,19,27,11,18,20$2.0
442$15,39,21,31,29,23,40,10,16,38,49,2,14,17,6,48,26,43,3,32,25,35,33,30,12,46,1,4,7,41,50,13,22,50,28,8,45,24,14,36,9,47,37,5,42,19,27,11,18,20$2.0
443$15,39,21,31,29,23,40,10,16,38,49,2,14,17,6,48,26,43,3,32,25,35,33,30,12,46,1,4,7,41,50,13,22,50,28,8,45,24,14,36,9,47,37,5,42,19,27,11,18,20$2.0
444$15,39,21,31,29,23,40,10,16,38,49,2,14,17,6,48,26,43,3,32,25,35,33,30,12,46,1,4,7,41,50,13,22,50,28,8,45,24,14,36,9,47,37,5,42,19,27,11,34,20$2.0
445$15,39,21,31,29,23,40,10,16,38,49,2,14,17,6,48,26,43,3,32,25,35,33,30,12,46,1,4,7,41,50,13,22,50,28,8,45,24,14,36,9,47,37,5,42,19,27,11,34,20$2.0
446$15,39,21,31,29,23,40,10,16,38,49,2,14,17,6,48,26,43,3,32,9,35,33,30,12,46,1,4,7,41,50,13,22,34,28,8,45,24,14,36,9,47,37,5,42,19,27,11,18,20$2.0
447$15,39,21,31,29,23,40,10,16,38,49,2,14,17,6,48,26,43,3,32,25,35,33,30,12,46,1,4,7,41,50,13,22,50,28,8,45,24,14,36,9,47,37,5,42,19,27,11,34,20$2.0
448$15,39,21,31,29,23,40,10,16,38,49,2,14,17,6,48,26,43,3,32,25,35,33,30,12,46,1,4,7,41,50,13,22,50,28,8,45,24,14,36,9,47,37,5,42,19,27,11,34,20$2.0
449$15,39,21,31,29,23,40,10,16,38,49,2,14,17,6,48,26,43,3,32,25,35,33,30,12,46,1,4,7,41,50,13,22,50,28,8,45,24,14,36,9,47,37,5,42,19,27,11,34,20$2.0
450$15,39,21,31,29,23,40,10,16,38,49,2,14,17,6,48,26,43,3,32,25,35,33,30,12,46,1,4,7,41,50,13,22,50,28,8,45,24,14,36,9,47,37,5,42,19,27,11,18,20$2.0
451$15,39,21,31,29,23,40,10,16,38,49,2,14,17,6,48,26,43,3,32,25,35,33,30,12,46,1,4,7,41,50,13,22,50,28,8,45,24,14,36,9,47,37,5,42,19,27,11,18,20$2.0
452$15,39,21,31,29,23,40,10,16,38,49,2,14,17,6,48,26,43,3,32,25,35,33,30,12,46,1,4,7,41,50,13,22,50,28,8,45,24,14,36,9,47,37,5,42,19,27,11,34,20$2.0
453$15,39,21,31,29,23,40,10,16,38,49,2,14,17,6,48,26,43,3,32,25,35,33,30,12,46,1,4,7,41,50,13,22,50,28,8,45,24,14,36,9,47,37,5,42,19,27,11,34,20$2.0
454$15,39,21,31,29,23,40,10,16,38,49,2,14,17,6,48,26,43,3,32,25,35,33,30,12,46,1,4,7,41,50,13,22,50,28,8,45,24,14,36,9,47,37,5,42,19,27,11,34,20$2.0
455$15,39,21,31,29,23,40,10,16,38,49,2,14,17,6,48,26,43,3,32,25,35,33,30,12,46,1,4,7,41,50,13,22,50,28,8,45,24,14,36,9,47,37,5,42,19,27,11,18,20$2.0
456$15,39,21,31,29,23,40,10,16,38,49,2,14,17,6,48,26,43,3,32,25,35,33,30,12,46,1,4,7,41,50,13,22,50,28,8,45,24,14,36,9,47,37,5,42,19,27,11,18,20$2.0
457$15,39,21,31,29,23,40,10,16,38,49,2,14,17,6,48,26,43,3,32,25,35,33,30,12,46,1,4,7,41,50,13,22,50,28,8,45,24,14,36,9,47,37,5,42,19,27,11,34,20$2.0
458$15,39,21,31,29,23,40,10,16,38,49,2,14,17,6,48,26,43,3,32,25,35,33,30,12,46,1,4,7,41,50,13,22,50,28,8,45,24,14,36,9,47,37,5,42,19,27,11,18,20$2.0
459$15,39,21,31,29,23,40,10,16,38,49,2,14,17,6,48,26,43,3,32,25,35,33,30,12,46,1,4,7,41,50,13,22,50,28,8,45,24,14,36,9,47,37,5,42,19,27,11,34,20$2.0
460$15,39,21,31,29,23,40,10,16,38,49,2,14,17,6,48,26,43,3,32,25,35,33,30,12,46,1,4,7,41,50,13,22,50,28,8,45,24,14,36,9,47,37,5,42,19,27,11,34,20$2.0
461$15,39,21,31,29,23,40,10,16,38,49,2,14,17,6,48,26,43,3,32,25,35,33,30,12,46,1,4,7,41,50,13,22,5,28,8,45,24,34,36,9,47,37,5,42,19,27,11,18,20$1.0
461$15,39,21,31,29,23,40,10,16,38,49,2,14,17,6,48,26,43,3,32,25,35,33,30,12,46,1,4,7,41,50,13,22,5,28,8,45,24,34,36,9,47,37,5,42,19,27,11,18,20$1.0
462$15,39,21,31,29,23,40,10,16,38,49,2,14,17,6,48,26,43,3,32,25,35,33,30,12,46,1,4,7,41,50,13,22,5,28,8,45,24,34,36,9,47,37,5,42,19,27,11,18,20$1.0
463$15,39,21,31,29,23,40,10,16,38,49,2,14,17,6,48,26,43,3,32,25,35,33,30,12,46,1,4,7,41,50,13,22,5,28,8,45,24,34,36,9,47,37,5,42,19,27,11,18,20$1.0
464$15,39,21,31,29,23,40,10,16,38,49,2,14,17,6,48,26,43,3,32,25,35,33,30,12,46,1,4,7,41,50,13,22,5,28,8,45,24,34,36,9,47,37,5,42,19,27,11,18,20$1.0
465$15,39,21,31,29,23,40,10,16,38,49,2,14,17,6,48,26,43,3,32,25,35,33,30,12,46,1,4,7,41,50,13,22,5,28,8,45,24,34,36,9,47,37,5,42,19,27,11,18,20$1.0
466$15,39,21,31,29,23,40,10,16,38,49,2,14,17,6,48,26,43,3,32,25,35,33,30,12,46,1,4,7,41,50,13,22,5,28,8,45,24,34,36,9,47,37,5,42,19,27,11,18,20$1.0
467$15,39,21,31,29,23,40,10,16,38,49,2,14,17,6,48,26,43,3,32,25,35,33,30,12,46,1,4,7,41,50,13,22,5,28,8,45,24,34,36,9,47,37,5,42,19,27,11,18,20$1.0
468$15,39,21,31,29,23,40,10,16,38,49,2,14,17,6,48,26,43,3,32,25,35,33,30,12,46,1,4,7,41,50,13,22,5,28,8,45,24,34,36,9,47,37,5,42,19,27,11,18,20$1.0
469$15,39,21,31,29,23,40,10,16,38,49,2,14,17,6,48,26,43,3,32,25,35,33,30,12,46,1,4,7,41,50,13,22,5,28,8,45,24,34,36,9,47,37,5,42,19,27,11,18,20$1.0
470$15,39,21,31,29,23,40,10,16,38,49,2,14,17,6,48,26,43,3,32,25,35,33,30,12,46,1,4,7,41,50,13,22,5,28,8,45,24,34,36,9,47,37,5,42,19,27,11,18,20$1.0
471$15,39,21,31,29,23,40,10,16,38,49,2,14,17,6,48,26,43,3,32,25,35,33,30,12,46,1,4,7,41,50,13,22,5,28,8,45,24,34,36,9,47,37,5,42,19,27,11,18,20$1.0
472$15,39,21,31,29,23,40,10,16,38,49,2,14,17,6,48,26,43,3,32,25,35,33,30,12,46,1,4,7,41,50,13,22,5,28,8,45,24,34,36,9,47,37,5,42,19,27,11,18,20$1.0
473$15,39,21,31,29,23,40,10,16,38,49,2,14,17,6,48,26,43,3,32,25,35,33,30,12,46,1,4,7,41,50,13,22,5,28,8,45,24,34,36,9,47,37,5,42,19,27,11,18,20$1.0
474$15,39,21,31,29,23,40,10,16,38,49,2,14,17,6,48,26,43,3,32,25,35,33,30,12,46,1,4,7,41,50,13,22,5,28,8,45,24,34,36,9,47,37,5,42,19,27,11,18,20$1.0
475$15,39,21,31,29,23,40,10,16,38,49,2,14,17,6,48,26,43,3,32,25,35,33,30,12,46,1,4,7,41,50,13,22,5,28,8,45,24,34,36,9,47,37,5,42,19,27,11,18,20$1.0
476$15,39,21,31,29,23,40,10,16,38,49,2,14,17,6,48,26,43,3,32,25,35,33,30,12,46,1,4,7,41,50,13,22,5,28,8,45,24,34,36,9,47,37,5,42,19,27,11,18,20$1.0
477$15,39,21,31,29,23,40,10,16,38,49,2,14,17,6,48,26,43,3,32,25,35,33,30,12,46,1,4,7,41,50,13,22,5,28,8,45,24,34,36,9,47,37,5,42,19,27,11,18,20$1.0
478$15,39,21,31,29,23,40,10,16,38,49,2,14,17,6,48,26,43,3,32,25,35,33,30,12,46,1,4,7,41,50,13,22,5,28,8,45,24,34,36,9,47,37,5,42,19,27,11,18,20$1.0
479$15,39,21,31,29,23,40,10,16,38,49,2,14,17,6,48,26,43,3,32,25,35,33,30,12,46,1,4,7,41,50,13,22,5,28,8,45,24,34,36,9,47,37,5,42,19,27,11,18,20$1.0
480$15,39,21,31,29,23,40,10,16,38,49,2,14,17,6,48,26,43,3,32,25,35,33,30,12,46,1,4,7,41,50,13,22,5,28,8,45,24,34,36,9,47,37,5,42,19,27,11,18,20$1.0
481$15,39,21,31,29,23,40,10,16,38,49,2,14,17,6,48,26,43,3,32,25,35,33,30,12,46,1,4,7,41,50,13,22,5,28,8,45,24,34,36,9,47,37,5,42,19,27,11,18,20$1.0
482$15,39,21,31,29,23,40,10,16,38,49,2,14,17,6,48,26,43,3,32,25,35,33,30,12,46,1,4,7,41,50,13,22,5,28,8,45,24,34,36,9,47,37,5,42,19,27,11,18,20$1.0
483$15,39,21,31,29,23,40,10,16,38,49,2,14,17,6,48,26,43,3,32,25,35,33,30,12,46,1,4,7,41,50,13,22,5,28,8,45,24,34,36,9,47,37,5,42,19,27,11,18,20$1.0
484$15,39,21,31,29,23,40,10,16,38,49,2,14,17,6,48,26,43,3,32,25,35,33,30,12,46,1,4,7,41,50,13,22,5,28,8,45,24,34,36,9,47,37,5,42,19,27,11,18,20$1.0
485$15,39,21,31,29,23,40,10,16,38,49,2,14,17,6,48,26,43,3,32,25,35,33,30,12,46,1,4,7,41,50,13,22,5,28,8,45,24,34,36,9,47,37,5,42,19,27,11,18,20$1.0
486$15,39,21,31,29,23,40,10,16,38,49,2,14,17,6,48,26,43,3,32,25,35,33,30,12,46,1,4,7,41,50,13,22,5,28,8,45,24,34,36,9,47,37,5,42,19,27,11,18,20$1.0
487$15,39,21,31,29,23,40,10,16,38,49,2,14,17,6,48,26,43,3,32,25,35,33,30,12,46,1,4,7,41,50,13,22,5,28,8,45,24,34,36,9,47,37,5,42,19,27,11,18,20$1.0
488$15,39,21,31,29,23,40,10,16,38,49,2,14,17,6,48,26,43,3,32,25,35,33,30,12,46,1,4,7,41,50,13,22,5,28,8,45,24,34,36,9,47,37,5,42,19,27,11,18,20$1.0
489$15,39,21,31,29,23,40,10,16,38,49,2,14,17,6,48,26,43,3,32,25,35,33,30,12,46,1,4,7,41,50,13,22,5,28,8,45,24,34,36,9,47,37,5,42,19,27,11,18,20$1.0
490$15,39,21,31,29,23,40,10,16,38,49,2,14,17,6,48,26,43,3,32,25,35,33,30,12,46,1,4,7,41,50,13,22,5,28,8,45,24,34,36,9,47,37,5,42,19,27,11,18,20$1.0
491$15,39,21,31,29,23,40,10,16,38,49,2,14,17,6,48,26,43,3,32,25,35,33,30,12,46,1,4,7,41,50,13,22,5,28,8,45,24,34,36,9,47,37,5,42,19,27,11,18,20$1.0
492$15,39,21,31,29,23,40,10,16,38,49,2,14,17,6,48,26,43,3,32,25,35,33,30,12,46,1,4,7,41,50,13,22,5,28,8,45,24,34,36,9,47,37,5,42,19,27,11,18,20$1.0
493$15,39,21,31,29,23,40,10,16,38,49,2,14,17,6,48,26,43,3,32,25,35,33,30,12,46,1,4,7,41,50,13,22,5,28,8,45,24,34,36,9,47,37,5,42,19,27,11,18,20$1.0
494$15,39,21,31,29,23,40,10,16,38,49,2,14,17,6,48,26,43,3,32,25,35,33,30,12,46,1,4,7,41,50,13,22,5,28,8,45,24,34,36,9,47,37,5,42,19,27,11,18,20$1.0
495$15,39,21,31,29,23,40,10,16,38,49,2,14,17,6,48,26,43,3,32,25,35,33,30,12,46,1,4,7,41,50,13,22,5,28,8,45,24,34,36,9,47,37,5,42,19,27,11,18,20$1.0
496$15,39,21,31,29,23,40,10,16,38,49,2,14,17,6,48,26,43,3,32,25,35,33,30,12,46,1,4,7,41,50,13,22,5,28,8,45,24,34,36,9,47,37,5,42,19,27,11,18,20$1.0
497$15,39,21,31,29,23,40,10,16,38,49,2,14,17,6,48,26,43,3,32,25,35,33,30,12,46,1,4,7,41,50,13,22,5,28,8,45,24,34,36,9,47,37,5,42,19,27,11,18,20$1.0
498$15,39,21,31,29,23,40,10,16,38,49,2,14,17,6,48,26,43,3,32,25,35,33,30,12,46,1,4,7,41,50,13,22,5,28,8,45,24,34,36,9,47,37,5,42,19,27,11,18,20$1.0
499$15,39,21,31,29,23,40,10,16,38,49,2,14,17,6,48,26,43,3,32,25,35,33,30,12,46,1,4,7,41,50,13,22,5,28,8,45,24,34,36,9,47,37,5,42,19,27,11,18,20$1.0
500$15,39,21,31,29,23,40,10,16,38,49,2,14,17,6,48,26,43,3,32,25,35,33,30,12,46,1,4,7,41,50,13,22,5,28,8,45,24,34,36,9,47,37,5,42,19,27,11,18,20$1.0
501$15,39,21,31,29,23,40,10,16,38,49,2,14,17,6,48,26,43,3,32,25,35,33,30,12,46,1,4,7,41,50,13,22,5,28,8,45,24,34,36,9,47,37,5,42,19,27,11,18,20$1.0
502$15,39,21,31,29,23,40,10,16,38,49,2,14,17,6,48,26,43,3,32,25,35,33,30,12,46,1,4,7,41,50,13,22,5,28,8,45,24,34,36,9,47,37,5,42,19,27,11,18,20$1.0
503$15,39,21,31,29,23,40,10,16,38,49,2,14,17,6,48,26,43,3,32,25,35,33,30,12,46,1,4,7,41,50,13,22,5,28,8,45,24,34,36,9,47,37,5,42,19,27,11,18,20$1.0
504$15,39,21,31,29,23,40,10,16,38,49,2,14,17,6,48,26,43,3,32,25,35,33,30,12,46,1,4,7,41,50,13,22,5,28,8,45,24,34,36,9,47,37,5,42,19,27,11,18,20$1.0
505$15,39,21,31,29,23,40,10,16,38,49,2,14,17,6,48,26,43,3,32,25,35,33,30,12,46,1,4,7,41,50,13,22,5,28,8,45,24,34,36,9,47,37,5,42,19,27,11,18,20$1.0
506$15,39,21,31,29,23,40,10,16,38,49,2,14,17,6,48,26,43,3,32,25,35,33,30,12,46,1,4,7,41,50,13,22,5,28,8,45,24,34,36,9,47,37,5,42,19,27,11,18,20$1.0
507$15,39,21,31,29,23,40,10,16,38,49,2,14,17,6,48,26,43,3,32,25,35,33,30,12,46,1,4,7,41,50,13,22,5,28,8,45,24,34,36,9,47,37,5,42,19,27,11,18,20$1.0
508$15,39,21,31,29,23,40,10,16,38,49,2,14,17,6,48,26,43,3,32,25,35,33,30,12,46,1,4,7,41,50,13,22,5,28,8,45,24,34,36,9,47,37,5,42,19,27,11,18,20$1.0
509$15,39,21,31,29,23,40,10,16,38,49,2,14,17,6,48,26,43,3,32,25,35,33,30,12,46,1,4,7,41,50,13,22,5,28,8,45,24,34,36,9,47,37,5,42,19,27,11,18,20$1.0
510$15,39,21,31,29,23,40,10,16,38,49,2,14,17,6,48,26,43,3,32,25,35,33,30,12,46,1,4,7,41,50,13,22,5,28,8,45,24,34,36,9,47,37,5,42,19,27,11,18,20$1.0
511$15,39,21,31,29,23,40,10,16,38,49,2,14,17,6,48,26,43,3,32,25,35,33,30,12,46,1,4,7,41,50,13,22,5,28,8,45,24,34,36,9,47,37,5,42,19,27,11,18,20$1.0
512$15,39,21,31,29,23,40,10,16,38,49,2,14,17,6,48,26,43,3,32,25,35,33,30,12,46,1,4,7,41,50,13,22,5,28,8,45,24,34,36,9,47,37,5,42,19,27,11,18,20$1.0
513$15,39,21,31,29,23,40,10,16,38,49,2,14,17,6,48,26,43,3,32,25,35,33,30,12,46,1,4,7,41,50,13,22,5,28,8,45,24,34,36,9,47,37,5,42,19,27,11,18,20$1.0
514$15,39,21,31,29,23,40,10,16,38,49,2,14,17,6,48,26,43,3,32,25,35,33,30,12,46,1,4,7,41,50,13,22,5,28,8,45,24,34,36,9,47,37,5,42,19,27,11,18,20$1.0
515$15,39,21,31,29,23,40,10,16,38,49,2,14,17,6,48,26,43,3,32,25,35,33,30,12,46,1,4,7,41,50,13,22,5,28,8,45,24,34,36,9,47,37,5,42,19,27,11,18,20$1.0
516$15,39,21,31,29,23,40,10,16,38,49,2,14,17,6,48,26,43,3,32,25,35,33,30,12,46,1,4,7,41,50,13,22,5,28,8,45,24,34,36,9,47,37,5,42,19,27,11,18,20$1.0
517$15,39,21,31,29,23,40,10,16,38,49,2,14,17,6,48,26,43,3,32,25,35,33,30,12,46,1,4,7,41,50,13,22,5,28,8,45,24,34,36,9,47,37,5,42,19,27,11,18,20$1.0
518$15,39,21,31,29,23,40,10,16,38,49,2,14,17,6,48,26,43,3,32,25,35,33,30,12,46,1,4,7,41,50,13,22,5,28,8,45,24,34,36,9,47,37,5,42,19,27,11,18,20$1.0
519$15,39,21,31,29,23,40,10,16,38,49,2,14,17,6,48,26,43,3,32,25,35,33,30,12,46,1,4,7,41,50,13,22,5,28,8,45,24,34,36,9,47,37,5,42,19,27,11,18,20$1.0
520$15,39,21,31,29,23,40,10,16,38,49,2,14,17,6,48,26,43,3,32,25,35,33,30,12,46,1,4,7,41,50,13,22,5,28,8,45,24,34,36,9,47,37,5,42,19,27,11,18,20$1.0
521$15,39,21,31,29,23,40,10,16,38,49,2,14,17,6,48,26,43,3,32,25,35,33,30,12,46,1,4,7,41,50,13,22,5,28,8,45,24,34,36,9,47,37,5,42,19,27,11,18,20$1.0
522$15,39,21,31,29,23,40,10,16,38,49,2,14,17,6,48,26,43,3,32,25,35,33,30,12,46,1,4,7,41,50,13,22,5,28,8,45,24,34,36,9,47,37,5,42,19,27,11,18,20$1.0
523$15,39,21,31,29,23,40,10,16,38,49,2,14,17,6,48,26,43,3,32,25,35,33,30,12,46,1,4,7,41,50,13,22,5,28,8,45,24,34,36,9,47,37,5,42,19,27,11,18,20$1.0
524$15,39,21,31,29,23,40,10,16,38,49,2,14,17,6,48,26,43,3,32,25,35,33,30,12,46,1,4,7,41,50,13,22,5,28,8,45,24,34,36,9,47,37,5,42,19,27,11,18,20$1.0
525$15,39,21,31,29,23,40,10,16,38,49,2,14,17,6,48,26,43,3,32,25,35,33,30,12,46,1,4,7,41,50,13,22,5,28,8,45,24,34,36,9,47,37,5,42,19,27,11,18,20$1.0
526$15,39,21,31,29,23,40,10,16,38,49,2,14,17,6,48,26,43,3,32,25,35,33,30,12,46,1,4,7,41,50,13,22,5,28,8,45,24,34,36,9,47,37,5,42,19,27,11,18,20$1.0
527$15,39,21,31,29,23,40,10,16,38,49,2,14,17,6,48,26,43,3,32,25,35,33,30,12,46,1,4,7,41,50,13,22,5,28,8,45,24,34,36,9,47,37,5,42,19,27,11,18,20$1.0
528$15,39,21,31,29,23,40,10,16,38,49,2,14,17,6,48,26,43,3,32,25,35,33,30,12,46,1,4,7,41,50,13,22,5,28,8,45,24,34,36,9,47,37,5,42,19,27,11,18,20$1.0
529$15,39,21,31,29,23,40,10,16,38,49,2,14,17,6,48,26,43,3,32,25,35,33,30,12,46,1,4,7,41,50,13,22,5,28,8,45,24,34,36,9,47,37,5,42,19,27,11,18,20$1.0
530$15,39,21,31,29,23,40,10,16,38,49,2,14,17,6,48,26,43,3,32,25,35,33,30,12,46,1,4,7,41,50,13,22,5,28,8,45,24,34,36,9,47,37,5,42,19,27,11,18,20$1.0
531$15,39,21,31,29,23,40,10,16,38,49,2,14,17,6,48,26,43,3,32,25,35,33,30,12,46,1,4,7,41,50,13,22,5,28,8,45,24,34,36,9,47,37,5,42,19,27,11,18,20$1.0
532$15,39,21,31,29,23,40,10,16,38,49,2,14,17,6,48,26,43,3,32,25,35,33,30,12,46,1,4,7,41,50,13,22,5,28,8,45,24,34,36,9,47,37,5,42,19,27,11,18,20$1.0
533$15,39,21,31,29,23,40,10,16,38,49,2,14,17,6,48,26,43,3,32,25,35,33,30,12,46,1,4,7,41,50,13,22,5,28,8,45,24,34,36,9,47,37,5,42,19,27,11,18,20$1.0
534$15,39,21,31,29,23,40,10,16,38,49,2,14,17,6,48,26,43,3,32,25,35,33,30,12,46,1,4,7,41,50,13,22,5,28,8,45,24,34,36,9,47,37,5,42,19,27,11,18,20$1.0
535$15,39,21,31,29,23,40,10,16,38,49,2,14,17,6,48,26,43,3,32,25,35,33,30,12,46,1,4,7,41,50,13,22,5,28,8,45,24,34,36,9,47,37,5,42,19,27,11,18,20$1.0
536$15,39,21,31,29,23,40,10,16,38,49,2,14,17,6,48,26,43,3,32,25,35,33,30,12,46,1,4,7,41,50,13,22,5,28,8,45,24,34,36,9,47,37,5,42,19,27,11,18,20$1.0
537$15,39,21,31,29,23,40,10,16,38,49,2,14,17,6,48,26,43,3,32,25,35,33,30,12,46,1,4,7,41,50,13,22,5,28,8,45,24,34,36,9,47,37,5,42,19,27,11,18,20$1.0
538$15,39,21,31,29,23,40,10,16,38,49,2,14,17,6,48,26,43,3,32,25,35,33,30,12,46,1,4,7,41,50,13,22,5,28,8,45,24,34,36,9,47,37,5,42,19,27,11,18,20$1.0
539$15,39,21,31,29,23,40,10,16,38,49,2,14,17,6,48,26,43,3,32,25,35,33,30,12,46,1,4,7,41,50,13,22,5,28,8,45,24,34,36,9,47,37,5,42,19,27,11,18,20$1.0
540$15,39,21,31,29,23,40,10,16,38,49,2,14,17,6,48,26,43,3,32,25,35,33,30,12,46,1,4,7,41,50,13,22,5,28,8,45,24,34,36,9,47,37,5,42,19,27,11,18,20$1.0
541$15,39,21,31,29,23,40,10,16,38,49,2,14,17,6,48,26,43,3,32,25,35,33,30,12,46,1,4,7,41,50,13,22,5,28,8,45,24,34,36,9,47,37,5,42,19,27,11,18,20$1.0
542$15,39,21,31,29,23,40,10,16,38,49,2,14,17,6,48,26,43,3,32,25,35,33,30,12,46,1,4,7,41,50,13,22,5,28,8,45,24,34,36,9,47,37,5,42,19,27,11,18,20$1.0
543$15,39,21,31,29,23,40,10,16,38,49,2,14,17,6,48,26,43,3,32,25,35,33,30,12,46,1,4,7,41,50,13,22,5,28,8,45,24,34,36,9,47,37,5,42,19,27,11,18,20$1.0
544$15,39,21,31,29,23,40,10,16,38,49,2,14,17,6,48,26,43,3,32,25,35,33,30,12,46,1,4,7,41,50,13,22,5,28,8,45,24,34,36,9,47,37,5,42,19,27,11,18,20$1.0
545$15,39,21,31,29,23,40,10,16,38,49,2,14,17,6,48,26,43,3,32,25,35,33,30,12,46,1,4,7,41,50,13,22,5,28,8,45,24,34,36,9,47,37,5,42,19,27,11,18,20$1.0
546$15,39,21,31,29,23,40,10,16,38,49,2,14,44,6,48,26,43,3,32,25,35,33,30,12,46,1,4,7,41,50,13,22,5,28,8,45,24,34,36,9,47,37,5,42,19,27,11,18,20$1.0
547$15,39,21,31,29,23,40,10,16,38,49,2,14,17,6,48,26,43,3,32,25,35,33,30,12,46,1,4,7,41,50,13,22,5,28,8,45,24,34,36,9,47,37,5,42,19,27,11,18,20$1.0
548$15,39,21,31,29,23,40,10,16,38,49,2,14,44,6,48,26,43,3,32,25,35,33,30,12,46,1,4,7,41,50,13,22,5,28,8,45,24,34,36,9,47,37,5,42,19,27,11,18,20$1.0
549$15,39,21,31,29,23,40,10,16,38,49,2,14,17,6,48,26,43,3,32,25,35,33,30,12,46,1,4,7,41,50,13,22,5,28,8,45,24,34,36,9,47,37,5,42,19,27,11,18,20$1.0
550$15,39,21,31,29,23,40,10,16,38,49,2,14,17,6,48,26,43,3,32,25,35,33,30,12,46,1,4,7,41,50,13,22,5,28,8,45,24,34,36,9,47,37,5,42,19,27,11,18,20$1.0
551$15,39,21,31,29,23,40,10,16,38,49,2,14,44,6,48,26,43,3,32,25,35,33,30,12,46,1,4,7,41,50,13,22,5,28,8,45,24,34,36,9,47,37,5,42,19,27,11,18,20$1.0
552$15,39,21,31,29,23,40,10,16,38,49,2,14,17,6,48,26,43,3,32,25,35,33,30,12,46,1,4,7,41,50,13,22,5,28,8,45,24,34,36,9,47,37,5,42,19,27,11,18,20$1.0
553$15,39,21,31,29,23,40,10,16,38,49,2,14,44,6,48,26,43,3,32,25,35,33,30,12,46,1,4,7,41,50,13,22,5,28,8,45,24,34,36,9,47,37,5,42,19,27,11,18,20$1.0
554$15,39,21,31,29,23,40,10,16,38,49,2,14,17,6,48,26,43,3,32,25,35,33,30,12,46,1,4,7,41,50,13,22,5,28,8,45,24,34,36,9,47,37,5,42,19,27,11,18,20$1.0
555$15,39,21,31,29,23,40,10,16,38,49,2,14,17,6,48,26,43,3,32,25,35,33,30,12,46,1,4,7,41,50,13,22,5,28,8,45,24,34,36,9,47,37,5,42,19,27,11,18,20$1.0
556$15,39,21,31,29,23,40,10,16,38,49,2,14,17,6,48,26,43,3,32,25,35,33,30,12,46,1,4,7,41,50,13,22,5,28,8,45,24,34,36,9,47,37,5,42,19,27,11,18,20$1.0
557$15,39,21,31,29,23,40,10,16,38,49,2,14,17,6,48,26,43,3,32,25,35,33,30,12,46,1,4,7,41,50,13,22,5,28,8,45,24,34,36,9,47,37,5,42,19,27,11,18,20$1.0
558$15,39,21,31,29,23,40,10,16,38,49,2,14,17,6,48,26,43,3,32,25,35,33,30,12,46,1,4,7,41,50,13,22,5,28,8,45,24,34,36,9,47,37,5,42,19,27,11,18,20$1.0
559$15,39,21,31,29,23,40,10,16,38,49,2,14,44,6,48,26,43,3,32,25,35,33,30,12,46,1,4,7,41,50,13,22,5,28,8,45,24,34,36,9,47,37,5,42,19,27,11,18,20$1.0
560$15,39,21,31,29,23,40,10,16,38,49,2,14,44,6,48,26,43,3,32,25,35,33,30,12,46,1,4,7,41,50,13,22,5,28,8,45,24,34,36,9,47,37,5,42,19,27,11,18,20$1.0
561$15,39,21,31,29,23,40,10,16,38,49,2,14,44,6,48,26,43,3,32,25,35,33,30,12,46,1,4,7,41,50,13,22,5,28,8,45,24,34,36,9,47,37,5,42,19,27,11,18,20$1.0
562$15,39,21,31,29,23,40,10,16,38,49,2,14,44,6,48,26,43,3,32,25,35,33,30,12,46,1,4,7,41,50,13,22,5,28,8,45,24,34,36,9,47,37,5,42,19,27,11,18,20$1.0
563$15,39,21,31,29,23,40,10,16,38,49,2,14,44,6,48,26,43,3,32,25,35,33,30,12,46,1,4,7,41,50,13,22,19,28,8,45,24,34,36,9,47,37,5,42,19,27,11,18,20$1.0
564$15,39,21,31,29,23,40,10,16,38,49,2,14,44,6,48,26,43,3,32,25,35,33,30,12,46,1,4,7,41,50,13,22,5,28,8,45,24,34,36,9,47,37,5,42,19,27,11,18,20$1.0
565$15,39,21,31,29,23,40,10,16,38,49,2,14,44,6,48,26,43,3,32,25,35,33,30,12,46,1,4,7,41,50,13,22,5,28,8,45,24,34,36,9,47,37,5,42,19,27,11,18,20$1.0
566$15,39,21,31,29,23,40,10,16,38,49,2,14,17,6,48,26,43,3,32,25,35,33,30,12,46,1,4,7,41,50,13,22,5,28,8,45,24,34,36,9,47,37,5,42,19,27,11,18,20$1.0
567$15,39,21,31,29,23,40,10,16,38,49,2,14,44,6,48,26,43,3,32,25,35,33,30,12,46,1,4,7,41,50,13,22,5,28,8,45,24,34,36,9,47,37,5,42,19,27,11,18,20$1.0
568$15,39,21,31,29,23,40,10,16,38,49,2,14,44,6,48,26,43,3,32,25,35,33,30,12,46,1,4,7,41,50,13,22,19,28,8,45,24,34,36,9,47,37,5,42,19,27,11,18,20$1.0
569$15,39,21,31,29,23,40,10,16,38,49,2,14,44,6,48,26,43,3,32,25,35,33,30,12,46,1,4,7,41,50,13,22,5,28,8,45,24,34,36,9,47,37,5,42,19,27,11,18,20$1.0
570$15,39,21,31,29,23,40,10,16,38,49,2,14,17,6,48,26,43,3,32,25,35,33,30,12,46,1,4,7,41,50,13,22,5,28,8,45,24,34,36,9,47,37,5,42,19,27,11,18,20$1.0
571$15,39,21,31,29,23,40,10,16,38,49,2,14,44,6,48,26,43,3,32,25,35,33,30,12,46,1,4,7,41,50,13,22,5,28,8,45,24,34,36,9,47,37,5,42,19,27,11,18,20$1.0
572$15,39,21,31,29,23,40,10,16,38,49,2,14,44,6,48,26,43,3,32,25,35,33,30,12,46,1,4,7,41,50,13,22,5,28,8,45,24,34,36,9,47,37,5,42,19,27,11,18,20$1.0
573$15,39,21,31,29,23,40,10,16,38,49,2,14,44,6,48,26,43,3,32,25,35,33,30,12,46,1,4,7,41,50,13,22,5,28,8,45,24,34,36,9,47,37,5,42,19,27,11,18,20$1.0
574$15,39,21,31,29,23,40,10,16,38,49,2,14,17,6,48,26,43,3,32,25,35,33,30,12,46,1,4,7,41,50,13,22,5,28,8,45,24,34,36,9,47,37,5,42,19,27,11,18,20$1.0
575$15,39,21,31,29,23,40,10,16,38,49,2,14,44,6,48,26,43,3,32,25,35,33,30,12,46,1,4,7,41,50,13,22,5,28,8,45,24,34,36,9,47,37,5,42,19,27,11,18,20$1.0
576$15,39,21,31,29,23,40,10,16,38,49,2,14,17,6,48,26,43,3,32,25,35,33,30,12,46,1,4,7,41,50,13,22,5,28,8,45,24,34,36,9,47,37,5,42,19,27,11,18,20$1.0
577$15,39,21,31,29,23,40,10,16,38,49,2,14,44,6,48,26,43,3,32,25,35,33,30,12,46,1,4,7,41,50,13,22,5,28,8,45,24,34,36,9,47,37,5,42,19,27,11,18,20$1.0
578$15,39,21,31,29,23,40,10,16,38,49,2,14,44,6,48,26,43,3,32,25,35,33,30,12,46,1,4,7,41,50,13,22,5,28,8,45,24,34,36,9,47,37,5,42,19,27,11,18,20$1.0
579$15,39,21,31,29,23,40,10,16,38,49,2,14,44,6,48,26,43,3,32,25,35,33,30,12,46,1,4,7,41,50,13,22,5,28,8,45,24,34,36,9,47,37,5,42,19,27,11,18,20$1.0
580$15,39,21,31,29,23,40,10,16,38,49,2,14,44,6,48,26,43,3,32,25,35,33,30,12,46,1,4,7,41,50,13,22,5,28,8,45,24,34,36,9,47,37,5,42,19,27,11,18,20$1.0
581$15,39,21,31,29,23,40,10,16,38,49,2,14,44,6,48,26,43,3,32,25,35,33,30,12,46,1,4,7,41,50,13,22,5,28,8,45,24,34,36,9,47,37,5,42,19,27,11,18,20$1.0
582$15,39,21,31,29,23,40,10,16,38,49,2,14,44,6,48,26,43,3,32,25,35,33,30,12,46,1,4,7,41,50,13,22,5,28,8,45,24,34,36,9,47,37,5,42,19,27,11,18,20$1.0
583$15,39,21,31,29,23,40,10,16,38,49,2,14,44,6,48,26,43,3,32,25,35,33,30,12,46,1,4,7,41,50,13,22,5,28,8,45,24,34,36,9,47,37,5,42,19,27,11,18,20$1.0
584$15,39,21,31,29,23,40,10,16,38,49,2,14,44,6,48,26,43,3,32,25,35,33,30,12,46,1,4,7,41,50,13,22,17,28,8,45,24,34,36,9,47,37,5,42,19,27,11,18,20$0.0
584$15,39,21,31,29,23,40,10,16,38,49,2,14,44,6,48,26,43,3,32,25,35,33,30,12,46,1,4,7,41,50,13,22,17,28,8,45,24,34,36,9,47,37,5,42,19,27,11,18,20$0.0
