16
0$7,9,8,16,9,3,3,8,13,13,10,4,5,3,16,14$15.0
0$8,5,12,10,5,2,9,9,13,10,4,16,13,11,14,13$20.0
0$14,9,14,10,4,2,16,10,3,13,9,12,12,4,9,11$17.0
0$7,9,8,16,9,3,3,8,13,13,10,4,5,3,16,14$15.0
1$8,7,12,10,5,2,9,5,13,13,10,4,12,3,16,14$10.0
1$7,9,12,1,9,3,3,8,13,13,10,4,5,3,16,14$13.0
1$1,14,12,10,7,2,13,5,7,14,4,11,8,8,16,12$12.0
1$8,7,12,10,5,2,9,5,13,13,10,4,12,3,16,14$10.0
2$1,14,12,10,7,2,13,5,7,14,4,11,8,8,16,12$12.0
3$1,5,10,13,9,16,4,5,7,14,4,11,8,8,16,12$12.0
4$8,5,12,10,9,16,4,2,10,14,13,1,5,4,6,11$11.0
5$1,14,12,10,7,2,6,16,5,15,9,9,5,3,16,6$8.0
5$1,14,12,10,7,2,6,16,5,15,9,9,5,3,16,6$8.0
6$4,5,10,13,9,16,3,8,11,15,2,9,5,3,16,14$10.0
7$1,11,6,14,7,2,13,5,7,14,4,11,8,8,16,12$8.0
8$1,11,2,6,10,16,13,5,7,14,4,11,8,8,16,12$11.0
9$6,4,6,14,7,2,13,5,7,14,4,11,8,8,16,12$9.0
10$16,4,6,14,7,2,13,5,7,14,4,11,8,8,16,12$9.0
11$1,5,10,13,9,16,4,2,11,15,4,11,8,1,16,12$6.0
11$1,5,10,13,9,16,4,2,11,15,4,11,8,1,16,12$6.0
12$1,5,10,13,9,16,4,2,11,15,4,11,8,1,16,12$6.0
13$1,5,10,13,9,16,4,2,11,15,4,11,8,8,16,12$8.0
14$1,5,10,13,9,14,3,8,15,12,4,11,8,5,16,2$4.0
14$1,5,10,13,9,14,3,8,15,12,4,11,8,5,16,2$4.0
15$1,5,10,13,9,16,4,2,14,15,4,11,8,2,16,12$7.0
16$1,5,10,13,9,16,4,2,11,15,4,11,8,2,13,12$6.0
17$1,5,10,13,9,16,4,2,11,15,4,11,8,2,3,12$5.0
18$1,5,12,10,7,16,3,5,7,14,15,11,8,6,16,2$5.0
19$1,5,10,13,9,16,4,2,11,15,9,11,8,2,16,12$6.0
20$1,5,10,13,9,16,4,2,11,15,4,11,8,2,16,12$4.0
21$1,3,6,10,7,16,4,2,4,14,9,11,8,15,2,12$6.0
22$1,5,12,10,7,16,3,5,7,14,15,11,8,3,16,2$6.0
23$1,5,12,10,7,16,3,5,7,14,4,11,8,15,2,4$5.0
24$1,5,12,10,7,16,3,5,7,14,4,11,8,6,16,2$5.0
25$1,5,12,10,7,16,3,5,7,14,15,11,8,6,16,2$5.0
26$1,5,12,10,7,16,3,5,7,14,15,11,8,6,16,2$5.0
27$1,5,12,10,7,16,3,5,7,14,15,11,8,6,16,2$5.0
28$1,5,12,10,7,16,3,5,7,15,15,11,8,3,16,2$5.0
29$1,5,12,10,7,16,4,2,7,15,15,11,8,3,16,2$4.0
30$1,5,12,10,7,16,4,2,7,15,15,11,8,3,16,2$4.0
31$1,5,12,10,7,16,3,5,7,15,15,11,8,6,16,2$4.0
32$1,5,12,10,7,16,3,5,7,15,15,11,8,6,16,2$4.0
33$1,5,12,10,7,16,3,5,7,15,15,11,8,6,16,1$5.0
34$1,5,14,10,7,16,3,5,7,15,4,11,8,13,9,2$4.0
35$1,5,12,10,7,16,3,5,7,15,15,11,8,6,16,2$4.0
36$1,9,14,10,7,16,3,5,7,15,15,11,8,6,16,2$3.0
36$1,9,14,10,7,16,3,5,7,15,15,11,8,6,16,2$3.0
37$1,9,14,10,7,16,3,5,7,15,15,11,8,6,16,2$3.0
38$1,9,14,10,7,16,3,5,7,15,15,11,8,6,16,2$3.0
39$1,5,12,10,13,16,3,5,7,15,15,11,8,6,16,2$5.0
40$1,9,14,10,7,16,3,5,7,15,15,11,8,6,16,2$3.0
41$1,9,12,10,7,16,3,5,7,15,15,11,8,6,16,2$3.0
42$1,9,12,10,13,16,3,5,7,15,14,11,8,6,16,10$4.0
43$1,9,14,10,7,16,3,5,7,15,15,11,8,6,16,2$3.0
44$1,9,14,10,7,16,3,5,7,15,15,11,8,6,16,2$3.0
45$1,9,12,10,7,16,3,5,7,15,15,11,8,6,16,2$3.0
46$1,9,12,10,7,16,3,5,7,15,15,11,8,6,16,2$3.0
47$1,9,12,10,7,16,3,5,7,15,15,11,8,6,16,2$3.0
48$1,9,12,10,7,16,3,5,7,15,15,11,8,6,16,2$3.0
49$1,9,12,10,7,16,3,5,7,15,15,11,8,6,16,2$3.0
50$1,9,12,10,7,16,3,5,7,15,15,11,8,6,16,2$3.0
51$1,9,12,10,7,16,3,5,7,15,15,11,8,6,16,2$3.0
52$1,9,12,10,7,16,3,5,7,15,15,11,8,6,16,2$3.0
53$1,9,12,10,7,16,3,5,7,15,15,11,8,6,16,2$3.0
54$1,9,12,10,13,16,3,5,7,15,15,11,4,6,16,3$3.0
55$1,9,14,10,7,16,3,5,7,15,15,11,8,6,16,2$3.0
56$1,9,12,10,7,16,3,5,7,15,15,11,8,6,16,2$3.0
57$1,9,12,10,4,16,3,5,7,15,13,11,8,6,16,2$3.0
58$1,9,12,10,7,16,3,5,7,15,15,11,8,6,16,2$3.0
59$4,9,12,10,7,16,3,5,7,15,15,11,14,6,2,2$3.0
60$1,9,12,10,7,16,3,5,7,15,15,11,14,6,2,2$3.0
61$1,9,12,10,7,16,3,5,7,15,15,11,8,6,16,2$3.0
62$1,9,12,10,7,16,3,5,7,15,15,11,8,6,16,2$3.0
63$1,9,12,10,7,16,3,5,7,15,15,11,8,6,16,2$3.0
64$1,9,12,10,7,16,3,5,7,15,15,11,8,6,16,2$3.0
65$1,9,12,10,7,16,3,5,7,15,15,11,8,6,16,2$3.0
66$1,9,12,10,7,16,3,5,7,15,15,11,8,6,16,2$3.0
67$1,9,12,10,7,16,3,5,7,15,15,11,8,6,16,2$3.0
68$1,9,12,10,7,16,3,11,7,15,15,11,8,6,2,13$3.0
69$1,9,12,10,7,16,3,5,7,15,15,11,14,6,2,2$3.0
70$1,9,12,10,7,16,3,5,7,15,15,11,14,6,6,2$3.0
71$1,9,12,10,7,16,3,5,7,15,15,11,8,6,16,2$3.0
72$1,9,12,10,7,16,3,5,7,15,15,11,8,6,16,2$3.0
73$1,9,12,10,7,16,3,5,7,15,15,11,8,6,16,2$3.0
74$1,9,12,10,7,16,3,5,7,15,15,11,8,6,16,2$3.0
75$1,9,12,10,7,16,3,1,7,15,15,11,8,6,2,13$3.0
76$1,9,12,10,7,16,3,5,7,15,13,11,8,6,4,2$3.0
77$1,9,12,10,7,16,3,5,7,15,15,11,14,6,6,2$3.0
78$1,9,12,10,7,16,3,5,7,15,15,11,14,6,6,2$3.0
79$1,9,12,10,7,16,3,5,7,15,15,11,14,6,6,2$3.0
80$1,9,14,10,7,16,3,5,7,15,15,11,8,6,16,2$3.0
81$1,9,12,10,7,16,3,5,7,15,15,11,14,6,6,2$3.0
82$1,9,12,10,7,16,3,5,7,15,15,11,8,6,4,2$2.0
82$1,9,12,10,7,16,3,5,7,15,15,11,8,6,4,2$2.0
83$1,9,12,10,7,16,3,9,7,15,15,11,8,6,4,2$3.0
84$1,9,12,10,7,16,3,5,7,15,13,11,8,6,4,2$3.0
85$1,9,12,10,7,16,3,5,7,15,13,11,8,6,4,2$3.0
86$1,9,12,10,7,16,3,5,7,15,13,11,8,6,4,2$3.0
87$1,9,12,10,7,16,3,5,7,15,15,11,8,6,4,2$2.0
88$1,9,12,10,7,16,3,5,7,15,15,11,8,6,4,2$2.0
89$1,9,12,10,7,16,3,11,7,3,15,11,14,6,2,13$3.0
90$1,9,12,10,7,16,3,5,7,15,15,11,8,6,4,2$2.0
91$1,9,12,10,7,16,3,5,7,15,15,11,8,6,4,2$2.0
92$1,9,12,10,7,16,3,5,7,15,15,11,8,6,4,2$2.0
93$1,9,12,10,7,16,3,5,7,15,15,11,8,6,4,2$2.0
94$1,9,12,10,7,16,3,11,4,15,15,11,14,6,2,13$2.0
95$1,9,12,10,7,16,3,11,4,15,15,11,14,6,2,13$2.0
96$1,9,12,10,7,16,3,11,4,15,15,11,14,6,2,13$2.0
97$1,9,12,10,7,16,3,5,7,15,15,11,8,6,4,2$2.0
98$1,9,12,10,7,16,3,5,7,15,15,11,8,6,4,2$2.0
99$1,9,12,10,7,16,3,11,4,15,15,11,14,6,2,13$2.0
100$1,9,12,10,7,16,3,11,4,15,15,11,14,6,2,13$2.0
101$1,9,12,10,7,16,3,11,4,15,15,11,14,6,2,5$2.0
102$1,9,12,10,7,16,3,11,4,15,15,11,14,6,2,13$2.0
103$1,9,12,10,7,16,3,11,4,15,15,11,14,6,2,13$2.0
104$1,9,12,10,7,16,3,11,4,15,15,11,14,6,2,13$2.0
105$1,9,12,10,7,16,3,11,4,15,15,11,14,6,2,13$2.0
106$1,9,12,10,7,16,3,5,7,15,15,11,8,6,4,2$2.0
107$1,9,12,10,7,16,3,11,4,15,15,11,14,6,2,5$2.0
108$1,9,12,10,7,16,3,11,4,15,15,11,14,6,2,5$2.0
109$1,9,12,10,7,16,3,1,4,15,5,11,14,6,2,13$1.0
109$1,9,12,10,7,16,3,1,4,15,5,11,14,6,2,13$1.0
110$1,9,12,10,7,16,3,1,4,15,5,11,14,6,2,13$1.0
111$1,9,12,10,7,16,3,11,4,15,5,11,14,6,2,13$1.0
112$1,9,12,10,7,16,3,11,4,15,5,11,14,6,2,13$1.0
113$1,9,12,10,7,16,3,11,4,15,15,11,14,6,2,5$2.0
114$1,9,12,10,7,16,3,11,4,15,15,11,14,6,2,5$2.0
115$1,9,12,10,7,16,3,1,4,15,15,11,14,6,2,5$2.0
116$1,9,12,10,7,16,3,1,4,15,15,11,14,6,2,5$2.0
117$1,9,12,10,7,16,3,1,4,15,5,11,14,6,2,13$1.0
118$1,9,12,10,7,16,3,1,4,15,5,11,14,6,2,5$2.0
119$1,9,12,10,7,16,3,1,4,15,5,11,14,6,2,13$1.0
120$1,9,12,10,7,16,3,1,4,15,5,11,14,6,2,13$1.0
121$1,9,12,10,7,16,3,1,4,15,5,11,14,6,2,13$1.0
122$1,9,12,10,7,16,3,1,4,15,5,11,14,6,2,13$1.0
123$1,9,12,10,7,16,3,1,4,15,5,11,14,6,2,13$1.0
124$1,9,12,10,7,16,3,1,4,15,5,11,14,6,2,13$1.0
125$1,9,12,10,7,16,3,1,4,15,5,11,14,6,2,13$1.0
126$1,9,12,10,7,16,3,1,4,15,5,11,14,6,2,13$1.0
127$1,9,12,10,7,16,3,1,4,15,5,11,14,6,2,13$1.0
128$1,9,12,10,7,16,3,1,4,15,15,11,14,6,2,5$2.0
129$1,9,12,10,7,16,3,1,4,15,5,11,14,6,2,13$1.0
130$1,9,12,10,7,16,3,1,4,15,5,11,14,6,2,13$1.0
131$1,9,12,10,7,16,3,1,4,15,5,11,14,6,2,13$1.0
132$1,9,12,10,7,16,3,1,4,15,5,11,14,6,2,13$1.0
133$1,9,12,10,7,16,3,16,4,15,5,11,14,6,2,13$1.0
134$1,9,12,10,7,16,3,1,4,15,5,11,14,6,2,13$1.0
135$1,9,12,10,7,16,3,1,4,15,5,11,14,6,2,13$1.0
136$1,9,12,10,7,16,3,1,4,15,5,11,14,6,2,13$1.0
137$1,9,12,10,7,16,3,1,4,15,5,11,14,6,2,13$1.0
138$1,9,12,10,7,16,3,1,4,15,5,11,14,6,2,13$1.0
139$5,9,12,10,7,16,3,1,4,15,5,11,14,6,13,2$1.0
140$1,9,12,10,7,16,3,1,4,15,5,11,14,6,2,13$1.0
141$1,9,12,10,7,16,3,1,4,15,5,11,14,6,2,13$1.0
142$1,9,12,10,7,16,3,1,4,15,5,11,14,6,2,13$1.0
143$1,9,12,10,7,16,3,1,4,15,5,11,14,6,2,13$1.0
144$1,9,12,10,7,16,3,1,4,15,5,11,14,6,2,13$1.0
145$1,9,12,10,7,16,3,1,4,15,5,11,14,6,2,13$1.0
146$5,9,12,10,7,16,3,1,4,15,5,11,14,6,2,13$1.0
147$1,9,12,10,7,16,3,1,4,15,5,11,14,6,2,13$1.0
148$1,9,12,10,7,16,3,1,4,15,5,11,14,6,2,13$1.0
149$1,9,12,10,7,16,3,1,4,15,5,11,14,6,2,13$1.0
150$1,9,12,10,7,16,3,1,4,15,5,11,14,6,2,13$1.0
151$1,9,12,10,7,16,3,1,4,15,5,11,14,6,2,13$1.0
152$1,9,12,10,7,16,3,1,4,15,5,11,14,6,2,13$1.0
153$1,9,12,10,7,16,3,1,4,15,5,11,14,6,2,13$1.0
154$1,9,12,10,7,16,3,1,4,15,5,11,14,6,2,13$1.0
155$1,9,12,10,7,16,3,1,4,15,5,11,14,6,2,13$1.0
156$1,9,12,10,7,16,3,1,4,15,5,11,14,6,2,13$1.0
157$1,9,12,10,7,16,3,1,4,15,5,11,14,6,2,13$1.0
158$1,9,12,10,7,16,3,1,4,8,5,11,14,6,2,13$1.0
159$1,9,12,10,7,16,3,1,4,15,5,11,14,6,2,13$1.0
160$1,9,12,10,7,16,3,1,4,15,5,11,14,6,2,13$1.0
161$1,9,12,10,7,16,3,1,4,15,5,11,14,6,2,13$1.0
162$1,9,12,10,7,16,3,1,4,15,5,11,14,6,2,13$1.0
163$1,9,12,10,7,16,3,1,4,15,5,11,14,6,2,13$1.0
164$1,9,12,10,7,16,3,1,4,15,5,11,14,6,2,13$1.0
165$1,9,12,10,7,16,3,1,4,15,5,11,14,6,2,13$1.0
166$4,9,12,10,7,16,3,1,4,15,5,11,14,6,2,13$1.0
167$4,9,12,10,7,16,3,1,4,15,5,11,14,6,2,13$1.0
168$1,9,12,10,7,16,3,1,4,15,5,11,14,6,2,13$1.0
169$4,9,12,10,7,16,3,1,4,15,5,11,14,6,2,13$1.0
170$5,9,12,10,7,16,3,1,4,15,5,11,14,6,2,13$1.0
171$4,9,12,10,7,16,3,1,4,15,5,11,14,6,2,13$1.0
172$1,9,12,10,7,16,3,1,4,15,5,11,14,6,2,13$1.0
173$1,9,12,10,7,16,3,11,4,15,5,11,14,6,2,13$1.0
174$4,9,12,10,7,16,3,1,4,15,5,11,14,6,2,13$1.0
175$5,9,12,10,7,16,3,1,4,8,5,11,14,6,2,13$1.0
176$5,9,12,10,7,16,3,1,4,15,5,11,14,6,2,13$1.0
177$4,9,12,10,7,16,3,1,4,8,5,11,14,6,2,13$1.0
178$1,9,12,10,7,16,3,1,4,15,5,11,14,6,2,13$1.0
179$1,9,12,10,7,16,3,1,4,15,5,11,14,6,2,13$1.0
180$5,9,12,10,7,16,3,1,4,15,5,11,14,6,2,13$1.0
181$5,9,12,10,7,16,3,1,4,15,5,11,14,6,2,13$1.0
182$1,9,12,10,7,16,3,1,4,15,5,11,14,6,2,13$1.0
183$5,9,12,10,7,16,3,1,4,15,5,11,14,6,2,13$1.0
184$5,9,12,10,7,16,3,1,4,15,5,11,14,6,2,13$1.0
185$4,9,12,10,7,16,3,1,4,15,5,11,14,6,2,13$1.0
186$5,9,12,10,7,16,3,1,4,15,5,11,14,6,2,13$1.0
187$4,9,12,10,7,16,3,1,4,15,5,11,14,6,2,13$1.0
188$4,9,12,10,7,16,3,1,4,15,5,11,14,6,2,13$1.0
189$5,9,12,10,7,16,3,1,4,15,5,11,14,6,2,13$1.0
190$5,9,12,10,7,16,3,1,4,15,5,11,14,6,2,13$1.0
191$4,9,12,10,7,16,3,1,4,15,5,11,14,6,2,13$1.0
192$5,9,12,10,7,16,3,1,4,15,5,11,14,6,2,13$1.0
193$5,9,12,10,7,16,3,1,4,15,5,11,14,6,2,13$1.0
194$4,9,12,10,7,16,3,1,4,15,5,11,14,6,2,13$1.0
195$5,9,12,10,7,16,3,1,4,15,5,11,14,6,2,13$1.0
196$4,9,12,10,7,16,3,1,4,15,5,11,14,6,2,13$1.0
197$4,9,12,10,7,16,3,1,4,15,5,11,14,6,2,13$1.0
198$4,9,12,10,7,16,3,1,4,15,5,11,14,6,2,13$1.0
199$5,9,12,10,7,16,3,1,4,15,5,11,14,6,2,13$1.0
200$5,9,12,10,7,16,3,1,4,15,5,11,14,6,2,13$1.0
201$4,9,12,10,7,16,3,1,4,15,5,11,14,6,2,13$1.0
202$5,9,12,10,7,16,3,1,4,15,5,11,14,6,2,13$1.0
203$5,9,12,10,7,16,3,1,4,15,5,11,14,6,2,13$1.0
204$4,9,12,10,7,16,3,1,4,15,5,11,14,6,2,13$1.0
205$4,9,12,10,7,16,3,1,4,15,5,11,14,6,2,13$1.0
206$4,9,12,10,7,16,3,1,4,15,5,11,14,6,2,13$1.0
207$4,9,12,10,7,16,3,1,4,15,5,11,14,6,2,13$1.0
208$4,9,12,10,7,16,3,1,4,15,5,11,14,6,2,13$1.0
209$4,9,12,10,7,16,3,1,9,15,5,11,14,6,2,13$1.0
210$4,9,12,10,7,16,3,1,4,15,5,11,14,6,2,13$1.0
211$4,9,12,10,7,16,3,1,4,15,5,11,14,6,2,13$1.0
212$1,9,12,10,7,16,3,1,4,15,5,11,14,6,2,13$1.0
213$4,9,12,10,7,16,3,1,4,15,5,11,14,6,2,13$1.0
214$4,9,12,10,7,16,3,1,4,15,5,11,14,6,2,13$1.0
215$4,9,12,10,7,16,3,1,4,15,5,11,14,6,2,13$1.0
216$4,9,12,10,7,16,3,1,4,8,5,11,14,6,2,13$1.0
217$1,9,12,10,7,16,3,1,4,15,5,11,14,6,2,13$1.0
218$4,9,12,10,7,16,3,1,4,15,5,11,14,6,2,13$1.0
219$4,9,12,10,7,16,3,1,4,15,5,11,14,6,2,13$1.0
220$4,9,12,10,7,16,3,1,4,15,5,11,14,6,2,13$1.0
221$4,9,12,10,7,16,3,1,4,15,5,11,14,6,2,13$1.0
222$4,9,12,10,7,16,3,1,4,8,5,11,14,6,2,13$1.0
223$1,9,12,10,7,16,3,1,4,15,5,11,14,6,2,13$1.0
224$4,9,12,10,7,16,3,1,4,15,5,11,14,6,2,13$1.0
225$5,9,12,10,7,16,3,1,4,15,5,11,14,6,2,13$1.0
226$1,9,12,10,7,16,3,1,4,15,5,11,14,6,2,13$1.0
227$4,9,12,10,7,16,3,1,4,15,5,11,14,6,2,13$1.0
228$5,9,12,10,7,16,3,1,4,15,5,11,14,6,2,13$1.0
229$1,9,12,10,7,16,3,1,4,15,5,11,14,6,2,13$1.0
230$4,9,12,10,7,16,3,1,4,15,5,11,14,6,2,13$1.0
231$1,9,12,10,7,16,3,1,4,15,5,11,14,6,2,13$1.0
232$4,9,12,10,7,16,3,1,4,15,5,11,14,6,2,13$1.0
233$1,9,12,10,7,16,3,1,4,15,5,11,14,6,2,13$1.0
234$1,9,12,10,7,16,3,1,4,8,5,11,14,6,2,13$1.0
235$4,9,12,10,7,16,3,1,4,15,5,11,14,6,2,13$1.0
236$4,9,12,10,7,16,3,1,4,15,5,11,14,6,2,13$1.0
237$1,9,12,10,7,16,3,11,4,15,5,11,14,6,2,13$1.0
238$1,9,12,10,7,16,3,1,4,15,5,11,14,6,2,13$1.0
239$1,9,12,10,7,16,3,1,4,15,5,11,14,6,2,13$1.0
240$1,9,12,10,7,16,3,1,4,15,5,11,14,6,2,13$1.0
241$1,9,12,10,7,16,3,1,4,15,5,11,14,6,2,13$1.0
242$1,9,12,10,7,16,3,11,4,15,5,11,14,6,2,13$1.0
243$1,9,12,10,7,16,3,1,4,15,5,11,14,6,2,13$1.0
244$1,9,12,10,7,16,3,11,4,15,5,11,14,6,2,13$1.0
245$4,9,12,10,7,16,3,1,4,15,5,11,14,6,2,13$1.0
246$1,9,12,10,7,16,3,1,4,15,5,11,14,6,2,13$1.0
247$4,9,12,10,7,16,3,1,9,15,5,11,14,6,2,13$1.0
248$1,9,12,10,7,16,3,11,4,15,5,11,14,6,2,13$1.0
249$4,9,12,10,7,16,3,1,4,15,5,11,14,6,2,13$1.0
250$4,9,12,10,7,16,3,1,9,15,5,11,14,6,2,13$1.0
251$1,9,12,10,7,16,3,1,4,15,5,11,14,6,2,13$1.0
252$4,9,12,10,7,16,3,1,4,15,5,11,14,6,2,13$1.0
253$4,9,12,10,7,16,3,1,4,15,5,11,14,6,2,13$1.0
254$4,9,12,10,7,16,3,1,9,15,5,11,14,6,2,13$1.0
255$4,9,12,10,7,16,3,1,4,15,5,11,14,6,2,13$1.0
256$4,9,12,10,7,16,3,1,4,15,5,11,14,6,2,13$1.0
257$4,9,12,10,7,16,3,1,9,15,5,11,14,6,2,13$1.0
258$4,9,12,10,7,16,3,1,4,15,5,11,14,6,2,13$1.0
259$4,9,12,10,7,16,3,1,9,15,5,11,14,6,2,13$1.0
260$4,9,12,10,7,16,3,1,9,15,5,11,14,6,2,13$1.0
261$4,9,12,10,7,16,3,1,4,15,5,11,14,6,2,13$1.0
262$4,9,12,10,7,16,3,1,4,15,5,11,14,6,2,13$1.0
263$4,9,12,10,7,16,3,1,9,15,5,11,14,6,2,13$1.0
264$4,9,12,10,7,16,3,1,9,15,5,11,14,6,2,13$1.0
265$4,9,12,10,7,16,3,1,9,15,5,11,14,6,2,13$1.0
266$4,9,12,10,7,16,3,1,9,15,5,11,14,6,2,13$1.0
267$4,9,12,10,7,16,3,1,9,15,5,11,8,6,2,13$1.0
268$4,9,12,10,7,16,3,1,9,15,5,11,14,6,2,13$1.0
269$4,9,12,10,7,16,3,1,9,15,5,11,14,6,2,13$1.0
270$4,9,12,10,7,16,3,1,4,15,5,11,14,6,2,13$1.0
271$4,9,12,10,7,16,3,1,9,15,5,11,14,6,2,13$1.0
272$4,9,12,10,7,16,3,1,9,15,5,11,14,6,2,13$1.0
273$4,9,12,10,7,16,3,1,4,15,5,11,14,6,2,13$1.0
274$4,9,12,10,7,16,3,1,4,15,5,11,14,6,2,13$1.0
275$4,9,12,10,7,16,3,1,4,15,5,11,14,6,2,13$1.0
276$4,9,12,10,7,16,3,1,4,15,5,11,14,6,2,13$1.0
277$4,9,12,10,7,16,3,1,4,15,5,11,14,6,2,13$1.0
278$4,9,12,10,7,16,3,1,4,15,5,11,14,6,2,13$1.0
279$4,9,12,10,7,16,3,1,4,15,5,11,14,6,2,13$1.0
280$4,9,12,10,7,16,3,1,4,15,5,11,14,6,2,13$1.0
281$4,9,12,10,7,16,3,1,4,15,5,11,14,6,2,13$1.0
282$4,9,12,10,7,16,3,1,4,15,5,11,14,6,2,13$1.0
283$4,9,12,10,7,16,3,1,4,15,5,11,14,6,2,13$1.0
284$4,9,12,10,7,16,3,1,4,15,5,11,14,6,2,13$1.0
285$4,9,12,10,7,16,3,1,4,15,5,11,14,6,2,13$1.0
286$4,9,12,10,7,16,3,1,4,15,5,11,14,6,2,13$1.0
287$4,9,12,10,7,16,3,1,9,15,5,11,14,6,2,13$1.0
288$4,9,12,10,7,16,3,1,4,15,5,11,14,6,2,13$1.0
289$4,9,12,10,7,16,3,1,4,15,5,11,14,6,2,13$1.0
290$4,9,12,10,7,16,3,1,4,15,5,11,14,6,2,13$1.0
291$4,9,12,10,7,16,3,1,9,15,5,11,14,6,2,13$1.0
292$4,9,12,10,7,16,3,1,4,15,5,11,14,6,2,13$1.0
293$4,9,12,10,7,16,3,1,4,15,5,11,14,6,2,13$1.0
294$4,9,12,10,7,16,3,1,4,15,5,11,14,6,2,13$1.0
295$4,9,12,10,7,16,3,1,4,15,5,11,14,6,2,13$1.0
296$4,9,12,10,7,16,3,1,4,15,5,11,14,6,2,13$1.0
297$4,9,12,10,7,16,3,1,4,15,5,11,14,6,2,13$1.0
298$4,9,12,10,7,16,3,1,4,15,5,11,14,6,2,13$1.0
299$4,9,12,10,7,16,3,1,4,15,5,11,14,6,2,13$1.0
300$4,9,12,10,7,16,3,1,4,15,5,11,14,6,2,13$1.0
301$4,9,12,10,7,16,3,1,4,15,5,11,14,6,2,13$1.0
302$4,9,12,10,7,16,3,1,4,8,5,11,14,6,2,13$1.0
303$4,9,12,10,7,16,3,1,4,15,5,11,14,6,2,13$1.0
304$4,9,12,10,7,16,3,1,4,15,5,11,14,6,2,13$1.0
305$4,9,12,10,7,16,3,1,4,15,5,11,14,6,2,13$1.0
306$4,9,12,10,7,16,3,1,4,8,5,11,14,6,2,13$1.0
307$4,9,12,10,7,16,3,1,4,8,5,11,14,6,2,13$1.0
308$4,9,12,10,7,16,3,1,4,8,5,11,14,6,2,13$1.0
309$1,9,12,10,7,16,3,1,4,15,5,11,14,6,2,13$1.0
310$4,9,12,10,7,16,3,1,4,8,5,11,14,6,2,13$1.0
311$4,9,12,10,7,16,3,1,4,8,5,11,14,6,2,13$1.0
312$4,9,12,10,7,16,3,1,4,15,5,11,14,6,2,13$1.0
313$1,9,12,10,7,16,3,1,4,15,5,11,14,6,2,13$1.0
314$4,9,12,10,7,16,3,1,4,15,5,11,14,6,2,13$1.0
315$4,9,12,10,7,16,3,1,4,8,5,11,14,6,2,13$1.0
316$4,9,12,10,7,16,3,1,4,15,5,11,14,6,2,13$1.0
317$4,9,12,10,7,16,3,1,4,8,5,11,14,6,2,13$1.0
318$4,9,12,10,7,16,3,1,4,15,5,11,14,6,2,13$1.0
319$4,9,12,10,7,16,3,1,4,8,5,11,14,6,2,13$1.0
320$4,9,12,10,7,16,3,1,4,15,5,11,14,6,2,13$1.0
321$4,9,12,10,7,16,3,1,4,15,5,11,14,6,2,13$1.0
322$4,9,12,10,7,16,3,1,4,15,5,11,14,6,2,13$1.0
323$4,9,12,10,7,16,3,1,4,15,5,11,14,6,2,13$1.0
324$4,9,12,10,7,16,3,1,4,15,5,11,14,6,2,13$1.0
325$4,9,12,10,7,16,3,1,4,8,5,11,14,6,2,13$1.0
326$4,9,12,10,7,16,3,1,4,15,5,11,14,6,2,13$1.0
327$4,9,12,10,7,16,3,1,4,15,5,11,14,6,2,13$1.0
328$4,9,12,10,7,16,3,1,4,15,5,11,14,6,2,13$1.0
329$4,9,12,10,7,16,3,1,4,15,5,11,14,6,2,13$1.0
330$1,9,12,10,7,16,3,1,4,15,5,11,14,6,2,13$1.0
331$4,9,12,10,7,16,3,1,4,15,5,11,14,6,2,13$1.0
332$4,9,12,10,7,16,3,1,4,15,5,11,14,6,2,13$1.0
333$4,9,12,10,7,16,3,1,4,15,5,11,14,6,2,13$1.0
334$4,9,12,10,7,16,3,1,4,8,5,11,14,6,2,13$1.0
335$4,9,12,10,7,16,3,1,4,15,5,11,14,6,2,13$1.0
336$4,9,12,10,7,16,3,1,4,15,5,11,14,6,2,13$1.0
337$4,9,12,10,7,16,3,1,4,15,5,11,14,6,2,13$1.0
338$4,9,12,10,7,16,3,1,4,15,5,11,14,6,2,13$1.0
339$4,9,12,10,7,16,3,1,4,15,5,11,14,6,2,13$1.0
340$4,9,12,10,7,16,3,1,4,15,5,11,14,6,2,13$1.0
341$4,9,12,10,7,16,3,1,4,15,5,11,14,6,2,13$1.0
342$4,9,12,10,7,16,3,1,4,15,5,11,14,6,2,13$1.0
343$4,9,12,10,7,16,3,1,4,15,5,11,14,6,2,13$1.0
344$4,9,12,10,7,16,3,1,4,15,5,11,14,6,2,13$1.0
345$4,9,12,10,7,16,3,1,4,15,5,11,14,6,2,13$1.0
346$4,9,12,10,7,16,3,1,4,15,5,11,14,6,2,13$1.0
347$4,9,12,10,7,16,3,1,4,15,5,11,14,6,2,13$1.0
348$5,9,12,10,7,16,3,1,4,15,5,11,14,6,2,13$1.0
349$4,9,12,10,7,16,3,1,4,15,5,11,14,6,2,13$1.0
350$5,9,12,10,7,16,3,1,4,15,5,11,14,6,2,13$1.0
351$4,9,12,10,7,16,3,1,4,15,5,11,14,6,2,13$1.0
352$4,9,12,10,7,16,3,1,4,15,5,11,14,6,2,13$1.0
353$4,9,12,10,7,16,3,1,4,15,5,11,14,6,2,13$1.0
354$4,9,12,10,7,16,3,1,4,15,5,11,14,6,2,13$1.0
355$5,9,12,10,7,16,3,1,4,15,5,11,14,6,2,13$1.0
356$4,9,12,10,7,16,3,1,4,15,5,11,14,6,2,13$1.0
357$4,9,12,10,7,16,3,1,4,15,5,11,14,6,2,13$1.0
358$4,9,12,10,7,16,3,1,4,15,5,11,14,6,2,13$1.0
359$4,9,12,10,7,16,3,1,4,15,5,11,14,6,2,13$1.0
360$4,9,12,10,7,16,3,1,4,8,5,11,14,6,2,13$1.0
361$4,9,12,10,7,16,3,1,4,15,5,11,14,6,2,13$1.0
362$6,9,12,10,7,16,3,1,4,8,5,11,14,6,2,13$1.0
363$4,9,12,10,7,16,3,1,4,8,5,11,14,6,2,13$1.0
364$4,9,12,10,7,16,3,1,4,8,15,11,14,6,2,13$1.0
365$4,9,12,10,7,16,3,1,4,15,5,11,14,6,2,13$1.0
366$4,9,12,10,7,16,3,1,4,15,5,11,14,6,2,13$1.0
367$4,9,12,10,7,16,3,1,4,15,5,11,14,6,2,13$1.0
368$4,9,12,10,7,16,3,1,4,15,5,11,14,6,2,13$1.0
369$4,9,12,10,7,16,3,1,4,15,5,11,14,6,2,13$1.0
370$4,9,12,10,7,16,3,1,4,8,5,11,14,6,2,13$1.0
371$4,9,12,10,7,16,3,1,4,15,5,11,14,6,2,13$1.0
372$4,9,12,10,7,16,3,1,4,15,5,11,14,6,2,13$1.0
373$4,9,12,10,7,16,3,1,4,8,5,11,14,6,2,13$1.0
374$4,9,12,10,7,16,3,1,4,8,5,11,14,6,2,13$1.0
375$4,9,12,10,7,16,3,1,4,15,5,11,14,6,2,13$1.0
376$4,9,12,10,7,16,3,1,4,8,5,11,14,6,2,13$1.0
377$4,9,12,10,7,16,3,1,4,15,5,11,14,6,2,13$1.0
378$1,9,12,10,7,16,3,1,4,15,5,11,14,6,2,13$1.0
379$4,9,12,10,7,16,3,1,4,15,5,11,14,6,2,13$1.0
380$4,9,12,10,7,16,3,1,4,15,5,11,14,6,2,13$1.0
381$4,9,12,10,7,16,3,1,4,15,5,11,14,6,2,13$1.0
382$4,9,12,10,7,16,3,1,4,15,5,11,14,6,2,13$1.0
383$4,9,12,10,7,16,3,1,4,15,5,11,14,6,2,13$1.0
384$4,9,12,10,7,16,3,1,4,15,5,11,14,6,2,13$1.0
385$4,9,12,10,7,16,3,1,4,8,5,11,14,6,2,13$1.0
386$4,9,12,10,7,16,3,1,4,15,5,11,14,6,2,13$1.0
387$4,9,12,10,7,16,3,1,4,15,5,11,14,6,2,13$1.0
388$4,9,12,10,7,16,3,1,4,15,5,11,14,6,2,13$1.0
389$4,9,12,10,7,16,3,1,4,15,5,11,14,6,2,13$1.0
390$4,9,12,10,7,16,3,1,4,15,5,11,14,6,2,13$1.0
391$4,9,12,10,7,16,3,1,4,15,5,11,14,6,2,13$1.0
392$4,9,12,10,7,16,3,1,4,15,5,11,14,6,2,13$1.0
393$4,9,12,10,7,16,3,1,4,15,5,11,14,6,2,13$1.0
394$5,9,12,10,7,16,3,1,4,15,5,11,14,6,2,13$1.0
395$4,9,12,10,7,16,3,1,4,15,5,11,14,6,2,13$1.0
396$4,9,12,10,7,16,3,1,4,15,5,11,14,6,2,13$1.0
397$4,9,12,10,7,16,3,1,4,15,5,11,14,6,2,13$1.0
398$4,9,12,10,7,16,3,1,4,8,5,11,14,6,2,13$1.0
399$4,9,12,10,7,16,3,1,4,15,5,11,14,6,2,13$1.0
400$4,9,12,10,7,16,3,1,4,15,5,11,14,6,2,13$1.0
401$4,9,12,10,7,16,3,1,4,15,5,11,14,6,2,13$1.0
402$4,9,12,10,7,16,3,1,4,15,5,11,14,6,2,13$1.0
403$4,9,12,10,7,16,3,1,4,15,5,11,14,6,2,13$1.0
404$4,9,12,10,7,16,3,1,4,15,5,11,14,6,2,13$1.0
405$4,9,12,10,7,16,3,1,4,15,5,11,14,6,2,13$1.0
406$4,9,12,10,7,16,3,1,4,15,5,11,14,6,2,13$1.0
407$4,9,12,10,7,16,3,1,4,15,5,11,14,6,2,13$1.0
408$4,9,12,10,7,16,3,1,4,15,5,11,14,6,2,13$1.0
409$4,9,12,10,7,16,3,1,4,15,5,11,14,6,2,13$1.0
410$4,9,12,10,7,16,3,1,4,15,5,11,14,6,2,13$1.0
411$4,9,12,10,7,16,3,1,4,15,5,11,14,6,2,13$1.0
412$4,9,12,10,7,16,3,1,4,15,5,11,14,6,2,13$1.0
413$4,9,12,10,7,16,3,1,4,15,5,11,14,6,2,13$1.0
414$4,9,12,10,7,16,3,1,4,15,5,11,14,6,2,13$1.0
415$4,9,12,10,7,16,3,1,4,15,5,11,14,6,2,13$1.0
416$4,9,12,10,7,16,3,1,9,15,5,11,14,6,2,13$1.0
417$4,9,12,10,7,16,3,1,4,15,5,11,14,6,2,13$1.0
418$4,9,12,10,7,16,3,1,4,15,5,11,14,6,2,13$1.0
419$4,9,12,10,7,16,3,1,4,15,5,11,14,6,2,13$1.0
420$4,9,12,10,7,16,3,1,4,15,5,11,14,6,2,13$1.0
421$5,9,12,10,7,16,3,1,4,15,5,11,14,6,2,13$1.0
422$4,9,12,10,7,16,3,1,4,15,5,11,14,6,2,13$1.0
423$4,9,12,10,7,16,3,1,4,15,5,11,14,6,2,13$1.0
424$1,9,12,10,7,16,3,1,4,15,5,11,14,6,2,13$1.0
425$4,9,12,10,7,16,3,1,4,15,5,11,14,6,2,13$1.0
426$4,9,12,10,7,16,3,1,4,15,5,11,14,6,2,13$1.0
427$4,9,12,10,7,16,3,1,4,15,5,11,14,6,2,13$1.0
428$4,9,12,10,7,16,3,1,4,15,5,11,14,6,2,13$1.0
429$4,9,12,10,7,16,3,1,4,15,5,11,14,6,2,13$1.0
430$4,9,12,10,7,16,3,1,4,15,5,11,14,6,2,13$1.0
431$4,9,12,10,7,16,3,1,4,15,5,11,14,6,2,13$1.0
432$4,9,12,10,7,16,3,1,4,15,5,11,14,6,2,13$1.0
433$4,9,12,10,7,16,3,1,4,15,5,11,14,6,2,13$1.0
434$4,9,12,10,7,16,3,1,4,15,5,11,14,6,2,13$1.0
435$4,9,12,10,7,16,3,1,4,15,5,11,14,6,2,13$1.0
436$5,9,12,10,7,16,3,1,4,15,5,11,14,6,2,13$1.0
437$4,9,12,10,7,16,3,1,4,15,5,11,14,6,2,13$1.0
438$4,9,12,10,7,16,3,1,4,15,5,11,14,6,2,13$1.0
439$4,9,12,10,7,16,3,1,4,15,5,11,14,6,2,13$1.0
440$4,9,12,10,7,16,3,1,4,15,5,11,14,6,2,13$1.0
441$4,9,12,10,7,16,3,1,4,15,5,11,14,6,2,13$1.0
442$4,9,12,10,7,16,3,1,4,15,5,11,14,6,2,13$1.0
443$4,9,12,10,7,16,3,1,4,15,5,11,14,6,2,13$1.0
444$4,9,12,10,7,16,3,1,4,15,5,11,14,6,2,13$1.0
445$4,9,12,10,7,16,3,1,4,15,5,11,14,6,2,13$1.0
446$4,9,12,10,7,16,3,1,4,15,5,11,14,6,2,13$1.0
447$4,9,12,10,7,16,3,1,4,15,5,11,14,6,2,13$1.0
448$4,9,12,10,7,16,3,1,4,15,5,11,14,6,2,13$1.0
449$4,9,12,10,7,16,3,1,4,15,5,11,14,6,2,13$1.0
450$4,9,12,10,7,16,3,1,4,15,5,11,14,6,2,13$1.0
451$5,9,12,10,7,16,3,1,4,15,5,11,14,6,2,13$1.0
452$4,9,12,10,7,16,3,1,4,15,5,11,14,6,2,13$1.0
453$4,9,12,10,7,16,3,1,4,15,5,11,14,6,2,13$1.0
454$4,9,12,10,7,16,3,1,4,15,5,11,14,6,2,13$1.0
455$4,9,12,10,7,16,3,1,4,15,5,11,14,6,2,13$1.0
456$4,9,12,10,7,16,3,1,4,15,5,11,14,6,2,13$1.0
457$4,9,12,10,7,16,3,1,9,15,5,11,14,6,2,13$1.0
458$4,9,12,10,7,16,3,1,4,15,5,11,14,6,2,13$1.0
459$4,9,12,10,7,16,3,1,4,15,5,11,14,6,2,13$1.0
460$4,9,12,10,7,16,3,1,4,15,5,11,14,6,2,13$1.0
461$4,9,12,10,7,16,3,1,4,15,5,11,14,6,2,13$1.0
462$5,9,12,10,7,16,3,1,4,15,5,11,14,6,2,13$1.0
463$4,9,12,10,7,16,3,1,4,15,5,11,14,6,2,13$1.0
464$5,9,12,10,7,16,3,1,4,15,5,11,14,6,2,13$1.0
465$4,9,12,10,7,16,3,1,4,15,5,11,14,6,2,13$1.0
466$4,9,12,10,7,16,3,1,4,15,5,11,14,6,2,13$1.0
467$5,9,12,10,7,16,3,1,4,15,5,11,14,6,2,13$1.0
468$5,9,12,10,7,16,3,1,4,15,5,11,14,6,2,13$1.0
469$4,9,12,10,7,16,3,1,4,15,5,11,14,6,2,13$1.0
470$4,9,12,10,7,16,3,1,4,15,5,11,14,6,2,13$1.0
471$4,9,12,10,7,16,3,1,4,15,5,11,14,6,2,13$1.0
472$1,9,12,10,7,16,3,1,4,15,5,11,14,6,2,13$1.0
473$5,9,12,10,7,16,3,1,4,15,5,11,14,6,2,13$1.0
474$5,9,12,10,7,16,3,1,4,15,5,11,14,6,2,13$1.0
475$4,9,12,10,7,16,3,1,4,15,5,11,14,6,2,13$1.0
476$1,9,12,10,7,16,3,1,4,15,5,11,14,6,2,13$1.0
477$4,9,12,10,7,16,3,1,4,15,5,11,14,6,2,13$1.0
478$1,9,12,10,7,16,3,1,4,15,5,11,14,6,2,13$1.0
479$1,9,12,10,7,16,3,1,4,15,5,11,14,6,2,13$1.0
480$5,9,12,10,7,16,3,1,4,15,5,11,14,6,2,13$1.0
481$1,9,12,10,7,16,3,1,4,15,5,11,14,6,2,13$1.0
482$1,9,12,10,7,16,3,1,4,15,5,11,14,6,2,13$1.0
483$4,9,12,10,7,16,3,1,4,15,5,11,14,6,2,13$1.0
484$4,9,12,10,7,16,3,1,4,15,5,11,14,6,2,13$1.0
485$4,9,12,10,7,16,3,1,4,15,5,11,14,6,2,13$1.0
486$1,9,12,10,7,16,3,1,4,15,5,11,14,6,2,13$1.0
487$1,9,12,10,7,16,3,1,4,15,5,11,14,6,2,13$1.0
488$4,9,12,10,7,16,3,1,4,8,5,11,14,6,2,13$1.0
489$4,9,12,10,7,16,3,1,4,15,5,11,14,6,2,13$1.0
490$1,9,12,10,7,16,3,1,4,15,5,11,14,6,2,13$1.0
491$4,9,12,10,7,16,3,1,4,15,5,11,14,6,2,13$1.0
492$1,9,12,10,7,16,3,1,4,15,5,11,14,6,2,13$1.0
493$4,9,12,10,7,16,3,1,4,15,5,11,14,6,2,13$1.0
494$4,9,12,10,7,16,3,1,4,15,5,11,14,6,2,13$1.0
495$4,9,12,10,7,16,3,1,4,15,5,11,14,6,2,13$1.0
496$1,9,12,10,7,16,3,1,4,15,5,11,14,6,2,13$1.0
497$1,9,12,10,7,16,3,1,4,15,5,11,14,6,2,13$1.0
498$1,9,12,10,7,16,3,1,4,15,5,11,14,6,2,13$1.0
499$4,9,12,10,7,16,3,1,4,15,5,11,14,6,2,13$1.0
500$1,9,12,10,7,16,3,1,4,15,5,11,14,6,2,13$1.0
501$1,9,12,10,7,16,3,1,4,15,5,11,14,6,2,13$1.0
502$1,9,12,10,7,16,3,1,4,15,5,11,14,6,2,13$1.0
503$4,9,12,10,7,16,3,1,4,15,5,11,14,6,2,13$1.0
504$4,9,12,10,7,16,3,1,4,15,5,11,14,6,2,13$1.0
505$1,9,12,10,7,16,3,1,4,15,5,11,14,6,2,13$1.0
506$4,9,12,10,7,16,3,1,4,15,5,11,14,6,2,13$1.0
507$4,9,12,10,7,16,3,1,4,15,5,11,14,6,2,13$1.0
508$4,9,12,10,7,16,3,1,4,15,5,11,14,6,2,13$1.0
509$4,9,12,10,7,16,3,1,9,15,5,11,14,6,2,13$1.0
510$4,9,12,10,7,16,3,1,4,15,5,11,14,6,2,13$1.0
511$4,9,12,10,7,16,3,1,4,15,5,11,14,6,2,13$1.0
512$1,9,12,10,7,16,3,1,4,15,5,11,14,6,2,13$1.0
513$1,9,12,10,7,16,3,1,4,15,5,11,14,6,2,13$1.0
514$1,9,12,10,7,16,3,1,4,15,5,11,14,6,2,13$1.0
515$4,9,12,10,7,16,3,1,4,15,5,11,14,6,2,13$1.0
516$4,9,12,10,7,16,3,1,4,15,5,11,14,6,2,13$1.0
517$4,9,12,10,7,16,3,1,4,15,5,11,14,6,2,13$1.0
518$4,9,12,10,7,16,3,1,4,15,5,11,14,6,2,13$1.0
519$4,9,12,10,7,16,3,1,4,15,5,11,14,6,2,13$1.0
520$4,9,12,10,7,16,3,1,4,15,5,11,14,6,2,13$1.0
521$1,9,12,10,7,16,3,1,4,15,5,11,14,6,2,13$1.0
522$4,9,12,10,7,16,3,1,4,15,5,11,14,6,2,13$1.0
523$4,9,12,10,7,16,3,1,4,15,5,11,14,6,2,13$1.0
524$4,9,12,10,7,16,3,1,4,15,5,11,14,6,2,13$1.0
525$4,9,12,10,7,16,3,1,4,15,5,11,14,6,2,13$1.0
526$4,9,12,10,7,16,3,1,4,15,5,11,14,6,2,13$1.0
527$4,9,12,10,7,16,3,1,4,15,5,11,14,6,2,13$1.0
528$4,9,12,10,7,16,3,1,4,15,5,11,14,6,2,13$1.0
529$4,9,12,10,7,16,3,1,4,15,5,11,14,6,2,13$1.0
530$4,9,12,10,7,16,3,1,9,15,5,11,14,6,2,13$1.0
531$4,9,12,10,7,16,3,1,4,15,5,11,14,6,2,13$1.0
532$4,9,12,10,7,16,3,1,4,15,5,11,14,6,2,13$1.0
533$4,9,12,10,7,16,3,1,4,15,5,11,14,6,2,13$1.0
534$4,9,12,10,7,16,3,1,4,15,5,11,14,6,2,13$1.0
535$4,9,12,10,7,16,3,1,4,15,5,11,14,6,2,13$1.0
536$4,9,12,10,7,16,3,1,4,15,5,11,14,6,2,13$1.0
537$4,9,12,10,7,16,3,1,4,15,5,11,14,6,2,13$1.0
538$4,9,12,10,7,16,3,1,4,15,5,11,14,6,2,13$1.0
539$4,9,12,10,7,16,3,1,4,15,5,11,14,6,2,13$1.0
540$4,9,12,10,7,16,3,1,4,15,5,11,14,6,2,13$1.0
541$5,9,12,10,7,16,3,1,4,15,5,11,14,6,2,13$1.0
542$4,9,12,10,7,16,3,1,4,15,5,11,14,6,2,13$1.0
543$4,9,12,10,7,16,3,1,4,15,5,11,14,6,2,13$1.0
544$4,9,12,10,7,16,3,1,4,15,5,11,14,6,2,13$1.0
545$4,9,12,10,7,16,3,1,4,15,5,11,14,6,2,13$1.0
546$4,9,12,10,7,16,3,1,4,15,5,11,14,6,2,13$1.0
547$4,9,12,10,7,16,3,1,4,15,5,11,14,6,2,13$1.0
548$5,9,12,10,7,16,3,1,4,15,5,11,14,6,2,13$1.0
549$4,9,12,10,7,16,3,1,4,15,5,11,14,6,2,13$1.0
550$4,9,12,10,7,16,3,1,4,15,5,11,14,6,2,13$1.0
551$4,9,12,10,7,16,3,1,4,15,5,11,14,6,2,13$1.0
552$4,9,12,10,7,16,3,1,4,15,5,11,14,6,2,13$1.0
553$4,9,12,10,7,16,3,1,4,15,5,11,14,6,2,13$1.0
554$4,9,12,10,7,16,3,1,9,15,5,11,14,6,2,13$1.0
555$4,9,12,10,7,16,3,1,4,15,5,11,14,6,2,13$1.0
556$4,9,12,10,7,16,3,1,4,15,5,11,14,6,2,13$1.0
557$4,9,12,10,7,16,3,1,4,15,5,11,14,6,2,13$1.0
558$4,9,12,10,7,16,3,1,4,15,5,11,14,6,2,13$1.0
559$4,9,12,10,7,16,3,1,4,15,5,11,14,6,2,13$1.0
560$4,9,12,10,7,16,3,1,4,15,5,11,14,6,2,13$1.0
561$4,9,12,10,7,16,3,1,4,15,5,11,14,6,2,13$1.0
562$4,9,12,10,7,16,3,1,4,15,5,11,14,6,2,13$1.0
563$4,9,12,10,7,16,3,1,9,15,5,11,14,6,2,13$1.0
564$4,9,12,10,7,16,3,1,4,15,5,11,14,6,2,13$1.0
565$4,9,12,10,7,16,3,1,4,15,5,11,14,6,2,13$1.0
566$4,9,12,10,7,16,3,1,4,15,5,11,14,6,2,13$1.0
567$4,9,12,10,7,16,3,1,9,15,5,11,14,6,2,13$1.0
568$4,9,12,10,7,16,3,1,4,15,5,11,14,6,2,13$1.0
569$4,9,12,10,7,16,3,1,4,15,5,11,14,6,2,13$1.0
570$4,9,12,10,7,16,3,1,4,15,5,11,14,6,2,13$1.0
571$4,9,12,10,7,16,3,1,4,15,5,11,14,6,2,13$1.0
572$4,9,12,10,7,16,3,1,4,8,5,11,14,6,2,13$1.0
573$4,9,12,10,7,16,3,1,4,8,5,11,14,6,2,13$1.0
574$4,9,12,10,7,16,3,1,4,15,5,11,14,6,2,13$1.0
575$4,9,12,10,7,16,3,1,4,15,5,11,14,6,2,13$1.0
576$4,9,12,10,7,16,3,1,4,15,5,11,14,6,2,13$1.0
577$4,9,12,10,7,16,3,1,4,15,5,11,14,6,2,13$1.0
578$4,9,12,10,7,16,3,1,4,15,5,11,14,6,2,13$1.0
579$4,9,12,10,7,16,3,1,4,15,5,11,14,6,2,13$1.0
580$4,9,12,10,7,16,3,1,4,15,5,11,14,6,2,13$1.0
581$4,9,12,10,7,16,3,1,4,15,5,11,14,6,2,13$1.0
582$1,9,12,10,7,16,3,1,4,15,5,11,14,6,2,13$1.0
583$4,9,12,10,7,16,3,1,4,15,5,11,14,6,2,13$1.0
584$4,9,12,10,7,16,3,1,4,15,5,11,14,6,2,13$1.0
585$4,9,12,10,7,16,3,1,4,15,5,11,14,6,2,13$1.0
586$4,9,12,10,7,16,3,1,4,15,5,11,14,6,2,13$1.0
587$4,9,12,10,7,16,3,1,4,15,5,11,14,6,2,13$1.0
588$4,9,12,10,7,16,3,1,4,8,5,11,14,6,2,13$1.0
589$4,9,12,10,7,16,3,1,4,15,5,11,14,6,2,13$1.0
590$4,9,12,10,7,16,3,1,4,15,5,11,14,6,2,13$1.0
591$4,9,12,10,7,16,3,1,4,15,5,11,14,6,2,13$1.0
592$4,9,12,10,7,16,3,1,4,8,5,11,14,6,2,13$1.0
593$4,9,12,10,7,16,3,1,4,15,5,11,14,6,2,13$1.0
594$4,9,12,10,7,16,3,1,4,15,5,11,14,6,2,13$1.0
595$4,9,12,10,7,16,3,1,4,15,5,11,14,6,2,13$1.0
596$4,9,12,10,7,16,3,1,4,15,5,11,14,6,2,13$1.0
597$4,9,12,10,7,16,3,1,4,15,5,11,14,6,2,13$1.0
598$4,9,12,10,7,16,3,1,4,15,5,11,14,6,2,13$1.0
599$4,9,12,10,7,16,3,1,4,15,5,11,14,6,2,13$1.0
600$4,9,12,10,7,16,3,1,4,15,5,11,14,6,2,13$1.0
601$4,9,12,10,7,16,3,1,4,15,5,11,14,6,2,13$1.0
602$4,9,12,10,7,16,3,1,4,15,5,11,14,6,2,13$1.0
603$4,9,12,10,7,16,3,1,4,15,5,11,14,6,2,13$1.0
604$4,9,12,10,7,16,3,1,9,15,5,11,14,6,2,13$1.0
605$5,9,12,10,7,16,3,1,4,15,5,11,14,6,2,13$1.0
606$4,9,12,10,7,16,3,1,4,15,5,11,14,6,2,13$1.0
607$4,9,12,10,7,16,3,1,4,15,5,11,14,6,2,13$1.0
608$4,9,12,10,7,16,3,1,4,15,5,11,14,6,2,13$1.0
609$4,9,12,10,7,16,3,1,4,15,5,11,14,6,2,13$1.0
610$4,9,12,10,7,16,3,1,4,15,5,11,14,6,2,13$1.0
611$4,9,12,10,7,16,3,1,4,15,5,11,14,6,2,13$1.0
612$4,9,12,10,7,16,3,1,4,15,5,11,14,6,2,13$1.0
613$4,9,12,10,7,16,3,1,4,15,5,11,14,6,2,13$1.0
614$4,9,12,10,7,16,3,1,4,15,5,11,14,6,2,13$1.0
615$4,9,12,10,7,16,3,1,4,15,5,11,14,6,2,13$1.0
616$4,9,12,10,7,16,3,1,4,15,5,11,14,6,2,13$1.0
617$4,9,12,10,7,16,3,1,4,15,5,11,14,6,2,13$1.0
618$4,9,12,10,7,16,3,1,4,15,5,11,14,6,2,13$1.0
619$4,9,12,10,7,16,3,1,4,15,5,11,14,6,2,13$1.0
620$4,9,12,10,7,16,3,1,4,15,5,11,14,6,2,13$1.0
621$4,9,12,10,7,16,3,1,4,15,5,11,14,6,2,13$1.0
622$5,9,12,10,7,16,3,1,4,15,5,11,14,6,2,13$1.0
623$5,9,12,10,7,16,3,1,4,15,5,11,14,6,2,13$1.0
624$5,9,12,10,7,16,3,1,4,15,5,11,14,6,2,13$1.0
625$5,9,12,10,7,16,3,1,4,15,5,11,14,6,2,13$1.0
626$4,9,12,10,7,16,3,1,4,15,5,11,14,6,2,13$1.0
627$4,9,12,10,7,16,3,1,4,15,5,11,14,6,2,13$1.0
628$4,9,12,10,7,16,3,1,4,15,5,11,14,6,2,13$1.0
629$4,9,12,10,7,16,3,1,4,15,5,11,14,6,2,13$1.0
630$5,9,12,10,7,16,3,1,4,15,5,11,14,6,2,13$1.0
631$4,9,12,10,7,16,3,1,4,15,5,11,14,6,2,13$1.0
632$5,9,12,10,7,16,3,1,4,15,5,11,14,6,2,13$1.0
633$4,9,12,10,7,16,3,1,4,15,5,11,14,6,2,13$1.0
634$5,9,12,10,7,16,3,1,4,15,5,11,14,6,2,13$1.0
635$4,9,12,10,7,16,3,1,4,15,5,11,14,6,2,13$1.0
636$4,9,12,10,7,16,3,1,9,15,5,11,8,6,2,13$1.0
637$4,9,12,10,7,16,3,1,4,15,5,11,14,6,2,13$1.0
638$4,9,12,10,7,16,3,1,4,15,5,11,14,6,2,13$1.0
639$4,9,12,10,7,16,3,1,4,15,5,11,14,6,2,13$1.0
640$4,9,12,10,7,16,3,1,4,15,5,11,14,6,2,13$1.0
641$1,9,12,10,7,16,3,1,4,15,5,11,14,6,2,13$1.0
642$4,9,12,10,7,16,3,1,4,15,5,11,14,6,2,13$1.0
643$4,9,12,10,7,16,3,1,4,15,5,11,14,6,2,13$1.0
644$4,9,12,10,7,16,3,1,4,15,5,11,14,6,2,13$1.0
645$4,9,12,10,7,16,3,1,4,15,5,11,14,6,2,13$1.0
646$4,9,12,10,7,16,3,1,4,15,5,11,14,6,2,13$1.0
647$4,9,12,10,7,16,3,1,4,15,5,11,14,6,2,13$1.0
648$4,9,12,10,7,16,3,1,4,15,5,11,14,6,2,13$1.0
649$4,9,12,10,7,16,3,1,4,15,5,11,14,6,2,13$1.0
650$4,9,12,10,7,16,3,1,4,15,5,11,14,6,2,13$1.0
651$4,9,12,10,7,16,3,1,4,15,5,11,14,6,2,13$1.0
652$4,9,12,10,7,16,3,1,4,15,5,11,14,6,2,13$1.0
653$4,9,12,10,7,16,3,1,4,15,5,11,14,6,2,13$1.0
654$4,9,12,10,7,16,3,1,4,15,5,11,14,6,2,13$1.0
655$4,9,12,10,7,16,3,1,4,15,8,11,14,6,2,5$1.0
656$4,9,12,10,7,16,3,1,4,15,5,11,14,6,2,13$1.0
657$4,9,12,10,7,16,3,1,4,15,5,11,14,6,2,13$1.0
658$4,9,12,10,7,16,3,1,4,15,5,11,14,6,2,13$1.0
659$4,9,12,10,7,16,3,1,4,15,5,11,14,6,2,13$1.0
660$4,9,12,10,7,16,3,1,4,15,5,11,14,6,2,13$1.0
661$4,9,12,10,7,16,3,1,4,15,5,11,14,6,2,13$1.0
662$4,9,12,10,7,16,3,1,4,15,5,11,14,6,2,13$1.0
663$4,9,12,10,7,16,3,1,4,15,5,11,14,6,2,13$1.0
664$4,9,12,10,7,16,3,1,4,15,5,11,14,6,2,13$1.0
665$1,9,12,10,7,16,3,1,4,15,5,11,14,6,2,13$1.0
666$4,9,12,10,7,16,3,1,4,15,5,11,14,6,2,13$1.0
667$4,9,12,10,7,16,3,1,4,15,5,11,14,6,2,13$1.0
668$4,9,12,10,7,16,3,1,4,15,5,11,14,6,2,13$1.0
669$4,9,12,10,7,16,3,1,4,15,5,11,14,6,2,13$1.0
670$4,9,12,10,7,16,3,1,4,15,5,11,14,6,2,13$1.0
671$4,9,12,10,7,16,3,1,4,15,5,11,14,6,2,13$1.0
672$4,9,12,10,7,16,3,1,4,15,5,11,14,6,2,13$1.0
673$4,9,12,10,7,16,3,1,4,15,5,11,14,6,2,13$1.0
674$4,9,12,10,7,16,3,1,4,8,5,11,14,6,2,13$1.0
675$4,9,12,10,7,16,3,1,4,15,5,11,14,6,2,13$1.0
676$1,9,12,10,7,16,3,1,4,15,5,11,14,6,2,13$1.0
677$4,9,12,10,7,16,3,1,4,15,5,11,14,6,2,13$1.0
678$4,9,12,10,7,16,3,1,4,15,5,11,14,6,2,13$1.0
679$4,9,12,10,7,16,3,1,4,15,5,11,14,6,2,13$1.0
680$1,9,12,10,7,16,3,1,4,15,5,11,14,6,2,13$1.0
681$4,9,12,10,7,16,3,1,4,15,5,11,14,6,2,13$1.0
682$1,9,12,10,7,16,3,1,4,8,5,11,14,6,2,13$1.0
683$4,9,12,10,7,16,3,1,4,15,5,11,14,6,2,13$1.0
684$4,9,12,10,7,16,3,1,4,15,5,11,14,6,2,13$1.0
685$4,9,12,10,7,16,3,1,4,15,5,11,14,6,2,13$1.0
686$1,9,12,10,7,16,3,1,4,15,5,11,14,6,2,13$1.0
687$4,9,12,10,7,16,3,1,4,15,5,11,14,6,2,13$1.0
688$4,9,12,10,7,16,3,1,4,8,5,11,14,6,2,13$1.0
689$4,9,12,10,7,16,3,1,4,15,5,11,14,6,2,13$1.0
690$1,9,12,10,7,16,3,1,4,15,5,11,14,6,2,13$1.0
691$1,9,12,10,7,16,3,1,4,15,5,11,14,6,2,13$1.0
692$4,9,12,10,7,16,3,1,4,8,5,11,14,6,2,13$1.0
693$1,9,12,10,7,16,3,1,4,15,5,11,14,6,2,13$1.0
694$1,9,12,10,7,16,3,1,4,8,5,11,14,6,2,13$1.0
695$1,9,12,10,7,16,3,1,4,15,5,11,14,6,2,13$1.0
696$1,9,12,10,7,16,3,1,4,15,5,11,14,6,2,13$1.0
697$5,9,12,10,7,16,3,1,4,15,5,11,14,6,2,13$1.0
698$4,9,12,10,7,16,3,1,4,15,5,11,14,6,2,13$1.0
699$1,9,12,10,7,16,3,1,4,15,5,11,14,6,2,13$1.0
700$4,9,12,10,7,16,3,1,4,15,5,11,14,6,2,13$1.0
701$4,9,12,10,7,16,3,1,4,15,5,11,14,6,2,13$1.0
702$4,9,12,10,7,16,3,1,4,15,5,11,14,6,2,13$1.0
703$4,9,12,10,7,16,3,1,4,8,5,11,14,6,2,13$1.0
704$4,9,12,10,7,16,3,1,4,15,5,11,14,6,2,13$1.0
705$4,9,12,10,7,16,3,1,4,8,5,11,14,6,2,13$1.0
706$4,9,12,10,7,16,3,1,4,15,5,11,14,6,2,13$1.0
707$4,9,12,10,7,16,3,1,4,15,5,11,14,6,2,13$1.0
708$4,9,12,10,7,16,3,1,4,15,5,11,14,6,2,13$1.0
709$1,9,12,15,7,16,3,1,4,8,5,11,14,6,2,13$1.0
710$4,9,12,10,7,16,3,1,4,15,5,11,14,6,2,13$1.0
711$4,9,12,10,7,16,3,1,4,8,5,11,14,6,2,13$1.0
712$1,9,12,10,7,16,3,1,4,8,5,11,14,6,2,13$1.0
713$4,9,12,10,7,16,3,1,4,8,5,11,14,6,2,13$1.0
714$4,9,12,10,7,16,3,1,4,8,5,11,14,6,2,13$1.0
715$4,9,12,15,7,16,3,1,4,8,5,11,14,6,2,13$1.0
716$4,9,12,15,7,16,3,1,4,8,5,11,14,6,2,13$1.0
717$4,9,12,10,7,16,3,1,4,15,5,11,14,6,2,13$1.0
718$4,9,12,15,7,16,3,1,4,8,5,11,14,6,2,13$1.0
719$4,9,12,10,7,16,3,1,4,15,5,11,14,6,2,13$1.0
720$5,9,12,10,7,16,3,1,4,8,5,11,14,6,2,13$1.0
721$5,9,12,10,7,16,3,1,4,15,5,11,14,6,2,13$1.0
722$4,9,12,10,7,16,3,1,4,8,5,11,14,6,2,13$1.0
723$5,9,12,15,7,16,3,1,4,8,5,11,14,6,2,13$1.0
724$4,9,12,10,7,16,3,1,4,15,5,11,14,6,2,13$1.0
725$4,9,12,10,7,16,3,1,4,15,5,11,14,6,2,13$1.0
726$4,9,12,10,7,16,3,1,4,8,5,11,14,6,2,13$1.0
727$5,9,12,15,7,16,3,1,4,8,5,11,14,6,2,13$1.0
728$5,9,12,10,7,16,3,1,4,15,5,11,14,6,2,13$1.0
729$5,9,12,10,7,16,3,1,4,8,5,11,14,6,2,13$1.0
730$5,9,12,10,7,16,3,1,4,8,5,11,14,6,15,13$1.0
731$5,9,12,10,7,16,3,1,4,15,5,11,14,6,2,13$1.0
732$5,9,12,10,7,16,3,1,4,8,5,11,14,6,2,13$1.0
733$4,9,12,15,7,16,3,1,4,8,5,11,14,6,2,13$1.0
734$5,9,12,10,7,16,3,1,4,8,5,11,14,6,2,13$1.0
735$1,9,12,10,7,16,3,1,4,15,5,11,14,6,2,13$1.0
736$1,9,12,10,7,16,3,1,4,8,5,11,14,6,2,13$1.0
737$1,9,12,10,7,16,3,1,4,8,5,11,14,6,2,13$1.0
738$5,9,12,10,7,16,3,1,4,8,5,11,14,6,2,13$1.0
739$5,9,12,10,7,16,3,1,4,8,5,11,14,6,2,13$1.0
740$5,9,12,10,7,16,3,1,4,15,5,11,14,6,2,13$1.0
741$6,9,12,15,7,16,3,1,4,8,5,11,14,6,2,13$1.0
742$1,9,12,10,7,16,3,1,4,15,5,11,14,6,2,13$1.0
743$5,9,12,10,7,16,3,1,4,8,5,11,14,6,2,13$1.0
744$1,9,12,10,7,16,3,1,4,8,5,11,14,6,2,13$1.0
745$1,9,12,10,7,16,3,1,4,15,5,11,14,6,2,13$1.0
746$5,9,12,10,7,16,3,1,4,8,5,11,14,6,2,13$1.0
747$4,9,12,10,7,16,3,1,4,8,5,11,14,6,2,13$1.0
748$5,9,12,10,7,16,3,1,4,8,5,11,14,6,2,13$1.0
749$1,9,12,10,7,16,3,1,4,8,5,11,14,6,2,13$1.0
750$4,9,12,10,7,16,3,1,4,8,5,11,14,6,2,13$1.0
751$1,9,12,10,7,16,3,1,4,8,5,11,14,6,2,13$1.0
752$4,9,12,10,7,16,3,1,4,8,5,11,14,6,2,13$1.0
753$5,9,12,15,7,16,3,1,4,8,5,11,14,6,2,13$1.0
754$5,9,12,10,7,16,3,1,4,8,5,11,14,6,2,13$1.0
755$5,9,12,10,7,16,3,1,4,8,5,11,14,6,2,13$1.0
756$6,9,12,10,7,16,3,1,4,8,5,11,14,6,2,13$1.0
757$6,9,12,10,7,16,3,1,4,8,5,11,14,6,2,13$1.0
758$1,9,12,10,7,16,3,1,4,8,5,11,14,6,2,13$1.0
759$5,9,12,10,7,16,3,1,4,8,5,11,14,6,2,13$1.0
760$4,9,12,10,7,16,3,1,4,8,5,11,14,6,2,13$1.0
761$5,9,12,10,7,16,3,1,4,8,5,11,14,6,2,13$1.0
762$4,9,12,10,7,16,3,1,4,8,5,11,14,6,2,13$1.0
763$4,9,12,10,7,16,3,1,4,8,15,11,14,6,2,13$1.0
764$5,9,12,10,7,16,3,1,4,8,5,11,14,6,2,13$1.0
765$4,9,12,10,7,16,3,1,4,8,5,11,14,6,2,13$1.0
766$5,9,12,10,7,16,3,1,4,8,14,11,14,6,2,13$1.0
767$5,9,12,10,7,16,3,1,4,15,5,11,14,6,2,13$1.0
768$5,9,12,10,7,16,3,1,4,8,5,11,14,6,2,13$1.0
769$5,9,12,10,7,16,3,1,4,8,14,11,14,6,2,13$1.0
770$5,9,12,10,7,16,3,1,4,8,5,11,14,6,2,13$1.0
771$5,9,12,10,7,16,3,1,4,8,5,11,14,6,2,13$1.0
772$5,9,12,10,7,16,3,1,4,8,5,11,14,6,2,13$1.0
773$5,9,12,10,7,16,3,1,4,8,5,11,14,6,2,13$1.0
774$5,9,12,10,7,16,3,1,4,8,5,11,14,6,2,13$1.0
775$5,9,12,10,7,16,3,1,4,8,5,11,14,6,2,13$1.0
776$4,9,12,10,7,16,3,1,4,8,5,11,14,6,2,13$1.0
777$5,9,12,10,7,16,3,1,4,8,5,11,14,6,2,13$1.0
778$1,9,12,10,7,16,3,1,4,8,5,11,14,6,2,13$1.0
779$5,9,12,10,7,16,3,1,4,8,5,11,14,6,2,13$1.0
780$5,9,12,10,7,16,3,1,4,8,5,11,14,6,2,13$1.0
781$4,9,12,10,7,16,3,1,4,8,5,11,14,6,2,13$1.0
782$5,9,12,10,7,16,3,1,4,8,5,11,14,6,2,13$1.0
783$6,9,12,10,7,16,3,1,4,8,5,11,14,6,2,13$1.0
784$6,9,12,10,7,16,3,1,4,8,5,11,14,6,2,13$1.0
785$6,9,12,10,7,16,3,1,4,8,5,11,14,6,2,13$1.0
786$6,9,12,10,7,16,3,1,4,8,5,11,14,6,2,13$1.0
787$6,9,12,10,7,16,3,1,4,8,5,11,14,6,2,13$1.0
788$1,9,12,10,7,16,3,13,4,8,15,11,14,6,2,13$1.0
789$4,9,12,10,7,16,3,1,4,8,5,11,14,6,2,13$1.0
790$4,9,12,10,7,16,3,1,4,8,15,11,14,6,2,13$1.0
791$4,9,12,10,7,16,3,1,4,8,5,11,14,6,2,13$1.0
792$4,9,12,10,7,16,3,1,4,8,5,11,14,6,2,13$1.0
793$4,9,12,10,7,16,3,1,4,8,5,11,14,6,2,13$1.0
794$4,9,12,10,7,16,3,1,4,8,5,11,14,6,2,13$1.0
795$4,9,12,10,7,16,3,1,4,8,5,11,14,6,2,13$1.0
796$1,9,12,10,7,16,3,1,4,8,5,11,14,6,2,13$1.0
797$4,9,12,10,7,16,3,1,4,8,5,11,14,6,2,13$1.0
798$5,9,12,10,7,16,3,1,4,8,5,11,14,6,2,13$1.0
799$4,9,12,10,7,16,3,1,4,8,5,11,14,6,2,13$1.0
800$6,9,12,15,7,16,3,1,4,8,5,11,14,6,2,13$1.0
801$6,9,12,15,7,16,3,1,4,8,5,11,14,6,2,13$1.0
802$5,9,12,10,7,16,3,1,4,8,5,11,14,6,2,13$1.0
803$5,9,12,10,7,16,3,1,4,8,5,11,14,6,2,13$1.0
804$4,9,12,10,7,16,3,1,4,8,5,11,14,6,2,13$1.0
805$4,9,12,10,7,16,3,1,4,8,5,11,14,6,2,13$1.0
806$4,9,12,10,7,16,3,1,4,8,5,11,14,6,2,13$1.0
807$5,9,12,10,7,16,3,1,4,8,5,11,14,6,2,13$1.0
808$4,9,12,15,7,16,3,1,4,8,5,11,14,6,2,13$1.0
809$4,9,12,15,7,16,3,1,4,8,5,11,14,6,2,13$1.0
810$4,9,12,10,7,16,3,1,4,8,5,11,14,6,2,13$1.0
811$4,9,12,10,7,16,3,1,4,8,5,11,14,6,2,13$1.0
812$4,9,12,10,7,16,3,1,4,8,5,11,14,6,2,13$1.0
813$4,9,12,10,7,16,3,1,4,8,5,11,14,6,2,13$1.0
814$4,9,12,10,7,16,3,1,4,8,5,11,14,6,2,13$1.0
815$4,9,12,10,7,16,3,1,4,8,5,11,14,6,2,13$1.0
816$4,9,12,10,7,16,3,1,4,8,5,11,14,6,2,13$1.0
817$4,9,12,10,7,16,3,1,4,8,5,11,14,6,2,13$1.0
818$4,9,12,10,7,16,3,1,4,8,5,11,14,6,2,13$1.0
819$4,9,12,10,7,16,3,1,4,8,5,11,14,6,2,13$1.0
820$4,9,12,10,7,16,3,1,4,8,15,11,14,6,2,13$1.0
821$5,9,12,10,7,16,3,1,4,8,5,11,14,6,2,13$1.0
822$4,9,12,10,7,16,3,1,4,8,5,11,14,6,2,13$1.0
823$4,9,12,10,7,16,3,1,4,8,5,11,14,6,2,13$1.0
824$4,9,12,10,7,16,3,1,4,8,5,11,14,6,2,13$1.0
825$4,9,12,10,7,16,3,1,4,8,5,11,14,6,2,13$1.0
826$4,9,12,10,7,16,3,1,4,8,5,11,14,6,2,13$1.0
827$4,9,12,10,7,16,3,1,4,8,5,11,14,6,2,13$1.0
828$4,9,12,10,7,16,3,1,4,8,5,11,14,6,2,13$1.0
829$4,9,12,10,7,16,3,1,4,8,5,11,14,6,2,13$1.0
830$5,9,12,10,7,16,3,1,4,15,5,11,14,6,2,13$1.0
831$4,9,12,10,7,16,3,1,4,8,5,11,14,6,2,13$1.0
832$4,9,12,10,7,16,3,1,4,8,5,11,14,6,2,13$1.0
833$4,9,12,10,7,16,3,1,4,15,5,11,14,6,2,13$1.0
834$5,9,12,10,7,16,3,1,4,8,5,11,14,6,2,13$1.0
835$5,9,12,10,7,16,3,1,4,8,5,11,14,6,2,13$1.0
836$4,9,12,10,7,16,3,1,4,15,5,11,14,6,2,13$1.0
837$4,9,12,10,7,16,3,1,4,8,5,11,14,6,2,13$1.0
838$4,9,12,10,7,16,3,1,4,15,5,11,14,6,2,13$1.0
839$5,9,12,10,7,16,3,1,4,15,5,11,14,6,2,13$1.0
840$4,9,12,10,7,16,3,1,4,15,5,11,14,6,2,13$1.0
841$4,9,12,10,7,16,3,1,4,15,5,11,14,6,2,13$1.0
842$4,9,12,10,7,16,3,1,4,15,5,11,14,6,2,13$1.0
843$5,9,12,10,7,16,3,1,4,15,5,11,14,6,2,13$1.0
844$5,9,12,10,7,16,3,1,4,15,5,11,14,6,2,13$1.0
845$4,9,12,10,7,16,3,1,4,8,5,11,14,6,2,13$1.0
846$4,9,12,10,7,16,3,1,4,15,5,11,14,6,2,13$1.0
847$4,9,12,10,7,16,3,1,4,15,5,11,14,6,2,13$1.0
848$4,9,12,10,7,16,3,1,4,15,5,11,14,6,2,13$1.0
849$4,9,12,10,7,16,3,1,4,15,5,11,14,6,2,13$1.0
850$5,9,12,10,7,16,3,1,4,15,5,11,14,6,2,13$1.0
851$4,9,12,10,7,16,3,1,4,15,5,11,14,6,2,13$1.0
852$4,9,12,10,7,16,3,1,4,15,5,11,14,6,2,13$1.0
853$5,9,12,10,7,16,3,1,4,15,5,11,14,6,2,13$1.0
854$4,9,12,10,7,16,3,1,4,15,5,11,14,6,2,13$1.0
855$4,9,12,10,7,16,3,1,9,15,5,11,14,6,2,13$1.0
856$4,9,12,10,7,16,3,1,4,8,15,11,14,6,2,13$1.0
857$5,9,12,10,7,16,3,1,4,15,5,11,14,6,2,13$1.0
858$1,9,12,10,7,16,3,1,4,8,5,11,14,6,2,13$1.0
859$4,9,12,10,7,16,3,1,4,15,5,11,14,6,2,13$1.0
860$5,9,12,10,7,16,3,1,4,15,5,11,14,6,2,13$1.0
861$4,9,12,10,7,16,3,1,4,15,5,11,14,6,2,13$1.0
862$4,9,12,10,7,16,3,1,4,8,5,11,14,6,2,13$1.0
863$4,9,12,10,7,16,3,1,4,15,5,11,14,6,2,13$1.0
864$4,9,12,10,7,16,3,1,4,15,5,11,14,6,2,13$1.0
865$4,9,12,10,7,16,3,1,4,8,5,11,14,6,2,13$1.0
866$4,9,12,10,7,16,3,1,4,15,5,11,14,6,2,13$1.0
867$4,9,12,10,7,16,3,1,4,15,5,11,14,6,2,13$1.0
868$4,9,12,10,7,16,3,1,4,15,5,11,14,6,2,13$1.0
869$4,9,12,10,7,16,3,1,4,15,5,11,14,6,2,13$1.0
870$4,9,12,10,7,16,3,1,4,15,5,11,14,6,2,13$1.0
871$4,9,12,10,7,16,3,1,4,15,5,11,14,6,2,13$1.0
872$4,9,12,10,7,16,3,1,4,15,5,11,14,6,2,13$1.0
873$4,9,12,10,7,16,3,1,4,15,5,11,14,6,2,13$1.0
874$4,9,12,10,7,16,3,1,4,15,5,11,14,6,2,13$1.0
875$4,9,12,10,7,16,3,1,4,15,5,11,14,6,2,13$1.0
876$4,9,12,10,7,16,3,1,4,15,5,11,14,6,2,13$1.0
877$4,9,12,10,7,16,3,1,4,15,5,11,14,6,2,13$1.0
878$4,9,12,10,7,16,3,1,4,15,5,11,14,6,2,13$1.0
879$4,9,12,10,7,16,3,1,9,15,5,11,14,6,2,13$1.0
880$4,9,12,10,7,16,3,1,4,15,5,11,14,6,2,13$1.0
881$4,9,12,10,7,16,3,1,4,15,5,11,14,6,2,13$1.0
882$4,9,12,10,7,16,3,1,4,15,5,11,14,6,2,13$1.0
883$4,9,12,10,7,16,3,1,4,15,5,11,14,6,2,13$1.0
884$4,9,12,10,7,16,3,1,4,8,5,11,14,6,2,13$1.0
885$4,9,12,10,7,16,3,1,4,15,5,11,14,6,2,13$1.0
886$4,9,12,10,7,16,3,1,4,15,5,11,14,6,2,13$1.0
887$4,9,12,10,7,16,3,1,4,15,5,11,14,6,2,13$1.0
888$4,9,12,10,7,16,3,1,4,15,5,11,14,6,2,13$1.0
889$4,9,12,10,7,16,3,1,4,15,5,11,14,6,2,13$1.0
890$4,9,12,10,7,16,3,1,4,15,5,11,14,6,2,13$1.0
891$4,9,12,10,7,16,3,1,4,15,5,11,14,6,2,13$1.0
892$5,9,12,10,7,16,3,1,4,15,5,11,14,6,2,13$1.0
893$4,9,12,10,7,16,3,1,4,15,5,11,14,6,2,13$1.0
894$4,9,12,10,7,16,3,1,4,15,5,11,14,6,2,13$1.0
895$4,9,12,10,7,16,3,1,4,15,5,11,14,6,2,13$1.0
896$1,9,12,10,7,16,3,1,4,15,5,11,14,6,2,13$1.0
897$4,9,12,10,7,16,3,1,4,15,5,11,14,6,2,13$1.0
898$4,9,12,10,7,16,3,1,4,15,5,11,14,6,2,13$1.0
899$1,9,12,10,7,16,3,1,4,15,5,11,14,6,2,13$1.0
900$4,9,12,10,7,16,3,1,4,15,5,11,14,6,2,13$1.0
901$1,9,12,10,7,16,3,1,4,15,5,11,14,6,2,13$1.0
902$4,9,12,10,7,16,3,1,4,15,5,11,14,6,2,13$1.0
903$1,9,12,10,7,16,3,1,4,15,5,11,14,6,2,13$1.0
904$1,9,12,10,7,16,3,1,4,15,5,11,14,6,2,13$1.0
905$4,9,12,10,7,16,3,1,4,15,5,11,14,6,2,13$1.0
906$4,9,12,10,7,16,3,1,4,15,5,11,14,6,2,13$1.0
907$4,9,12,10,7,16,3,1,4,15,5,11,14,6,2,13$1.0
908$1,9,12,10,7,16,3,1,4,15,5,11,14,6,2,13$1.0
909$1,9,12,10,7,16,3,1,4,15,5,11,14,6,2,13$1.0
910$4,9,12,10,7,16,3,1,4,15,5,11,14,6,2,13$1.0
911$1,9,12,10,7,16,3,1,4,15,5,11,14,6,2,13$1.0
912$4,9,12,10,7,16,3,1,4,15,5,11,14,6,2,13$1.0
913$1,9,12,10,7,16,3,1,4,15,5,11,14,6,2,13$1.0
914$4,9,12,10,7,16,3,1,4,15,5,11,14,6,2,13$1.0
915$1,9,12,10,7,16,3,1,4,15,5,11,14,6,2,13$1.0
916$1,9,12,10,7,16,3,1,4,15,5,11,14,6,2,13$1.0
917$1,9,12,10,7,16,3,1,4,15,5,11,14,6,2,13$1.0
918$1,9,12,10,7,16,3,1,4,15,5,11,14,6,2,13$1.0
919$1,9,12,10,7,16,3,1,4,15,5,11,14,6,2,13$1.0
920$1,9,12,10,7,16,3,1,4,15,5,11,14,6,2,13$1.0
921$1,9,12,10,7,16,3,1,4,15,5,11,14,6,2,13$1.0
922$1,9,12,10,7,16,3,1,4,15,5,11,14,6,2,13$1.0
923$1,9,12,10,7,16,3,11,4,15,5,16,14,6,2,13$1.0
924$1,9,12,10,7,16,3,11,4,15,5,16,14,6,2,13$1.0
925$4,9,12,10,7,16,3,1,4,15,5,11,14,6,2,13$1.0
926$1,9,12,10,7,16,3,1,4,15,5,11,14,6,2,13$1.0
927$1,9,12,10,7,16,3,1,4,15,5,11,14,6,2,13$1.0
928$1,9,12,10,7,16,3,1,4,15,5,11,14,6,2,13$1.0
929$1,9,12,10,7,16,3,11,4,15,5,16,14,6,2,13$1.0
930$4,9,12,10,7,16,3,1,4,15,5,11,14,6,2,13$1.0
931$1,9,12,10,7,16,3,1,4,15,5,11,14,6,2,13$1.0
932$1,9,12,10,7,16,3,16,4,15,5,11,14,6,2,13$1.0
933$4,9,12,10,7,16,3,1,4,15,5,11,14,6,2,13$1.0
934$1,9,12,10,7,16,3,1,4,15,5,11,14,6,2,13$1.0
935$1,9,12,10,7,16,3,1,4,15,5,11,14,6,2,13$1.0
936$1,9,12,10,7,16,3,1,4,15,5,11,14,6,2,13$1.0
937$1,9,12,10,7,16,3,11,4,15,5,16,14,6,2,13$1.0
938$1,9,12,10,7,16,3,1,4,15,5,11,14,6,2,13$1.0
939$4,9,12,10,7,16,3,1,4,15,5,11,14,6,2,13$1.0
940$1,9,12,10,7,16,3,1,4,15,5,11,14,6,2,13$1.0
941$4,9,12,10,7,16,3,1,4,15,5,11,14,6,2,13$1.0
942$4,9,12,10,7,16,3,1,4,15,5,11,14,6,2,13$1.0
943$4,9,12,10,7,16,3,1,4,15,5,11,14,6,2,13$1.0
944$1,9,12,10,7,16,3,1,4,15,5,11,14,6,2,13$1.0
945$1,9,12,10,7,16,3,1,4,15,5,11,14,6,2,13$1.0
946$1,9,12,10,7,16,3,16,4,15,5,11,14,6,2,13$1.0
947$1,9,12,10,7,16,3,1,4,15,5,11,14,6,2,13$1.0
948$1,9,12,10,7,16,3,1,4,15,5,11,14,6,2,13$1.0
949$1,9,12,10,7,16,3,16,4,15,5,11,14,6,2,13$1.0
950$1,9,12,10,7,16,3,1,4,15,5,11,14,6,2,13$1.0
951$1,9,12,10,7,16,3,16,4,15,5,11,14,6,2,13$1.0
952$1,9,12,10,7,16,3,16,4,15,5,11,14,6,2,13$1.0
953$1,9,12,10,7,16,3,1,4,15,5,11,14,6,2,13$1.0
954$1,9,12,10,7,16,3,16,4,15,5,11,14,6,2,13$1.0
955$1,9,12,10,7,16,3,16,4,15,5,11,14,6,2,13$1.0
956$1,9,12,10,7,16,3,16,4,15,5,11,14,6,2,13$1.0
957$1,9,12,10,7,16,3,16,4,8,5,11,14,6,2,13$1.0
958$1,9,12,10,7,16,3,1,4,15,5,11,14,6,2,13$1.0
959$4,9,12,10,7,16,3,1,4,15,5,11,14,6,2,13$1.0
960$1,9,12,10,7,16,3,1,4,15,5,11,14,6,2,13$1.0
961$1,9,12,10,7,16,3,1,4,15,5,11,14,6,2,13$1.0
962$1,9,12,10,7,16,3,16,4,15,5,11,14,6,2,13$1.0
963$1,9,12,10,7,16,3,1,4,15,5,11,14,6,2,13$1.0
964$1,9,12,10,7,16,3,16,4,15,5,11,14,6,2,13$1.0
965$1,9,12,10,7,16,3,1,4,15,5,11,14,6,2,13$1.0
966$1,9,12,10,7,16,3,16,4,15,5,11,14,6,2,13$1.0
967$1,9,12,10,7,16,3,16,4,15,5,11,14,6,2,13$1.0
968$1,9,12,10,7,16,3,16,4,15,5,11,14,6,2,13$1.0
969$1,9,12,10,7,16,3,1,4,15,5,11,14,6,2,13$1.0
970$1,9,12,10,7,16,3,1,4,15,5,11,14,6,2,13$1.0
971$1,9,12,10,7,16,3,1,4,15,5,11,14,6,2,13$1.0
972$1,9,12,10,7,16,3,16,4,15,5,11,14,6,2,13$1.0
973$1,9,12,10,7,16,3,1,4,15,5,11,14,6,2,13$1.0
974$1,9,12,10,7,16,3,1,4,8,5,11,14,6,2,13$1.0
975$1,9,12,10,7,16,3,1,4,15,5,11,14,6,2,13$1.0
976$1,9,12,10,7,16,3,1,4,15,5,11,14,6,2,13$1.0
977$1,9,12,10,7,16,3,1,4,15,5,11,14,6,2,13$1.0
978$4,9,12,10,7,16,3,1,4,15,5,11,14,6,2,13$1.0
979$1,9,12,10,7,16,3,16,4,15,5,11,14,6,2,13$1.0
980$1,9,12,10,7,16,3,11,4,15,5,11,14,6,2,13$1.0
981$1,9,12,10,7,16,3,11,4,8,5,11,14,6,2,13$1.0
982$1,9,12,10,7,16,3,1,4,15,5,11,14,6,2,13$1.0
983$1,9,12,10,7,16,3,1,4,15,5,11,14,6,2,13$1.0
984$1,9,12,10,7,16,3,16,4,15,5,11,14,6,2,13$1.0
985$1,9,12,10,7,16,3,11,4,15,5,11,14,6,2,13$1.0
986$1,9,12,10,7,16,3,16,4,15,5,11,14,6,2,13$1.0
987$1,9,12,10,7,16,3,11,4,8,5,11,14,6,2,13$1.0
988$1,9,12,10,7,16,3,11,4,15,5,11,14,6,2,13$1.0
989$1,9,12,10,7,16,3,11,4,15,5,11,14,6,2,13$1.0
990$1,9,12,10,7,16,3,1,4,15,5,11,14,6,2,13$1.0
991$1,9,12,10,7,16,3,16,4,15,5,11,14,6,2,13$1.0
992$1,9,12,10,7,16,3,16,4,15,5,11,14,6,2,13$1.0
993$1,9,12,10,7,16,3,16,4,15,5,11,14,6,2,13$1.0
994$1,9,12,10,7,16,3,16,4,8,5,11,14,6,2,13$1.0
995$1,9,12,10,7,16,3,16,4,8,5,11,14,6,2,13$1.0
996$5,9,12,10,7,16,3,1,4,15,5,11,14,6,2,13$1.0
997$1,9,12,10,7,16,3,1,4,15,5,11,14,6,2,13$1.0
998$1,9,12,10,7,16,3,16,4,15,5,11,14,6,2,13$1.0
999$1,9,12,10,7,16,3,16,4,15,5,11,14,6,2,13$1.0
1000$1,9,12,10,7,16,3,1,4,15,5,11,14,6,2,13$1.0
1001$1,9,12,10,7,16,3,1,4,15,5,11,14,6,2,13$1.0
1002$1,9,12,10,7,16,3,1,4,15,5,11,14,6,2,13$1.0
1003$1,9,12,10,7,16,3,1,4,15,5,11,14,6,2,13$1.0
1004$1,9,12,10,7,16,3,1,4,15,5,11,14,6,2,13$1.0
1005$1,9,12,10,7,16,3,1,4,15,5,11,14,6,2,13$1.0
1006$1,9,12,10,7,16,3,1,4,15,5,11,14,6,2,13$1.0
1007$1,9,12,10,7,16,3,1,4,15,5,11,14,6,2,13$1.0
1008$1,9,12,10,7,16,3,1,4,15,5,11,14,6,2,13$1.0
1009$1,9,12,10,7,16,3,1,4,15,5,11,14,6,2,13$1.0
1010$1,9,12,10,7,16,3,11,4,15,5,11,14,6,2,13$1.0
1011$1,9,12,10,7,16,3,11,4,15,5,11,14,6,2,13$1.0
1012$1,9,12,10,7,16,3,16,4,15,5,11,14,6,2,13$1.0
1013$1,9,12,10,7,16,3,11,4,15,5,11,14,6,2,13$1.0
1014$1,9,12,10,7,16,3,11,4,15,5,11,14,6,2,13$1.0
1015$1,9,12,10,7,16,3,11,4,15,5,11,14,6,2,13$1.0
1016$1,9,12,10,7,16,3,1,4,15,5,11,14,6,2,13$1.0
1017$1,9,12,10,7,16,3,16,4,15,5,11,14,6,2,13$1.0
1018$1,9,12,10,7,16,3,11,4,15,5,11,14,6,2,13$1.0
1019$1,9,12,10,7,16,3,1,4,15,5,11,14,6,2,13$1.0
1020$1,9,12,10,7,16,3,1,4,15,5,11,14,6,2,13$1.0
1021$1,9,12,10,7,16,3,16,4,15,5,11,14,6,2,13$1.0
1022$1,9,12,10,7,16,3,1,4,15,5,11,14,6,2,13$1.0
1023$1,9,12,10,7,16,3,1,4,15,5,11,14,6,2,13$1.0
1024$1,9,12,10,7,16,3,1,4,15,5,11,14,6,2,13$1.0
1025$1,9,12,10,7,16,3,11,4,15,5,11,14,6,2,13$1.0
1026$1,9,12,10,7,16,3,1,4,15,5,11,14,6,2,13$1.0
1027$1,9,12,10,7,16,3,11,4,15,5,11,14,6,2,13$1.0
1028$1,9,12,10,7,16,3,1,4,15,5,11,14,6,2,13$1.0
1029$1,9,12,10,7,16,3,1,4,15,5,11,14,6,2,13$1.0
1030$1,9,12,10,7,16,3,11,4,15,5,11,14,6,2,13$1.0
1031$1,9,12,10,7,16,3,16,4,15,5,11,14,6,2,13$1.0
1032$1,9,12,10,7,16,3,16,4,15,5,11,14,6,2,13$1.0
1033$1,9,12,10,7,16,3,1,4,15,5,11,14,6,2,13$1.0
1034$1,9,12,10,7,16,3,1,4,15,5,11,14,6,2,13$1.0
1035$1,9,12,10,7,16,3,1,4,15,5,11,14,6,2,13$1.0
1036$1,9,12,10,7,16,3,1,4,15,5,11,14,6,2,13$1.0
1037$1,9,12,10,7,16,3,1,4,15,5,11,14,6,2,13$1.0
1038$1,9,12,10,7,16,3,16,4,15,5,11,14,6,2,13$1.0
1039$1,9,12,10,7,16,3,11,4,15,5,11,14,6,2,13$1.0
1040$4,9,12,10,7,16,3,1,4,15,5,11,14,6,2,13$1.0
1041$4,9,12,10,7,16,3,1,4,15,5,11,14,6,2,13$1.0
1042$1,9,12,10,7,16,3,1,4,15,5,11,14,6,2,13$1.0
1043$1,9,12,10,7,16,3,1,4,15,5,11,14,6,2,13$1.0
1044$1,9,12,10,7,16,3,1,4,15,5,11,14,6,2,13$1.0
1045$1,9,12,10,7,16,3,1,4,15,5,11,14,6,2,13$1.0
1046$4,9,12,10,7,16,3,1,4,15,5,11,14,6,2,13$1.0
1047$4,9,12,10,7,16,3,1,4,15,5,11,14,6,2,13$1.0
1048$1,9,12,10,7,16,3,1,4,8,5,11,14,6,2,13$1.0
1049$4,9,12,10,7,16,3,1,4,15,5,11,14,6,2,13$1.0
1050$1,9,12,10,7,16,3,1,4,15,5,11,14,6,2,13$1.0
1051$1,9,12,10,7,16,3,1,4,15,5,11,14,6,2,13$1.0
1052$1,9,12,10,7,16,3,1,4,15,5,11,14,6,2,13$1.0
1053$4,9,12,10,7,16,3,1,4,8,5,11,14,6,2,13$1.0
1054$4,9,12,10,7,16,3,1,4,15,5,11,14,6,2,13$1.0
1055$4,9,12,10,7,16,3,1,4,15,5,11,14,6,2,13$1.0
1056$1,9,12,10,7,16,3,1,4,15,5,11,14,6,2,13$1.0
1057$1,9,12,10,7,16,3,1,4,15,5,11,14,6,2,13$1.0
1058$1,9,12,10,7,16,3,1,4,15,5,11,14,6,2,13$1.0
1059$1,9,12,10,7,16,3,1,4,15,5,11,14,6,2,13$1.0
1060$1,9,12,10,7,16,3,1,4,15,5,11,14,6,2,13$1.0
1061$1,9,12,10,7,16,3,1,4,15,5,11,14,6,2,13$1.0
1062$4,9,12,10,7,16,3,1,4,15,5,11,14,6,2,13$1.0
1063$4,9,12,10,7,16,3,1,4,15,5,11,14,6,2,13$1.0
1064$1,9,12,10,7,16,3,1,4,15,5,11,14,6,2,13$1.0
1065$1,9,12,10,7,16,3,1,4,15,5,11,14,6,2,13$1.0
1066$1,9,12,10,7,16,3,1,4,15,5,11,14,6,2,13$1.0
1067$1,9,12,10,7,16,3,1,4,15,5,11,14,6,2,13$1.0
1068$1,9,12,10,7,16,3,1,4,15,5,11,14,6,2,13$1.0
1069$1,9,12,10,7,16,3,1,4,15,5,11,14,6,2,13$1.0
1070$1,9,12,10,7,16,3,1,4,15,5,11,14,6,2,13$1.0
1071$1,9,12,10,7,16,3,1,4,15,5,11,14,6,2,13$1.0
1072$1,9,12,10,7,16,3,1,4,15,5,11,14,6,2,13$1.0
1073$1,9,12,10,7,16,3,1,4,15,5,11,14,6,2,13$1.0
1074$1,9,12,10,7,16,3,1,4,15,5,11,14,6,2,13$1.0
1075$1,9,12,10,7,16,3,1,4,15,5,11,14,6,2,13$1.0
1076$1,9,12,10,7,16,3,1,4,15,5,11,14,6,2,13$1.0
1077$1,9,12,10,7,16,3,1,4,15,5,11,14,6,2,13$1.0
1078$1,9,12,10,7,16,3,1,4,15,5,11,14,6,2,13$1.0
1079$1,9,12,10,7,16,3,1,4,15,5,11,14,6,2,13$1.0
1080$1,9,12,10,7,16,3,1,4,15,5,11,14,6,2,13$1.0
1081$1,9,12,10,7,16,3,1,4,15,5,11,14,6,2,13$1.0
1082$1,9,12,10,7,16,3,1,4,15,5,11,14,6,2,13$1.0
1083$1,9,12,10,7,16,3,1,4,15,5,11,14,6,2,13$1.0
1084$1,9,12,10,7,16,3,1,4,15,5,11,14,6,2,13$1.0
1085$4,9,12,10,7,16,3,1,4,15,5,11,14,6,2,13$1.0
1086$1,9,12,10,7,16,3,1,4,15,5,11,14,6,2,13$1.0
1087$1,9,12,10,7,16,3,1,4,15,5,11,14,6,2,13$1.0
1088$1,9,12,10,7,16,3,1,4,15,5,11,14,6,2,13$1.0
1089$1,9,12,10,7,16,3,1,4,15,5,11,14,6,2,13$1.0
1090$1,9,12,10,7,16,3,1,4,15,5,11,14,6,2,13$1.0
1091$1,9,12,10,7,16,3,1,4,15,5,11,14,6,2,13$1.0
1092$1,9,12,10,7,16,3,1,4,15,5,11,14,6,2,13$1.0
1093$1,9,12,10,7,16,3,1,4,15,5,11,14,6,2,13$1.0
1094$1,9,12,10,7,16,3,1,4,15,5,11,14,6,2,13$1.0
1095$1,9,12,10,7,16,3,1,4,15,5,11,14,6,2,13$1.0
1096$1,9,12,10,7,16,3,1,4,15,5,11,14,6,2,13$1.0
1097$1,9,12,10,7,16,3,1,4,15,5,11,14,6,2,13$1.0
1098$1,9,12,10,7,16,3,1,4,15,5,11,14,6,2,13$1.0
1099$4,9,12,10,7,16,3,1,4,15,5,11,14,6,2,13$1.0
1100$1,9,12,10,7,16,3,1,4,15,5,11,14,6,2,13$1.0
1101$1,9,12,10,7,16,3,16,4,15,5,11,14,6,2,13$1.0
1102$1,9,12,10,7,16,3,16,4,15,5,11,14,6,2,13$1.0
1103$1,9,12,10,7,16,3,1,4,15,5,11,14,6,2,13$1.0
1104$1,9,12,10,7,16,3,1,4,15,5,11,14,6,2,13$1.0
1105$1,9,12,10,7,16,3,16,4,15,5,11,14,6,2,13$1.0
1106$1,9,12,10,7,16,3,16,4,15,5,11,14,6,2,13$1.0
1107$1,9,12,10,7,16,3,1,4,15,5,11,14,6,2,13$1.0
1108$1,9,12,10,7,16,3,1,4,15,5,11,14,6,2,13$1.0
1109$1,9,12,10,7,16,3,16,4,15,5,11,14,6,2,13$1.0
1110$1,9,12,10,7,16,3,1,4,15,5,11,14,6,2,13$1.0
1111$1,9,12,10,7,16,3,1,4,15,5,11,14,6,2,13$1.0
1112$4,9,12,10,7,16,3,1,4,8,5,11,14,6,2,13$1.0
1113$1,9,12,10,7,16,3,16,4,15,5,11,14,6,2,13$1.0
1114$1,9,12,10,7,16,3,1,4,15,5,11,14,6,2,13$1.0
1115$1,9,12,10,7,16,3,1,4,8,5,11,14,6,2,13$1.0
1116$1,9,12,10,7,16,3,1,4,15,5,11,14,6,2,13$1.0
1117$1,9,12,10,7,16,3,1,4,15,5,11,14,6,2,13$1.0
1118$4,9,12,10,7,16,3,1,4,15,5,11,14,6,2,13$1.0
1119$4,9,12,10,7,16,3,1,4,15,5,11,14,6,2,13$1.0
1120$1,9,12,10,7,16,3,11,4,15,5,11,14,6,2,13$1.0
1121$1,9,12,10,7,16,3,11,4,15,5,11,14,6,2,13$1.0
1122$1,9,12,10,7,16,3,1,4,15,5,11,14,6,2,13$1.0
1123$1,9,12,10,7,16,3,11,4,15,5,11,14,6,2,13$1.0
1124$1,9,12,10,7,16,3,1,4,15,5,11,14,6,2,13$1.0
1125$1,9,12,10,7,16,3,1,4,15,5,11,14,6,2,13$1.0
1126$1,9,12,10,7,16,3,1,4,8,5,11,14,6,2,13$1.0
1127$1,9,12,10,7,16,3,1,4,15,5,11,14,6,2,13$1.0
1128$1,9,12,10,7,16,3,1,4,8,5,11,14,6,2,13$1.0
1129$1,9,12,10,7,16,3,1,4,15,5,11,14,6,2,13$1.0
1130$1,9,12,10,7,16,3,1,4,15,5,11,14,6,2,13$1.0
1131$1,9,12,10,7,16,3,1,4,15,5,11,14,6,2,13$1.0
1132$1,9,12,10,7,16,3,11,4,15,5,11,14,6,2,13$1.0
1133$1,9,12,10,7,16,3,1,4,8,5,11,14,6,2,13$1.0
1134$1,9,12,10,7,16,3,1,4,8,5,11,14,6,2,13$1.0
1135$1,9,12,10,7,16,3,1,4,15,5,11,14,6,2,13$1.0
1136$1,9,12,10,7,16,3,1,4,8,5,11,14,6,2,13$1.0
1137$1,9,12,10,7,16,3,1,4,15,5,11,14,6,2,13$1.0
1138$1,9,12,10,7,16,3,1,4,15,5,11,14,6,2,13$1.0
1139$1,9,12,10,7,16,3,1,4,8,5,11,14,6,2,13$1.0
1140$1,9,12,10,7,16,3,1,4,15,5,11,14,6,2,13$1.0
1141$1,9,12,10,7,16,3,1,4,15,5,11,14,6,2,13$1.0
1142$1,9,12,10,7,16,3,1,4,8,5,11,14,6,2,13$1.0
1143$1,9,12,10,7,16,3,11,4,15,5,11,14,6,2,13$1.0
1144$1,9,12,10,7,16,3,1,4,15,5,11,14,6,2,13$1.0
1145$1,9,12,10,7,16,3,11,4,8,5,11,14,6,2,13$1.0
1146$1,9,12,10,7,16,3,11,4,15,5,11,14,6,2,13$1.0
1147$1,9,12,10,7,16,3,11,4,15,5,11,14,6,2,13$1.0
1148$1,9,12,10,7,16,3,1,4,8,5,11,14,6,2,13$1.0
1149$1,9,12,10,7,16,3,16,4,15,5,11,14,6,2,13$1.0
1150$1,9,12,10,7,16,3,11,4,15,5,11,14,6,2,13$1.0
1151$1,9,12,10,7,16,3,11,4,15,5,11,14,6,2,13$1.0
1152$1,9,12,10,7,16,3,1,4,15,5,11,14,6,2,13$1.0
1153$1,9,12,10,7,16,3,1,4,8,5,11,14,6,2,13$1.0
1154$1,9,12,10,7,16,3,11,4,15,5,11,14,6,2,13$1.0
1155$1,9,12,10,7,16,3,11,4,8,5,11,14,6,2,13$1.0
1156$1,9,12,10,7,16,3,11,4,8,5,11,14,6,2,13$1.0
1157$1,9,12,10,7,16,3,11,4,8,5,11,14,6,2,13$1.0
1158$1,9,12,10,7,16,3,11,4,15,5,11,14,6,2,13$1.0
1159$1,9,12,10,7,16,3,1,4,8,5,11,14,6,2,13$1.0
1160$1,9,12,10,7,16,3,1,4,15,5,11,14,6,2,13$1.0
1161$1,9,12,10,7,16,3,16,4,15,5,11,14,6,2,13$1.0
1162$1,9,12,10,7,16,3,11,4,8,5,11,14,6,2,13$1.0
1163$1,9,12,10,7,16,3,11,4,8,5,11,14,6,2,13$1.0
1164$1,9,12,10,7,16,3,1,4,8,5,11,14,6,2,13$1.0
1165$1,9,12,10,7,16,3,1,4,8,5,11,14,6,2,13$1.0
1166$1,9,12,10,7,16,3,1,4,8,5,11,14,6,2,13$1.0
1167$4,9,12,10,7,16,3,1,4,8,5,11,14,6,2,13$1.0
1168$1,9,12,10,7,16,3,11,4,15,5,11,14,6,2,13$1.0
1169$4,9,12,10,7,16,3,1,4,15,5,11,14,6,2,13$1.0
1170$1,9,12,10,7,16,3,1,4,8,5,11,14,6,2,13$1.0
1171$1,9,12,10,7,16,3,1,4,15,5,11,14,6,2,13$1.0
1172$1,9,12,10,7,16,3,16,4,15,5,11,14,6,2,13$1.0
1173$4,9,12,10,7,16,3,1,4,8,5,11,14,6,2,13$1.0
1174$1,9,12,10,7,16,3,16,4,15,5,11,14,6,2,13$1.0
1175$1,9,12,10,7,16,3,16,4,15,5,11,14,6,2,13$1.0
1176$1,9,12,10,7,16,3,11,4,15,5,11,14,6,2,13$1.0
1177$1,9,12,10,7,16,3,1,4,15,5,11,14,6,2,13$1.0
1178$5,9,12,10,7,16,3,1,4,15,5,11,14,6,2,13$1.0
1179$1,9,12,10,7,16,3,11,4,15,5,11,14,6,2,13$1.0
1180$1,9,12,10,7,16,3,1,4,8,5,11,14,6,2,13$1.0
1181$1,9,12,10,7,16,3,1,4,15,5,11,14,6,2,13$1.0
1182$1,9,12,10,7,16,3,1,4,15,5,11,14,6,2,13$1.0
1183$4,9,12,10,7,16,3,1,4,15,5,11,14,6,2,13$1.0
1184$4,9,12,10,7,16,3,1,4,15,5,11,14,6,2,13$1.0
1185$1,9,12,10,7,16,3,1,4,15,5,11,14,6,2,13$1.0
1186$1,9,12,10,7,16,3,1,4,15,5,11,14,6,2,13$1.0
1187$1,9,12,10,7,16,3,16,4,15,5,11,14,6,2,13$1.0
1188$1,9,12,10,7,16,3,16,4,15,5,11,14,6,2,13$1.0
1189$1,9,12,10,7,16,3,1,4,15,5,11,14,6,2,13$1.0
1190$1,9,12,10,7,16,3,1,4,15,5,11,14,6,2,13$1.0
1191$1,9,12,10,7,16,3,1,4,15,5,11,14,6,2,13$1.0
1192$1,9,12,10,7,16,3,1,4,15,5,11,14,6,2,13$1.0
1193$1,9,12,10,7,16,3,1,4,15,5,11,14,6,2,13$1.0
1194$1,9,12,10,7,16,3,1,4,15,5,11,14,6,2,13$1.0
1195$1,9,12,10,7,16,3,1,4,15,5,11,14,6,2,13$1.0
1196$4,9,12,10,7,16,3,1,4,15,5,11,14,6,2,13$1.0
1197$5,9,12,10,7,16,3,1,4,15,5,11,14,6,2,13$1.0
1198$5,9,12,10,7,16,3,1,4,15,5,11,14,6,2,13$1.0
1199$1,9,12,10,7,16,3,11,4,15,5,11,14,6,2,13$1.0
1200$1,9,12,10,7,16,3,1,4,15,5,11,14,6,2,13$1.0
1201$1,9,12,10,7,16,3,11,4,15,5,11,14,6,2,13$1.0
1202$1,9,12,10,7,16,3,1,4,15,5,11,14,6,2,13$1.0
1203$1,9,12,10,7,16,3,1,4,15,5,11,14,6,2,13$1.0
1204$1,9,12,10,7,16,3,11,4,15,5,11,14,6,2,13$1.0
1205$1,9,12,10,7,16,3,1,4,15,5,11,14,6,2,13$1.0
1206$1,9,12,10,7,16,3,1,4,15,5,11,14,6,2,13$1.0
1207$1,9,12,10,7,16,3,1,4,15,5,11,14,6,2,13$1.0
1208$1,9,12,10,7,16,3,16,4,15,5,11,14,6,2,13$1.0
1209$1,9,12,10,7,16,3,1,4,15,5,11,14,6,2,13$1.0
1210$1,9,12,10,7,16,3,16,4,15,5,11,14,6,2,13$1.0
1211$1,9,12,10,7,16,3,1,4,15,5,11,14,6,2,13$1.0
1212$1,9,12,10,7,16,3,1,4,15,5,11,14,6,2,13$1.0
1213$1,9,12,10,7,16,3,1,4,15,5,11,14,6,2,13$1.0
1214$1,9,12,10,7,16,3,1,4,15,5,11,14,6,2,13$1.0
1215$1,9,12,10,7,16,3,1,4,15,5,11,14,6,2,13$1.0
1216$1,9,12,10,7,16,3,1,4,15,5,11,14,6,2,13$1.0
1217$1,9,12,10,7,16,3,1,4,15,5,11,14,6,2,13$1.0
1218$1,9,12,10,7,16,3,16,4,15,5,11,14,6,2,13$1.0
1219$1,9,12,10,7,16,3,1,4,15,5,11,14,6,2,13$1.0
1220$1,9,12,10,7,16,3,1,4,15,5,11,14,6,2,13$1.0
1221$1,9,12,10,7,16,3,1,4,15,5,11,14,6,2,13$1.0
1222$1,9,12,10,7,16,3,1,4,15,5,11,14,6,2,13$1.0
1223$1,9,12,10,7,16,3,1,4,15,5,11,14,6,2,13$1.0
1224$1,9,12,10,7,16,3,1,4,15,5,11,14,6,2,13$1.0
1225$1,9,12,10,7,16,3,1,4,15,5,11,14,6,2,13$1.0
1226$1,9,12,10,7,16,3,1,4,15,5,11,14,6,2,13$1.0
1227$1,9,12,10,7,16,3,11,4,15,5,11,14,6,2,13$1.0
1228$1,9,12,10,7,16,3,1,4,15,5,11,14,6,2,13$1.0
1229$1,9,12,10,7,16,3,11,4,15,5,11,14,6,2,13$1.0
1230$1,9,12,10,7,16,3,11,4,15,5,11,14,6,2,13$1.0
1231$1,9,12,10,7,16,3,11,4,15,5,11,14,6,2,13$1.0
1232$1,9,12,10,7,16,3,11,4,15,5,11,14,6,2,13$1.0
1233$1,9,12,10,7,16,3,11,4,15,5,11,14,6,2,13$1.0
1234$1,9,12,10,7,16,3,11,4,15,5,11,14,6,2,13$1.0
1235$1,9,12,10,7,16,3,11,4,15,5,11,14,6,2,13$1.0
1236$1,9,12,10,7,16,3,11,4,15,5,11,14,6,2,13$1.0
1237$1,9,12,10,7,16,3,11,4,15,5,11,14,6,2,13$1.0
1238$1,9,12,10,7,16,3,11,4,15,5,11,14,6,2,13$1.0
1239$1,9,12,10,7,16,3,11,4,15,5,16,14,6,2,13$1.0
1240$1,9,12,10,7,16,3,11,4,15,5,11,14,6,2,13$1.0
1241$1,9,12,10,7,16,3,11,4,8,5,11,14,6,2,13$1.0
1242$1,9,12,10,7,16,3,16,4,15,5,11,14,6,2,13$1.0
1243$1,9,12,10,7,16,3,11,4,15,5,16,14,6,2,13$1.0
1244$1,9,12,10,7,16,3,11,4,15,5,11,14,6,2,13$1.0
1245$1,9,12,10,7,16,3,16,4,15,5,11,14,6,2,13$1.0
1246$1,9,12,10,7,16,3,11,4,15,5,16,14,6,2,13$1.0
1247$1,9,12,10,7,16,3,11,4,15,5,16,14,6,2,13$1.0
1248$1,9,12,10,7,16,3,1,4,15,5,11,14,6,2,13$1.0
1249$1,9,12,10,7,16,3,11,4,15,5,11,14,6,2,13$1.0
1250$1,9,12,10,7,16,3,11,4,15,5,11,14,6,2,13$1.0
1251$1,9,12,10,7,16,3,11,4,15,5,11,14,6,2,13$1.0
1252$1,9,12,10,7,16,3,11,4,15,5,11,14,6,2,13$1.0
1253$1,9,12,10,7,16,3,11,4,15,5,11,14,6,2,13$1.0
1254$1,9,12,10,7,16,3,11,4,15,5,11,14,6,2,13$1.0
1255$1,9,12,10,7,16,3,16,4,8,5,11,14,6,2,13$1.0
1256$1,9,12,10,7,16,3,11,4,15,5,11,14,6,2,13$1.0
1257$1,9,12,10,7,16,3,11,4,15,5,11,14,6,2,13$1.0
1258$1,9,12,10,7,16,3,11,4,15,5,11,14,6,2,13$1.0
1259$1,9,12,10,7,16,3,11,4,15,5,11,14,6,2,13$1.0
1260$1,9,12,10,7,16,3,11,4,15,5,11,14,6,2,13$1.0
1261$1,9,12,10,7,16,3,11,4,15,5,11,14,6,2,13$1.0
1262$1,9,12,10,7,16,3,11,4,15,5,11,14,6,2,13$1.0
1263$1,9,12,10,7,16,3,11,4,15,5,11,14,6,2,13$1.0
1264$1,9,12,10,7,16,3,11,4,15,5,11,14,6,2,13$1.0
1265$1,9,12,10,7,16,3,11,4,15,5,11,14,6,2,13$1.0
1266$1,9,12,10,7,16,3,11,4,15,5,11,14,6,2,13$1.0
1267$1,9,12,10,7,16,3,11,4,15,5,11,14,6,2,13$1.0
1268$1,9,12,10,7,16,3,11,4,15,5,11,14,6,2,13$1.0
1269$1,9,12,10,7,16,3,11,4,15,5,11,14,6,2,13$1.0
1270$1,9,12,10,7,16,3,11,4,15,5,11,14,6,2,13$1.0
1271$1,9,12,10,7,16,3,11,4,15,5,11,14,6,2,13$1.0
1272$1,9,12,10,7,16,3,11,4,15,5,11,14,6,2,13$1.0
1273$1,9,12,10,7,16,3,11,4,15,5,11,14,6,2,13$1.0
1274$1,9,12,10,7,16,3,11,4,15,5,11,14,6,2,13$1.0
1275$1,9,12,10,7,16,3,11,4,8,5,11,14,6,2,13$1.0
1276$1,9,12,10,7,16,3,11,4,15,5,11,14,6,2,13$1.0
1277$1,9,12,10,7,16,3,11,4,15,5,11,14,6,2,13$1.0
1278$1,9,12,10,7,16,3,11,4,15,5,11,14,6,2,13$1.0
1279$1,9,12,10,7,16,3,11,4,15,5,11,14,6,2,13$1.0
1280$1,9,12,10,7,16,3,11,4,15,5,11,14,6,2,13$1.0
1281$1,9,12,10,7,16,3,11,4,15,5,11,14,6,2,13$1.0
1282$1,9,12,10,7,16,3,11,4,15,5,11,14,6,2,13$1.0
1283$1,9,12,10,7,16,3,11,4,15,5,11,14,6,2,13$1.0
1284$1,9,12,10,7,16,3,11,4,15,5,11,14,6,2,13$1.0
1285$1,9,12,10,7,16,3,11,4,15,5,11,14,6,2,13$1.0
1286$1,9,12,10,7,16,3,11,4,15,5,11,14,6,2,13$1.0
1287$1,9,12,10,7,16,3,11,4,15,5,11,14,6,2,13$1.0
1288$1,9,12,10,7,16,3,11,4,15,5,11,14,6,2,13$1.0
1289$1,9,12,10,7,16,3,11,4,15,5,11,14,6,2,13$1.0
1290$1,9,12,10,7,16,3,11,4,15,5,11,14,6,2,13$1.0
1291$1,9,12,10,7,16,3,11,4,15,5,11,14,6,2,13$1.0
1292$1,9,12,10,7,16,3,11,4,15,5,11,14,6,2,13$1.0
1293$1,9,12,10,7,16,3,11,4,15,5,11,14,6,2,13$1.0
1294$1,9,12,10,7,16,3,11,4,15,5,11,14,6,2,13$1.0
1295$1,9,12,10,7,16,3,11,4,15,5,11,14,6,2,13$1.0
1296$1,9,12,10,7,16,3,11,4,15,5,11,14,6,2,13$1.0
1297$1,9,12,10,7,16,3,11,4,15,5,11,14,6,2,13$1.0
1298$1,9,12,10,7,16,3,11,4,15,5,11,14,6,2,13$1.0
1299$1,9,12,10,7,16,3,11,4,15,5,11,14,6,13,2$1.0
1300$1,9,12,10,7,16,3,11,4,15,5,11,14,6,13,2$1.0
1301$1,9,12,10,7,16,3,11,4,15,5,11,14,6,13,2$1.0
1302$1,9,12,10,7,16,3,11,4,15,5,11,14,6,2,13$1.0
1303$1,9,12,10,7,16,3,11,4,15,5,11,14,6,2,13$1.0
1304$1,9,12,10,7,16,3,11,4,15,5,11,14,6,13,2$1.0
1305$1,9,12,10,7,16,3,11,4,15,5,11,14,6,13,2$1.0
1306$1,9,12,10,7,16,3,11,4,15,5,11,14,6,2,13$1.0
1307$1,9,12,10,7,16,3,11,4,15,5,11,14,6,2,13$1.0
1308$1,9,12,10,7,16,3,11,4,15,5,11,14,6,13,2$1.0
1309$1,9,12,10,7,16,3,11,4,15,5,11,14,6,13,2$1.0
1310$1,9,12,10,7,16,3,11,4,15,5,11,14,6,2,13$1.0
1311$1,9,12,10,7,16,3,11,4,15,5,11,14,6,13,2$1.0
1312$1,9,12,10,7,16,3,11,4,15,5,11,14,6,2,13$1.0
1313$1,9,12,10,7,16,3,11,4,15,5,11,14,6,2,13$1.0
1314$1,9,12,10,7,16,3,11,4,15,5,11,14,6,2,13$1.0
1315$1,9,12,10,7,16,3,11,4,15,5,11,14,6,13,2$1.0
1316$1,9,12,10,7,16,3,11,4,15,5,11,14,6,2,13$1.0
1317$1,9,12,10,7,16,3,11,4,15,5,11,14,6,2,13$1.0
1318$1,9,12,10,7,16,3,11,4,15,5,11,14,6,2,13$1.0
1319$1,9,12,10,7,16,3,11,4,15,5,11,14,6,2,13$1.0
1320$1,9,12,10,7,16,3,11,4,15,5,11,14,6,2,13$1.0
1321$1,9,12,10,7,16,3,11,4,15,5,11,14,6,2,13$1.0
1322$1,9,12,10,7,16,3,11,4,15,5,11,14,6,2,13$1.0
1323$1,9,12,10,7,16,3,11,4,8,5,11,14,6,2,13$1.0
1324$1,9,12,10,7,16,3,11,4,15,5,11,14,6,2,13$1.0
1325$1,9,12,10,7,16,3,11,4,15,5,11,14,6,2,13$1.0
1326$1,9,12,10,7,16,3,11,4,15,5,11,14,6,2,13$1.0
1327$1,9,12,10,7,16,3,11,4,15,5,11,14,6,2,13$1.0
1328$1,9,12,10,7,16,3,11,4,15,5,11,14,6,2,13$1.0
1329$1,9,12,10,7,16,3,11,4,15,5,11,14,6,2,13$1.0
1330$1,9,12,10,7,16,3,16,4,15,5,11,14,6,2,13$1.0
1331$1,9,12,10,7,16,3,11,4,15,5,11,14,6,2,13$1.0
1332$1,9,12,10,7,16,3,16,4,15,5,11,14,6,2,13$1.0
1333$1,9,12,10,7,16,3,16,4,15,5,11,14,6,2,13$1.0
1334$1,9,12,10,7,16,3,16,4,15,5,11,14,6,2,13$1.0
1335$1,9,12,10,7,16,3,11,4,15,5,16,14,6,2,13$1.0
1336$1,9,12,10,7,16,3,1,4,15,5,11,14,6,2,13$1.0
1337$1,9,12,10,7,16,3,16,4,15,5,11,14,6,2,13$1.0
1338$1,9,12,10,7,16,3,11,4,15,5,11,14,6,2,13$1.0
1339$1,9,12,10,7,16,3,11,4,15,5,11,14,6,2,13$1.0
1340$1,9,12,10,7,16,3,11,4,15,5,11,14,6,2,13$1.0
1341$1,9,12,10,7,16,3,16,4,15,5,11,14,6,2,13$1.0
1342$1,9,12,10,7,16,3,11,4,15,5,11,14,6,2,13$1.0
1343$1,9,12,10,7,16,3,16,4,15,5,11,14,6,2,13$1.0
1344$1,9,12,10,7,16,3,16,4,15,5,11,14,6,2,13$1.0
1345$1,9,12,10,7,16,3,11,4,15,5,11,14,6,2,13$1.0
1346$1,9,12,10,7,16,3,11,4,15,5,11,14,6,2,13$1.0
1347$1,9,12,10,7,16,3,11,4,15,5,16,14,6,2,13$1.0
1348$1,9,12,10,7,16,3,11,4,15,5,11,14,6,2,13$1.0
1349$1,9,12,10,7,16,3,11,4,15,5,16,14,6,2,13$1.0
1350$1,9,12,10,7,16,3,11,4,15,5,11,14,6,2,13$1.0
1351$1,9,12,10,7,16,3,11,4,15,5,11,14,6,2,13$1.0
1352$1,9,12,10,7,16,3,11,4,15,5,11,14,6,2,13$1.0
1353$1,9,12,10,7,16,3,11,4,15,5,11,14,6,2,13$1.0
1354$1,9,12,10,7,16,3,11,4,15,5,11,14,6,2,13$1.0
1355$1,9,12,10,7,16,3,11,4,15,5,11,14,6,2,13$1.0
1356$1,9,12,10,7,16,3,11,4,15,5,11,14,6,2,13$1.0
1357$1,9,12,10,7,16,3,11,4,15,5,11,14,6,2,13$1.0
1358$1,9,12,10,7,16,3,11,4,15,5,11,14,6,2,13$1.0
1359$1,9,12,10,7,16,3,11,4,15,5,11,14,6,2,13$1.0
1360$1,9,12,10,7,16,3,11,4,15,5,11,14,6,2,13$1.0
1361$1,9,12,10,7,16,3,11,4,15,5,16,14,6,2,13$1.0
1362$1,9,12,10,7,16,3,11,4,15,5,16,14,6,2,13$1.0
1363$1,9,12,10,7,16,3,11,4,15,5,16,14,6,2,13$1.0
1364$1,9,12,10,7,16,3,11,4,15,5,16,14,6,2,13$1.0
1365$1,9,12,10,7,16,3,11,4,15,5,16,14,6,2,13$1.0
1366$1,9,12,10,7,16,3,11,4,15,5,16,14,6,2,13$1.0
1367$1,9,12,10,7,16,3,11,4,15,5,16,14,6,2,13$1.0
1368$1,9,12,10,7,16,3,11,4,15,5,16,14,6,2,13$1.0
1369$1,9,12,10,7,16,3,1,4,15,5,11,14,6,2,13$1.0
1370$1,9,12,10,7,16,3,16,4,15,5,11,14,6,2,13$1.0
1371$1,9,12,10,7,16,3,1,4,15,5,11,14,6,2,13$1.0
1372$1,9,12,10,7,16,3,11,4,15,5,16,14,6,2,13$1.0
1373$1,9,12,10,7,16,3,11,4,15,5,11,14,6,2,13$1.0
1374$1,9,12,10,7,16,3,11,4,8,5,11,14,6,2,13$1.0
1375$1,9,12,10,7,16,3,11,4,15,5,11,14,6,2,13$1.0
1376$1,9,12,10,7,16,3,11,4,15,5,11,14,6,2,13$1.0
1377$1,9,12,10,7,16,3,1,4,15,5,11,14,6,2,13$1.0
1378$1,9,12,10,7,16,3,1,4,15,5,11,14,6,2,13$1.0
1379$1,9,12,10,7,16,3,11,4,8,5,11,14,6,2,13$1.0
1380$1,9,12,10,7,16,3,11,4,15,5,16,14,6,2,13$1.0
1381$1,9,12,10,7,16,3,11,4,15,5,11,14,6,2,13$1.0
1382$1,9,12,10,7,16,3,11,4,8,5,16,14,6,2,13$1.0
1383$1,9,12,10,7,16,3,11,4,15,5,16,14,6,2,13$1.0
1384$1,9,12,10,7,16,3,11,4,15,5,16,14,6,2,13$1.0
1385$1,9,12,10,7,16,3,1,4,15,5,11,14,6,2,13$1.0
1386$1,9,12,10,7,16,3,11,4,15,5,11,14,6,2,13$1.0
1387$1,9,12,10,7,16,3,1,4,15,5,11,14,6,2,13$1.0
1388$1,9,12,10,7,16,3,11,4,15,5,16,14,6,2,13$1.0
1389$1,9,12,10,7,16,3,11,4,15,5,16,14,6,2,13$1.0
1390$1,9,12,10,7,16,3,11,4,15,5,16,14,6,2,13$1.0
1391$1,9,12,10,7,16,3,11,4,15,5,16,14,6,2,13$1.0
1392$1,9,12,10,7,16,3,11,4,15,5,11,14,6,2,13$1.0
1393$1,9,12,10,7,16,3,11,4,8,5,16,14,6,2,13$1.0
1394$1,9,12,10,7,16,3,11,4,15,5,11,14,6,2,13$1.0
1395$1,9,12,10,7,16,3,11,4,15,5,16,14,6,2,13$1.0
1396$1,9,12,10,7,16,3,1,4,15,5,11,14,6,2,13$1.0
1397$1,9,12,10,7,16,3,11,4,15,5,11,14,6,2,13$1.0
1398$1,9,12,10,7,16,3,11,4,15,5,16,14,6,2,13$1.0
1399$1,9,12,10,7,16,3,11,4,8,5,11,14,6,2,13$1.0
1400$1,9,12,10,7,16,3,11,4,8,5,16,14,6,2,13$1.0
1401$1,9,12,10,7,16,3,11,4,8,5,16,14,6,2,13$1.0
1402$1,9,12,10,7,16,3,11,4,8,5,16,14,6,2,13$1.0
1403$1,9,12,10,7,16,3,11,4,15,5,11,14,6,2,13$1.0
1404$1,9,12,10,7,16,3,11,4,8,5,16,14,6,2,13$1.0
1405$1,9,12,10,7,16,3,11,4,15,5,11,14,6,2,13$1.0
1406$1,9,12,10,7,16,3,11,4,15,5,11,14,6,2,13$1.0
1407$1,9,12,10,7,16,3,11,4,8,5,16,14,6,2,13$1.0
1408$1,9,12,10,7,16,3,11,4,15,5,16,14,6,2,13$1.0
1409$1,9,12,10,7,16,3,11,4,8,5,11,14,6,2,13$1.0
1410$1,9,12,10,7,16,3,11,4,15,5,16,14,6,2,13$1.0
1411$1,9,12,10,7,16,3,11,4,15,5,11,14,6,2,13$1.0
1412$1,9,12,10,7,16,3,11,4,15,5,16,14,6,2,13$1.0
1413$1,9,12,10,7,16,3,11,4,15,5,16,14,6,2,13$1.0
1414$1,9,12,10,7,16,3,11,4,15,5,11,14,6,2,13$1.0
1415$1,9,12,10,7,16,3,11,4,15,5,16,14,6,8,13$1.0
1416$1,9,12,10,7,16,3,16,4,15,5,11,14,6,2,13$1.0
1417$1,9,12,10,7,16,3,11,4,15,5,11,14,6,2,13$1.0
1418$1,9,12,10,7,16,3,11,4,15,5,16,14,6,2,13$1.0
1419$1,9,12,10,7,16,3,11,4,15,5,16,14,6,8,13$1.0
1420$1,9,12,10,7,16,3,11,4,15,5,16,14,6,8,13$1.0
1421$1,9,12,10,7,16,3,11,4,15,5,16,14,6,8,13$1.0
1422$1,9,12,10,7,16,3,11,4,15,5,16,14,6,8,13$1.0
1423$1,9,12,10,7,16,3,11,4,15,5,16,14,6,2,13$1.0
1424$1,9,12,2,7,16,3,11,4,15,5,16,14,6,8,13$1.0
1425$1,9,12,10,7,16,3,11,4,15,5,16,14,6,2,13$1.0
1426$1,9,12,10,7,16,3,11,4,15,5,16,14,6,8,13$1.0
1427$1,9,12,10,7,16,3,11,4,15,5,11,14,6,2,13$1.0
1428$1,9,12,10,7,16,3,11,4,15,5,11,14,6,2,13$1.0
1429$1,9,12,10,7,16,3,11,4,15,5,16,14,6,8,13$1.0
1430$1,9,12,10,7,16,3,11,4,15,5,11,14,6,2,13$1.0
1431$1,9,12,10,7,16,3,11,4,15,5,16,14,6,2,13$1.0
1432$1,9,12,10,7,16,3,11,4,15,5,16,14,6,8,13$1.0
1433$1,9,12,10,7,16,3,11,4,15,5,16,14,6,8,13$1.0
1434$1,9,12,10,7,16,3,11,4,15,5,16,14,6,2,13$1.0
1435$1,9,12,10,7,16,3,11,4,15,5,16,14,6,8,13$1.0
1436$1,9,12,10,7,16,3,11,4,15,5,16,14,6,2,13$1.0
1437$1,9,12,10,7,16,3,11,4,15,5,16,14,6,2,13$1.0
1438$1,9,12,10,7,16,3,11,4,15,5,16,14,6,2,13$1.0
1439$1,9,12,10,7,16,3,11,4,15,5,16,14,6,2,13$1.0
1440$1,9,12,10,7,16,3,11,4,15,5,16,14,6,2,13$1.0
1441$1,9,12,10,7,16,3,11,4,15,5,16,14,6,2,13$1.0
1442$1,9,12,10,7,16,3,11,4,15,5,16,14,6,2,13$1.0
1443$1,9,12,10,7,16,3,11,4,15,5,16,14,6,2,13$1.0
1444$1,9,2,10,7,16,3,11,4,15,5,16,14,6,8,13$1.0
1445$1,9,2,10,7,16,3,11,4,15,5,16,14,6,8,13$1.0
1446$1,9,12,10,7,16,3,11,4,15,5,16,14,6,2,13$1.0
1447$1,9,12,10,7,16,3,11,4,15,5,16,14,6,8,13$1.0
1448$1,9,2,10,7,16,3,11,4,15,5,16,14,6,8,13$1.0
1449$1,9,12,10,7,16,3,11,4,15,5,16,14,6,2,13$1.0
1450$1,9,12,10,7,16,3,11,4,15,5,16,14,6,2,13$1.0
1451$1,9,12,10,7,16,3,11,4,15,5,16,14,6,2,13$1.0
1452$1,9,12,10,7,16,3,11,4,15,5,16,14,6,8,13$1.0
1453$1,9,12,10,7,16,3,11,4,15,5,16,14,6,8,13$1.0
1454$1,9,12,10,7,16,3,11,4,15,5,16,14,6,2,13$1.0
1455$1,9,12,10,7,16,3,11,4,15,5,16,14,6,8,13$1.0
1456$1,9,12,10,7,16,3,11,4,15,5,16,14,6,2,13$1.0
1457$1,9,12,10,7,16,3,11,4,15,5,16,14,6,8,13$1.0
1458$1,9,12,10,7,16,3,11,4,15,5,9,14,6,8,2$1.0
1459$1,9,12,10,7,16,3,11,4,15,5,16,14,6,8,13$1.0
1460$1,9,12,10,7,16,3,11,4,15,5,16,14,6,2,13$1.0
1461$1,9,12,10,7,16,3,11,4,15,5,16,14,6,2,13$1.0
1462$1,9,12,10,7,16,3,11,4,15,5,16,14,6,8,13$1.0
1463$1,9,12,10,7,16,3,11,4,15,5,16,14,6,2,13$1.0
1464$1,9,12,10,7,16,3,11,4,15,5,16,14,6,8,13$1.0
1465$1,9,12,10,7,16,3,11,4,15,5,16,14,6,8,13$1.0
1466$1,9,12,10,7,16,3,11,4,15,5,16,14,6,8,2$1.0
1467$1,9,12,10,7,16,3,11,4,15,5,16,14,6,2,13$1.0
1468$1,9,12,10,7,16,3,11,4,15,5,16,14,6,2,13$1.0
1469$1,9,12,10,7,16,3,11,4,15,5,16,14,6,2,13$1.0
1470$1,9,12,10,7,16,3,11,4,15,5,16,14,6,2,13$1.0
1471$1,9,12,10,7,16,3,11,4,15,5,16,14,6,2,13$1.0
1472$1,9,12,10,7,16,3,11,4,15,5,16,14,6,8,13$1.0
1473$1,9,12,10,7,16,3,11,4,15,5,16,14,6,8,13$1.0
1474$1,9,12,10,7,16,3,11,4,15,5,16,14,6,2,13$1.0
1475$1,9,12,10,7,16,3,11,4,15,5,16,14,6,2,13$1.0
1476$1,9,12,10,7,16,3,11,4,15,5,16,14,6,2,13$1.0
1477$1,9,12,10,7,16,3,11,4,15,5,16,14,6,8,13$1.0
1478$1,9,12,10,7,16,3,11,4,15,5,16,14,6,2,13$1.0
1479$1,9,12,10,7,16,3,11,4,15,5,16,14,6,8,13$1.0
1480$1,9,12,10,7,16,3,11,4,15,5,16,14,6,8,13$1.0
1481$1,9,12,10,7,16,3,11,4,15,5,16,14,6,2,13$1.0
1482$1,9,12,10,7,16,3,11,4,15,5,16,14,6,8,13$1.0
1483$1,9,12,10,7,16,3,11,4,15,5,16,14,6,8,13$1.0
1484$1,9,12,10,7,16,3,11,4,15,5,16,14,6,8,13$1.0
1485$1,9,12,10,7,16,3,11,4,15,5,16,14,6,2,13$1.0
1486$1,9,12,10,7,16,3,11,4,15,5,16,14,6,8,13$1.0
1487$1,9,12,10,7,16,3,11,4,15,5,16,14,6,8,13$1.0
1488$1,9,12,10,7,16,3,11,4,15,5,16,14,6,8,13$1.0
1489$1,9,12,10,7,16,3,11,4,15,5,16,14,6,2,13$1.0
1490$1,9,12,2,7,16,3,11,4,15,5,16,14,6,8,13$1.0
1491$1,9,12,10,7,16,3,11,4,15,5,16,14,6,2,13$1.0
1492$1,9,12,10,7,16,3,11,4,15,5,16,14,6,2,13$1.0
1493$1,9,12,10,7,16,3,11,4,8,5,16,14,6,2,13$1.0
1494$1,9,12,10,7,16,3,11,4,8,5,16,14,6,2,13$1.0
1495$1,9,12,10,7,16,3,11,4,8,5,16,14,6,2,13$1.0
1496$1,9,12,10,7,16,3,11,4,8,5,16,14,6,2,13$1.0
1497$1,9,12,10,7,16,3,11,4,8,5,16,14,6,2,13$1.0
1498$1,9,12,10,7,16,3,11,4,15,5,16,14,6,2,13$1.0
1499$1,9,12,10,7,16,3,11,4,15,5,16,14,6,2,13$1.0
1500$1,9,12,10,7,16,3,11,4,8,5,16,14,6,2,13$1.0
1501$1,9,12,10,7,16,3,11,4,15,5,16,14,6,8,13$1.0
1502$1,9,12,10,7,16,3,11,4,8,5,16,14,6,2,13$1.0
1503$1,9,12,10,7,16,3,11,4,15,5,16,14,6,2,13$1.0
1504$1,9,12,10,7,16,3,11,4,15,5,16,14,6,2,13$1.0
1505$1,9,12,10,7,16,3,11,4,15,5,16,14,6,2,13$1.0
1506$1,9,12,10,7,16,3,11,4,8,5,16,14,6,2,13$1.0
1507$1,9,12,10,7,16,3,11,4,15,5,16,14,6,2,13$1.0
1508$1,9,12,10,7,16,3,11,4,8,5,16,14,6,2,13$1.0
1509$1,9,12,10,7,16,3,11,4,8,5,16,14,6,2,13$1.0
1510$1,9,12,10,7,16,3,11,4,15,5,16,14,6,2,13$1.0
1511$1,9,12,10,7,16,3,11,4,8,5,16,14,6,2,13$1.0
1512$1,9,12,10,7,16,3,11,4,8,5,16,14,6,2,13$1.0
1513$1,9,12,10,7,16,3,11,4,15,5,16,14,6,8,13$1.0
1514$1,9,12,10,7,16,3,11,4,15,5,16,14,6,2,13$1.0
1515$1,9,12,10,7,16,3,11,4,15,5,16,14,6,2,13$1.0
1516$1,9,12,10,7,16,3,11,4,8,5,16,14,6,2,13$1.0
1517$1,9,12,10,7,16,3,11,4,15,5,16,14,6,2,13$1.0
1518$1,9,12,10,7,16,3,11,4,15,5,16,14,6,2,13$1.0
1519$1,9,12,10,7,16,3,11,4,15,5,16,14,6,2,13$1.0
1520$1,9,12,10,7,16,3,11,4,8,5,16,14,6,2,13$1.0
1521$1,9,12,10,7,16,3,11,4,8,5,16,14,6,2,13$1.0
1522$1,9,12,10,7,16,3,11,4,15,5,16,14,6,2,13$1.0
1523$1,9,12,10,7,16,3,11,4,15,5,16,14,6,2,13$1.0
1524$1,9,12,10,7,16,3,11,4,15,5,16,14,6,2,13$1.0
1525$1,9,12,10,7,16,3,11,4,15,5,16,14,6,2,13$1.0
1526$1,9,12,10,7,16,3,11,4,15,5,16,14,6,2,13$1.0
1527$1,9,12,10,7,16,3,11,4,8,5,16,14,6,2,13$1.0
1528$1,9,12,10,7,16,3,11,4,8,5,16,14,6,2,13$1.0
1529$1,9,12,10,7,16,3,13,4,8,5,11,14,6,2,13$1.0
1530$1,9,12,10,7,16,3,11,4,15,5,16,14,6,2,13$1.0
1531$1,9,12,10,7,16,3,11,4,15,5,16,14,6,2,13$1.0
1532$1,9,12,10,7,16,3,11,4,15,5,16,14,6,2,13$1.0
1533$1,9,12,10,7,16,3,11,4,15,5,11,14,6,2,13$1.0
1534$1,9,12,10,7,16,3,11,4,15,5,11,14,6,2,13$1.0
1535$1,9,12,10,7,16,3,11,4,15,5,16,14,6,2,13$1.0
1536$1,9,12,10,7,16,3,11,4,15,5,16,14,6,8,13$1.0
1537$1,9,12,10,7,16,3,11,4,15,5,16,14,6,2,13$1.0
1538$1,9,12,10,7,16,3,11,4,15,5,16,14,6,2,13$1.0
1539$1,9,12,10,7,16,3,11,4,15,5,16,14,6,2,13$1.0
1540$1,9,12,10,7,16,3,11,4,15,5,16,14,6,2,13$1.0
1541$1,9,12,10,7,16,3,11,4,15,5,16,14,6,2,13$1.0
1542$1,9,12,10,7,16,3,11,4,15,5,11,14,6,2,13$1.0
1543$1,9,12,10,7,16,3,11,4,15,5,16,14,6,2,13$1.0
1544$1,9,12,10,7,16,3,11,4,15,5,11,14,6,2,13$1.0
1545$1,9,12,10,7,16,3,11,4,15,5,16,14,6,2,13$1.0
1546$1,9,12,10,7,16,3,11,4,15,5,16,14,6,2,13$1.0
1547$1,9,12,10,7,16,3,1,4,15,5,11,14,6,2,13$1.0
1548$1,9,12,10,7,16,3,11,4,15,5,11,14,6,2,13$1.0
1549$1,9,12,10,7,16,3,11,4,15,5,16,14,6,2,13$1.0
1550$1,9,12,10,7,16,3,11,4,15,5,11,14,6,2,13$1.0
1551$1,9,12,10,7,16,3,11,4,15,5,16,14,6,2,13$1.0
1552$1,9,12,10,7,16,3,11,4,15,5,16,14,6,2,13$1.0
1553$1,9,12,10,7,16,3,11,4,15,5,16,14,6,2,13$1.0
1554$1,9,12,10,7,16,3,11,4,8,5,11,14,6,2,13$1.0
1555$1,9,12,10,7,16,3,11,4,15,5,16,14,6,2,13$1.0
1556$1,9,12,10,7,16,3,11,4,8,5,16,14,6,2,13$1.0
1557$1,9,12,10,7,16,3,11,4,15,5,16,14,6,2,13$1.0
1558$1,9,12,10,7,16,3,11,4,8,5,16,14,6,2,13$1.0
1559$1,9,12,10,7,16,3,11,4,15,5,11,14,6,2,13$1.0
1560$1,9,12,10,7,16,3,11,4,15,5,16,14,6,2,13$1.0
1561$1,9,12,10,7,16,3,11,4,15,5,11,14,6,2,13$1.0
1562$1,9,12,10,7,16,3,11,4,15,5,11,14,6,2,13$1.0
1563$1,9,12,10,7,16,3,11,4,15,5,11,14,6,2,13$1.0
1564$1,9,12,10,7,16,3,11,4,15,5,11,14,6,2,13$1.0
1565$1,9,12,10,7,16,3,11,4,15,5,16,14,6,2,13$1.0
1566$1,9,12,10,7,16,3,11,4,15,5,11,14,6,2,13$1.0
1567$1,9,12,10,7,16,3,11,4,15,5,16,14,6,2,13$1.0
1568$1,9,12,10,7,16,3,11,4,15,5,16,14,6,2,13$1.0
1569$1,9,12,10,7,16,3,11,4,15,5,16,14,6,2,13$1.0
1570$1,9,12,10,7,16,3,11,4,15,5,11,14,6,2,13$1.0
1571$1,9,12,10,7,16,3,11,4,15,5,11,14,6,2,13$1.0
1572$1,9,12,10,7,16,3,11,4,15,5,16,14,6,2,13$1.0
1573$1,9,12,10,7,16,3,11,4,15,5,16,14,6,2,13$1.0
1574$1,9,12,10,7,16,3,11,4,15,5,16,14,6,2,13$1.0
1575$1,9,12,10,7,16,3,11,4,15,5,16,14,6,2,13$1.0
1576$1,9,12,10,7,16,3,11,4,15,5,16,14,6,2,13$1.0
1577$1,9,12,10,7,16,3,11,4,15,5,16,14,6,2,13$1.0
1578$1,9,12,10,7,16,3,11,4,15,5,16,14,6,2,13$1.0
1579$1,9,12,10,7,16,3,11,4,15,5,16,14,6,2,13$1.0
1580$1,9,12,10,7,16,3,11,4,15,5,16,14,6,2,13$1.0
1581$1,9,12,10,7,16,3,11,4,15,5,16,14,6,2,13$1.0
1582$1,9,12,10,7,16,3,11,4,15,5,16,14,6,2,13$1.0
1583$1,9,12,10,7,16,3,11,4,15,5,16,14,6,2,13$1.0
1584$1,9,12,10,7,16,3,11,4,15,5,16,14,6,2,13$1.0
1585$1,9,12,10,7,16,3,11,4,15,5,16,14,6,2,13$1.0
1586$1,9,12,10,7,16,3,11,4,15,5,16,14,6,2,13$1.0
1587$1,9,12,10,7,16,3,11,4,15,5,16,14,6,2,13$1.0
1588$1,9,12,10,7,16,3,11,4,15,5,16,14,6,8,13$1.0
1589$1,9,12,10,7,16,3,11,4,15,5,16,14,6,2,13$1.0
1590$1,9,12,10,7,16,3,11,4,15,5,16,14,6,2,13$1.0
1591$1,9,12,10,7,16,3,11,4,15,5,16,14,6,2,13$1.0
1592$1,9,12,10,7,16,3,11,4,15,5,16,14,6,2,13$1.0
1593$1,9,12,10,7,16,3,11,4,15,5,16,14,6,8,13$1.0
1594$1,9,12,10,7,16,3,11,4,15,5,16,14,6,2,13$1.0
1595$1,9,12,10,7,16,3,11,4,15,5,16,14,6,2,13$1.0
1596$1,9,12,10,7,16,3,11,4,15,5,16,14,6,2,13$1.0
1597$1,9,12,10,7,16,3,11,4,15,5,16,14,6,8,13$1.0
1598$1,9,12,10,7,16,3,11,4,15,5,16,14,6,2,13$1.0
1599$1,9,12,10,7,16,3,11,4,15,5,16,14,6,2,13$1.0
1600$1,9,12,10,7,16,3,11,4,15,5,16,14,6,2,13$1.0
1601$1,9,12,10,7,16,3,11,4,15,5,16,14,6,2,13$1.0
1602$1,9,12,10,7,16,3,11,4,15,5,16,14,6,8,13$1.0
1603$1,9,12,10,7,16,3,11,4,15,5,16,14,6,2,13$1.0
1604$1,9,12,10,7,16,3,11,4,15,5,16,14,6,2,13$1.0
1605$1,9,12,10,7,16,3,11,4,15,5,16,14,6,8,13$1.0
1606$1,9,12,10,7,16,3,11,4,15,5,16,14,6,2,13$1.0
1607$1,9,12,10,7,16,3,11,4,15,5,16,14,6,2,13$1.0
1608$1,9,12,10,7,16,3,11,4,15,5,16,14,6,2,13$1.0
1609$1,9,12,10,7,16,3,11,4,15,5,16,14,6,8,13$1.0
1610$1,9,12,10,7,16,3,11,4,15,5,16,14,6,2,13$1.0
1611$1,9,12,10,7,16,3,11,4,15,5,16,14,6,8,13$1.0
1612$1,9,12,10,7,16,3,11,4,15,5,16,14,6,2,13$1.0
1613$1,9,12,10,7,16,3,11,4,15,5,16,14,6,2,13$1.0
1614$1,9,12,10,7,16,3,11,4,15,5,16,14,6,2,13$1.0
1615$1,9,12,10,7,16,3,11,4,8,5,16,14,6,2,13$1.0
1616$1,9,12,10,7,16,3,11,4,15,5,16,14,6,2,13$1.0
1617$1,9,12,10,7,16,3,11,4,15,5,16,14,6,2,13$1.0
1618$1,9,12,10,7,16,3,11,4,15,5,16,14,6,2,13$1.0
1619$1,9,12,10,7,16,3,11,4,15,5,16,14,6,2,13$1.0
1620$1,9,12,10,7,16,3,11,4,15,5,16,14,6,8,13$1.0
1621$1,9,12,10,7,16,3,11,4,15,5,16,14,6,2,13$1.0
1622$1,9,12,10,7,16,3,11,4,15,5,16,14,6,2,13$1.0
1623$1,9,12,10,7,16,3,11,4,15,5,16,14,6,8,13$1.0
1624$1,9,12,10,7,16,3,11,4,8,5,16,14,6,2,13$1.0
1625$1,9,12,10,7,16,3,11,4,15,5,16,14,6,2,13$1.0
1626$1,9,12,10,7,16,3,11,4,8,5,16,14,6,2,13$1.0
1627$1,9,12,10,7,16,3,11,4,8,5,16,14,6,2,13$1.0
1628$1,9,12,10,7,16,3,11,4,15,5,16,14,6,2,13$1.0
1629$1,9,12,10,7,16,3,11,4,8,5,16,14,6,2,13$1.0
1630$1,9,12,10,7,16,3,11,4,8,5,16,14,6,2,13$1.0
1631$1,9,12,10,7,16,3,11,4,15,5,16,14,6,2,13$1.0
1632$1,9,12,10,7,16,3,11,4,15,5,16,14,6,2,13$1.0
1633$1,9,12,10,7,16,3,11,4,8,5,16,14,6,2,13$1.0
1634$1,9,12,10,7,16,3,11,4,15,5,16,14,6,2,13$1.0
1635$1,9,12,10,7,16,3,11,4,8,5,16,14,6,2,13$1.0
1636$1,9,12,10,7,16,3,11,4,8,5,16,14,6,2,13$1.0
1637$1,9,12,10,7,16,3,11,4,15,5,16,14,6,2,13$1.0
1638$1,9,12,10,7,16,3,11,4,15,5,16,14,6,2,13$1.0
1639$1,9,12,10,7,16,3,11,4,8,5,16,14,6,2,13$1.0
1640$1,9,12,10,7,16,3,11,4,15,5,16,14,6,2,13$1.0
1641$1,9,12,10,7,16,3,11,4,8,5,16,14,6,2,13$1.0
1642$1,9,12,10,7,16,3,11,4,8,5,16,14,6,2,13$1.0
1643$1,9,12,10,7,16,3,11,4,15,5,16,14,6,2,13$1.0
1644$1,9,12,10,7,16,3,11,4,15,5,16,14,6,2,13$1.0
1645$1,9,12,10,7,16,3,11,4,15,5,16,14,6,2,13$1.0
1646$1,9,12,10,7,16,3,11,4,15,5,16,14,6,2,13$1.0
1647$1,9,12,10,7,16,3,11,4,8,5,16,14,6,2,13$1.0
1648$1,9,12,10,7,16,3,11,4,8,5,16,14,6,2,13$1.0
1649$1,9,12,10,7,16,3,11,4,8,5,16,14,6,2,13$1.0
1650$1,9,12,10,7,16,3,11,4,15,5,16,14,6,2,13$1.0
1651$1,9,12,10,7,16,3,11,4,15,5,16,14,6,2,13$1.0
1652$1,9,12,10,7,16,3,11,4,15,5,16,14,6,2,13$1.0
1653$1,9,12,10,7,16,3,11,4,15,5,16,14,6,2,13$1.0
1654$1,9,12,10,7,16,3,11,4,15,5,16,14,6,2,13$1.0
1655$1,9,12,10,7,16,3,11,4,15,5,16,14,6,2,13$1.0
1656$1,9,12,10,7,16,3,11,4,15,5,16,14,6,2,13$1.0
1657$1,9,12,10,7,16,3,11,4,8,5,16,14,6,2,13$1.0
1658$1,9,12,10,7,16,3,11,4,15,5,16,14,6,2,13$1.0
1659$1,9,12,10,7,16,3,11,4,15,5,16,14,6,2,13$1.0
1660$1,9,12,10,7,16,3,11,4,15,5,16,14,6,2,13$1.0
1661$1,9,12,10,7,16,3,11,4,15,5,16,14,6,2,13$1.0
1662$1,9,12,10,7,16,3,11,4,15,5,16,14,6,2,13$1.0
1663$1,9,12,10,7,16,3,11,4,15,5,16,14,6,2,13$1.0
1664$1,9,12,10,7,16,3,11,4,15,5,16,14,6,2,13$1.0
1665$1,9,12,10,7,16,3,11,4,15,5,16,14,6,2,13$1.0
1666$1,9,12,10,7,16,3,11,4,15,5,16,14,6,2,13$1.0
1667$1,9,12,10,7,16,3,11,4,15,5,16,14,6,2,13$1.0
1668$1,9,12,10,7,16,3,11,4,15,5,16,14,6,2,13$1.0
1669$1,9,12,10,7,16,3,11,4,15,5,16,14,6,2,13$1.0
1670$1,9,12,10,7,16,3,11,4,8,5,16,14,6,2,15$1.0
1671$1,9,12,10,7,16,3,11,4,15,5,16,14,6,2,13$1.0
1672$1,9,12,10,7,16,3,11,4,15,5,16,14,6,2,13$1.0
1673$1,9,12,10,7,16,3,11,4,15,5,16,14,6,2,13$1.0
1674$1,9,12,10,7,16,3,11,4,8,5,16,14,6,2,13$1.0
1675$1,9,12,10,7,2,15,11,4,8,5,16,14,6,2,13$1.0
1676$1,9,12,10,7,16,3,11,4,8,5,16,14,6,2,13$1.0
1677$1,9,12,10,7,16,3,11,4,15,5,16,14,6,2,13$1.0
1678$1,9,12,10,7,16,3,11,4,8,5,16,14,6,2,13$1.0
1679$1,9,12,10,7,2,15,11,4,8,5,16,14,6,2,13$1.0
1680$1,9,12,10,7,2,15,11,4,8,5,16,14,6,2,13$1.0
1681$1,9,12,10,7,16,3,11,4,8,5,16,14,6,2,13$1.0
1682$1,9,12,10,7,16,3,11,4,15,5,16,14,6,2,13$1.0
1683$1,9,12,10,7,16,3,11,4,8,5,16,14,6,2,13$1.0
1684$1,9,12,10,7,16,3,11,4,8,5,16,14,6,2,13$1.0
1685$1,9,12,10,7,16,3,11,4,8,5,11,14,6,2,13$1.0
1686$1,9,12,10,7,16,3,11,4,8,5,16,14,6,2,13$1.0
1687$1,9,12,10,7,16,3,11,4,8,5,16,14,6,2,13$1.0
1688$1,9,12,10,7,16,3,11,4,8,5,16,14,6,2,13$1.0
1689$1,9,12,10,7,16,3,11,4,8,5,16,14,6,2,13$1.0
1690$1,9,12,10,7,16,3,11,4,8,5,16,14,6,2,13$1.0
1691$1,9,12,10,7,16,3,11,4,8,5,16,14,6,2,13$1.0
1692$1,9,12,10,7,16,3,11,4,15,5,16,14,6,2,13$1.0
1693$1,9,12,10,7,16,3,11,4,15,5,11,14,6,2,13$1.0
1694$1,9,12,10,7,16,3,1,4,15,5,11,14,6,2,13$1.0
1695$1,9,12,10,7,16,3,1,4,15,5,11,14,6,2,13$1.0
1696$1,9,12,10,7,16,3,11,4,8,5,16,14,6,2,13$1.0
1697$1,9,12,10,7,16,3,11,4,8,5,16,14,6,2,13$1.0
1698$1,9,12,10,7,16,3,11,4,15,5,11,14,6,2,13$1.0
1699$1,9,12,10,7,16,3,11,4,8,5,16,14,6,2,13$1.0
1700$1,9,12,10,7,16,3,11,4,8,5,11,14,6,2,13$1.0
1701$1,9,12,10,7,16,3,11,4,15,5,16,14,6,2,13$1.0
1702$1,9,12,10,7,16,3,11,4,15,5,16,14,6,2,13$1.0
1703$1,9,12,10,7,16,3,11,4,15,5,16,14,6,2,13$1.0
1704$1,9,12,10,7,16,3,11,4,15,5,16,14,6,2,13$1.0
1705$1,9,12,10,7,16,3,11,4,8,5,11,14,6,2,13$1.0
1706$1,9,12,10,7,16,3,11,4,15,5,16,14,6,2,13$1.0
1707$1,9,12,10,7,16,3,11,4,15,5,16,14,6,2,13$1.0
1708$1,9,12,10,7,16,3,11,4,15,5,16,14,6,2,13$1.0
1709$1,9,12,10,7,16,3,11,4,15,5,16,14,6,2,13$1.0
1710$1,9,12,10,7,16,3,11,4,15,5,16,14,6,2,13$1.0
1711$1,9,12,10,7,16,3,11,4,8,5,11,14,6,2,13$1.0
1712$1,9,12,10,7,16,3,11,4,15,5,16,14,6,2,13$1.0
1713$1,9,12,10,7,16,3,11,4,15,5,16,14,6,2,13$1.0
1714$1,9,12,10,7,16,3,11,4,15,5,16,14,6,2,13$1.0
1715$1,9,12,10,7,16,3,11,4,15,5,16,14,6,2,13$1.0
1716$1,9,12,10,7,16,3,11,4,15,5,16,14,6,2,13$1.0
1717$1,9,12,10,7,16,3,11,4,15,5,16,14,6,2,13$1.0
1718$1,9,12,10,7,16,3,11,4,15,5,16,14,6,2,13$1.0
1719$1,9,12,10,7,16,3,11,4,15,5,16,14,6,2,13$1.0
1720$1,9,12,10,7,16,3,11,4,15,5,16,14,6,2,13$1.0
1721$1,9,12,10,7,16,3,11,4,15,5,16,14,6,2,13$1.0
1722$1,9,12,10,7,16,3,11,4,15,5,16,14,6,2,13$1.0
1723$1,9,12,10,7,16,3,11,4,15,5,16,14,6,2,13$1.0
1724$1,9,12,10,7,16,3,11,4,15,5,16,14,6,2,13$1.0
1725$1,9,12,10,7,16,3,11,4,15,5,16,14,6,2,13$1.0
1726$1,9,12,10,7,16,3,11,4,15,5,16,14,6,2,13$1.0
1727$1,9,12,10,7,16,3,11,4,15,5,16,14,6,2,13$1.0
1728$1,9,12,10,7,16,3,11,4,15,5,16,14,6,2,13$1.0
1729$1,9,12,10,7,16,3,11,4,15,5,16,14,6,2,13$1.0
1730$1,9,12,10,7,16,3,11,4,15,5,16,14,6,2,13$1.0
1731$1,9,12,10,7,16,3,11,4,15,5,16,14,6,2,13$1.0
1732$1,9,12,10,7,16,3,11,4,15,5,16,14,6,2,13$1.0
1733$1,9,12,10,7,16,3,11,4,15,5,16,14,6,2,13$1.0
1734$1,9,12,10,7,16,3,11,4,15,5,16,14,6,2,13$1.0
1735$1,9,12,10,7,16,3,11,4,15,5,16,14,6,2,13$1.0
1736$1,9,12,10,7,16,3,11,4,15,5,16,14,6,2,13$1.0
1737$1,9,12,10,7,16,3,11,4,8,5,16,14,6,2,13$1.0
1738$1,9,12,10,7,16,3,11,4,15,5,16,14,6,2,13$1.0
1739$1,9,12,10,7,16,3,11,4,15,5,16,14,6,2,13$1.0
1740$1,9,12,10,7,16,3,11,4,15,5,16,14,6,2,13$1.0
1741$1,9,12,10,7,16,3,11,4,15,5,16,14,6,2,13$1.0
1742$1,9,12,10,7,16,3,11,4,15,5,16,14,6,2,13$1.0
1743$1,9,12,10,7,16,3,11,4,15,5,16,14,6,2,13$1.0
1744$1,9,12,10,7,16,3,11,4,15,5,16,14,6,2,13$1.0
1745$1,9,12,10,7,16,3,11,4,15,5,16,14,6,2,13$1.0
1746$1,9,12,10,7,16,3,11,4,15,5,16,14,6,2,13$1.0
1747$1,9,12,10,7,16,3,11,4,15,5,11,14,6,2,13$1.0
1748$1,9,12,10,7,16,3,11,4,15,5,16,14,6,2,13$1.0
1749$1,9,12,10,7,16,3,11,4,15,5,16,14,6,2,13$1.0
1750$1,9,12,10,7,16,3,11,4,15,5,16,14,6,2,13$1.0
1751$1,9,12,10,7,16,3,11,4,15,5,16,14,6,2,13$1.0
1752$1,9,12,10,7,16,3,11,4,15,5,16,14,6,2,13$1.0
1753$1,9,12,10,7,16,3,11,4,15,5,16,14,6,2,13$1.0
1754$1,9,12,10,7,16,3,11,4,15,5,16,14,6,2,13$1.0
1755$1,9,12,10,7,16,3,11,4,15,5,16,14,6,2,13$1.0
1756$1,9,12,10,7,16,3,11,4,15,5,16,14,6,2,13$1.0
1757$1,9,12,10,7,16,3,11,4,15,5,16,14,6,2,13$1.0
1758$1,9,12,10,7,16,3,11,4,15,5,16,14,6,2,13$1.0
1759$1,9,12,10,7,16,3,11,4,15,5,16,14,6,2,13$1.0
1760$1,9,12,10,7,16,3,11,4,15,5,16,14,6,8,13$1.0
1761$1,9,12,10,7,16,3,11,4,15,5,16,14,6,2,13$1.0
1762$1,9,12,10,7,16,3,11,4,15,5,16,14,6,2,13$1.0
1763$1,9,12,10,7,16,3,11,4,15,5,16,14,6,2,13$1.0
1764$1,9,12,10,7,16,3,11,4,15,5,16,14,6,2,13$1.0
1765$1,9,12,10,7,16,3,11,4,15,5,16,14,6,2,13$1.0
1766$1,9,12,10,7,16,3,11,4,15,5,16,14,6,8,13$1.0
1767$1,9,12,10,7,16,3,11,4,15,5,16,14,6,8,2$1.0
1768$1,9,12,10,7,16,3,11,4,15,5,16,14,6,8,13$1.0
1769$1,9,12,10,7,16,3,11,4,15,5,16,14,6,2,13$1.0
1770$1,9,12,10,7,16,3,11,4,15,5,16,14,6,2,13$1.0
1771$1,9,12,10,7,16,3,11,4,15,5,16,14,6,2,13$1.0
1772$1,9,12,10,7,16,3,11,4,15,5,16,14,6,2,13$1.0
1773$1,9,12,10,7,16,3,11,4,15,5,16,14,6,2,13$1.0
1774$1,9,12,10,7,16,3,11,4,15,5,16,14,6,8,13$1.0
1775$1,9,12,10,7,16,3,11,4,15,5,16,14,6,8,13$1.0
1776$1,9,12,10,7,16,3,11,4,15,5,16,14,6,2,13$1.0
1777$1,9,12,10,7,16,3,11,4,15,5,16,14,6,2,13$1.0
1778$1,9,12,10,7,16,3,11,4,15,5,16,14,6,2,13$1.0
1779$1,9,12,10,7,16,3,11,4,15,5,16,14,6,2,13$1.0
1780$1,9,12,10,7,16,3,11,4,15,5,16,14,6,8,13$1.0
1781$1,9,12,10,7,16,3,11,4,15,5,16,14,6,8,13$1.0
1782$1,9,12,10,7,16,3,11,4,15,5,16,14,6,8,13$1.0
1783$1,9,12,2,7,16,3,11,4,15,5,16,14,6,8,13$1.0
1784$1,9,12,10,7,16,3,11,4,15,5,16,14,6,2,13$1.0
1785$1,9,12,2,7,16,3,11,4,15,5,16,14,6,8,13$1.0
1786$1,9,12,10,7,16,3,11,4,15,5,16,14,6,8,13$1.0
1787$1,9,12,10,7,16,3,11,4,15,5,16,14,6,8,13$1.0
1788$1,9,12,10,7,16,3,11,4,15,5,16,14,6,8,13$1.0
1789$1,9,12,2,7,16,3,11,4,15,5,16,14,6,8,13$1.0
1790$1,9,12,10,7,16,3,11,4,15,5,16,14,6,8,13$1.0
1791$1,9,12,2,7,16,3,11,4,15,5,16,14,6,8,13$1.0
1792$1,9,12,10,7,16,3,11,4,15,5,16,14,6,8,2$1.0
1793$1,9,12,10,7,16,3,11,4,15,5,16,14,6,8,13$1.0
1794$1,9,12,10,7,16,3,11,4,15,5,16,14,6,8,13$1.0
1795$1,9,12,2,7,16,3,11,4,15,10,16,14,6,8,13$1.0
1796$1,9,12,10,7,16,3,11,4,15,5,16,14,6,8,13$1.0
1797$1,9,12,2,7,16,3,11,4,15,10,16,14,6,8,13$1.0
1798$1,9,12,2,7,16,3,11,4,15,10,16,14,6,8,13$1.0
1799$1,9,12,10,7,16,3,11,4,15,5,16,14,6,8,13$1.0
1800$1,9,12,10,7,16,3,11,4,15,5,16,14,6,8,13$1.0
1801$1,9,12,10,7,16,3,11,4,15,5,16,14,6,8,13$1.0
1802$1,9,12,10,7,16,3,11,4,15,5,16,14,6,8,13$1.0
1803$1,9,12,10,7,16,3,11,4,15,5,16,14,6,8,13$1.0
1804$1,9,12,10,7,16,3,11,4,15,5,16,14,6,8,13$1.0
1805$1,9,12,10,7,16,3,11,4,15,5,16,14,6,8,13$1.0
1806$1,9,12,10,7,16,3,11,4,15,5,16,14,6,8,13$1.0
1807$1,9,12,10,7,16,3,11,4,15,5,16,14,6,8,13$1.0
1808$1,9,12,10,7,16,3,11,4,15,5,16,14,6,8,13$1.0
1809$1,9,12,10,7,16,3,11,4,15,5,16,14,6,8,13$1.0
1810$1,9,12,10,7,16,3,11,4,15,5,16,14,6,8,13$1.0
1811$1,9,12,10,7,16,3,11,4,15,5,16,14,6,8,13$1.0
1812$1,9,12,10,7,16,3,11,4,15,5,16,14,6,8,13$1.0
1813$1,9,12,10,7,16,3,11,4,15,5,16,14,6,8,13$1.0
1814$1,9,12,10,7,16,3,11,4,15,5,16,14,6,8,13$1.0
1815$1,9,12,10,7,16,3,11,4,15,5,16,14,6,8,13$1.0
1816$1,9,12,10,7,16,3,11,4,15,5,16,14,6,8,13$1.0
1817$1,9,12,10,7,16,3,11,4,15,5,16,14,6,8,13$1.0
1818$1,9,12,10,7,16,3,11,4,15,5,16,14,6,8,13$1.0
1819$1,9,12,10,7,16,3,11,4,15,5,16,14,6,8,13$1.0
1820$1,9,12,10,7,16,3,11,4,15,5,16,14,6,8,13$1.0
1821$1,9,12,10,7,16,3,11,4,15,5,16,14,6,8,13$1.0
1822$1,9,12,10,7,16,3,11,4,15,5,16,14,6,8,13$1.0
1823$1,9,12,10,7,16,3,11,4,15,5,16,14,6,8,13$1.0
1824$1,9,12,10,7,16,3,11,4,15,5,16,14,6,8,13$1.0
1825$1,9,12,10,7,16,3,11,4,15,5,16,14,6,8,13$1.0
1826$1,9,12,10,7,16,3,11,4,15,5,16,14,6,8,13$1.0
1827$1,9,12,10,7,16,3,11,4,15,5,16,14,6,8,13$1.0
1828$1,9,12,10,7,16,3,11,4,15,5,16,14,6,8,13$1.0
1829$1,9,12,10,7,16,3,11,4,15,5,16,14,6,8,13$1.0
1830$1,9,12,10,7,16,3,11,4,15,5,16,14,6,8,13$1.0
1831$1,9,12,10,7,16,3,11,4,15,5,16,14,6,8,13$1.0
1832$1,9,12,10,7,16,3,11,4,15,5,16,14,6,8,13$1.0
1833$1,9,12,10,7,16,3,11,4,15,5,16,14,6,8,13$1.0
1834$1,9,12,10,7,16,3,11,4,15,5,16,14,6,8,13$1.0
1835$1,9,12,10,7,16,3,11,4,15,5,16,14,6,8,13$1.0
1836$1,9,12,10,7,16,3,11,4,15,5,16,14,6,8,13$1.0
1837$1,9,12,10,7,16,3,11,4,15,5,16,14,6,8,13$1.0
1838$1,9,12,10,7,16,3,11,4,15,5,16,14,6,8,13$1.0
1839$1,9,12,10,7,16,3,11,4,15,5,16,14,6,2,13$1.0
1840$1,9,12,10,7,16,3,11,4,15,5,16,14,6,2,13$1.0
1841$1,9,12,10,7,16,3,11,4,15,5,16,14,6,8,13$1.0
1842$1,9,12,2,7,16,3,11,4,15,5,16,14,6,8,13$1.0
1843$1,9,12,10,7,16,3,11,4,15,5,16,14,6,2,13$1.0
1844$1,9,12,10,7,16,3,11,4,15,5,16,14,6,2,13$1.0
1845$1,9,12,10,7,16,3,11,4,15,5,16,14,6,2,13$1.0
1846$1,9,12,2,7,16,3,11,4,15,5,16,14,6,8,13$1.0
1847$1,9,12,10,7,16,3,11,4,15,5,16,14,6,2,13$1.0
1848$1,9,12,10,7,16,3,11,4,15,5,16,14,6,8,13$1.0
1849$1,9,12,10,7,16,3,11,4,15,5,16,14,6,8,13$1.0
1850$1,9,12,10,7,16,3,11,4,15,5,16,14,6,8,13$1.0
1851$1,9,12,2,7,16,3,11,4,15,5,16,14,6,8,13$1.0
1852$1,9,12,10,7,16,3,11,4,15,5,16,14,6,8,13$1.0
1853$1,9,12,10,7,16,3,11,4,15,5,16,14,6,8,13$1.0
1854$1,9,12,2,7,16,3,11,4,15,5,16,14,6,8,13$1.0
1855$1,9,12,10,7,16,3,11,4,15,5,16,14,6,2,13$1.0
1856$1,9,12,10,7,16,3,11,4,15,5,16,14,6,2,13$1.0
1857$1,9,12,10,7,16,3,11,4,15,5,16,14,6,8,13$1.0
1858$1,9,12,10,7,16,3,11,4,15,5,16,14,6,8,13$1.0
1859$1,9,12,10,7,16,3,11,4,15,5,16,14,6,8,13$1.0
1860$1,9,12,10,7,16,3,11,4,15,5,16,14,6,8,13$1.0
1861$1,9,12,10,7,16,3,11,4,15,5,16,14,6,8,13$1.0
1862$1,9,12,2,7,16,3,11,4,15,5,16,14,6,8,13$1.0
1863$1,9,12,10,7,16,3,11,4,15,5,16,14,6,8,13$1.0
1864$1,9,12,10,7,16,3,11,4,15,5,16,14,6,8,13$1.0
1865$1,9,12,10,7,16,3,11,4,15,5,16,14,6,8,13$1.0
1866$1,9,12,10,7,16,3,11,4,15,5,16,14,6,8,13$1.0
1867$1,9,12,10,7,16,3,11,4,15,5,16,14,6,8,13$1.0
1868$1,9,12,10,7,16,3,11,4,15,5,16,14,6,8,13$1.0
1869$1,9,12,10,7,16,3,11,4,15,5,16,14,6,8,13$1.0
1870$1,9,12,10,7,16,3,11,4,15,5,16,14,6,8,13$1.0
1871$1,9,12,10,7,16,3,11,4,15,5,16,14,6,8,13$1.0
1872$1,9,12,10,7,16,3,11,4,15,5,16,14,6,8,13$1.0
1873$1,9,12,10,7,16,3,11,4,15,5,16,14,6,8,13$1.0
1874$1,9,2,10,7,16,3,11,4,15,5,16,14,6,8,13$1.0
1875$1,9,12,10,7,16,3,11,4,15,5,16,14,6,8,13$1.0
1876$1,9,12,10,7,16,3,11,4,15,5,16,14,6,8,13$1.0
1877$1,9,2,10,7,16,3,11,4,15,5,16,14,6,8,13$1.0
1878$1,9,12,10,7,16,3,11,4,15,5,16,14,6,2,13$1.0
1879$1,9,12,10,7,16,3,11,4,15,5,16,14,6,8,13$1.0
1880$1,9,12,10,7,16,3,11,4,15,5,16,14,6,8,13$1.0
1881$1,9,12,10,7,16,3,11,4,15,5,16,14,6,2,13$1.0
1882$1,9,12,10,7,16,3,11,4,15,5,16,14,6,8,13$1.0
1883$1,9,12,10,7,16,3,11,4,15,5,16,14,6,8,13$1.0
1884$1,9,12,10,7,16,3,11,4,15,5,16,14,6,2,13$1.0
1885$1,9,12,10,7,16,3,11,4,15,5,16,14,6,8,13$1.0
1886$1,9,12,10,7,16,3,11,4,15,5,16,14,6,8,13$1.0
1887$1,9,12,10,7,16,3,11,4,15,5,16,14,6,8,13$1.0
1888$1,9,12,10,7,16,3,11,4,15,5,16,14,6,8,13$1.0
1889$1,9,12,10,7,16,3,11,4,15,5,16,14,6,2,13$1.0
1890$1,9,12,10,7,16,3,11,4,15,5,16,14,6,8,13$1.0
1891$1,9,12,10,7,16,3,11,4,15,5,16,14,6,8,13$1.0
1892$1,9,2,10,7,16,3,11,4,15,5,16,14,6,8,13$1.0
1893$1,9,12,10,7,16,3,11,4,15,5,16,14,6,2,13$1.0
1894$1,9,12,10,7,16,3,11,4,15,5,16,14,6,2,13$1.0
1895$1,9,12,10,7,16,3,11,4,15,5,16,14,6,2,13$1.0
1896$1,9,2,10,7,16,3,11,4,15,5,16,14,6,8,13$1.0
1897$1,9,12,10,7,16,3,11,4,15,5,16,14,6,8,13$1.0
1898$1,9,2,10,7,16,3,11,4,15,5,16,14,6,8,13$1.0
1899$1,9,2,10,7,16,3,11,4,15,5,16,14,6,8,13$1.0
1900$1,9,12,10,7,16,3,11,4,15,5,16,14,6,8,13$1.0
1901$1,9,12,10,7,16,3,11,4,15,5,16,14,6,8,13$1.0
1902$1,9,12,10,7,16,3,11,4,15,5,16,14,6,8,13$1.0
1903$1,9,12,10,7,16,3,11,4,15,5,16,14,6,8,13$1.0
1904$1,9,12,10,7,16,3,11,4,15,5,16,14,6,8,13$1.0
1905$1,9,12,10,7,16,3,11,4,15,5,16,14,6,8,13$1.0
1906$1,9,12,10,7,16,3,11,4,15,5,16,14,6,2,13$1.0
1907$1,9,12,10,7,16,3,11,4,15,5,16,14,6,8,13$1.0
1908$1,9,12,10,7,16,3,11,4,15,5,16,14,6,8,13$1.0
1909$1,9,12,10,7,16,3,11,4,15,5,16,14,6,8,13$1.0
1910$1,9,12,10,7,16,3,11,4,15,5,16,14,6,8,13$1.0
1911$1,9,12,10,7,16,3,11,4,15,5,16,14,6,8,13$1.0
1912$1,9,12,10,7,16,3,11,4,15,5,16,14,6,8,13$1.0
1913$1,9,12,10,7,16,3,11,4,15,5,16,14,6,8,13$1.0
1914$1,9,12,10,7,16,3,11,4,15,5,16,14,6,8,13$1.0
1915$1,9,12,10,7,16,3,11,4,15,5,16,14,6,8,13$1.0
1916$1,9,12,10,7,16,3,11,4,15,5,16,14,6,8,13$1.0
1917$1,9,12,10,7,16,3,11,4,15,5,16,14,6,8,13$1.0
1918$1,9,12,10,7,16,3,11,4,15,5,16,14,6,8,13$1.0
1919$1,9,12,10,7,16,3,11,4,15,5,16,14,6,8,13$1.0
1920$1,9,12,10,7,16,3,11,4,15,5,16,14,6,8,13$1.0
1921$1,9,12,10,7,16,3,11,4,15,5,16,14,6,8,13$1.0
1922$1,9,12,10,7,16,3,11,4,15,5,16,14,6,8,13$1.0
1923$1,9,12,10,7,16,3,11,4,15,5,16,14,6,2,13$1.0
1924$1,9,12,10,7,16,3,11,4,15,5,16,14,6,8,13$1.0
1925$1,9,12,10,7,16,3,11,4,15,5,16,14,6,8,13$1.0
1926$1,9,12,10,7,16,3,11,4,15,5,16,14,6,8,13$1.0
1927$1,9,12,10,7,16,3,11,4,15,5,16,14,6,8,13$1.0
1928$1,9,12,10,7,16,3,11,4,15,5,16,14,6,8,13$1.0
1929$1,9,12,10,7,16,3,11,4,15,5,16,14,6,8,13$1.0
1930$1,9,12,10,7,16,3,11,4,15,5,16,14,6,8,13$1.0
1931$1,9,12,10,7,16,3,11,4,15,5,16,14,6,8,13$1.0
1932$1,9,12,10,7,16,3,11,4,15,5,16,14,6,8,13$1.0
1933$1,9,12,10,7,16,3,11,4,15,5,16,14,6,8,13$1.0
1934$1,9,12,10,7,16,3,11,4,15,5,16,14,6,8,13$1.0
1935$1,9,2,10,7,16,3,11,4,15,5,16,14,6,8,13$1.0
1936$1,9,12,10,7,16,3,11,4,15,5,16,14,6,8,13$1.0
1937$1,9,12,10,7,16,3,11,4,15,5,16,14,6,8,13$1.0
1938$1,9,12,10,7,16,3,11,4,15,5,16,14,6,8,13$1.0
1939$1,9,12,10,7,16,3,11,4,15,5,16,14,6,8,13$1.0
1940$1,9,12,10,7,16,3,11,4,15,5,16,14,6,8,13$1.0
1941$1,9,12,10,7,16,3,11,4,15,5,16,14,6,8,13$1.0
1942$1,9,12,10,7,16,3,11,4,15,5,16,14,6,8,13$1.0
1943$1,9,12,10,7,16,3,11,4,15,5,16,14,6,8,13$1.0
1944$1,9,12,10,7,16,3,11,4,15,5,16,14,6,8,13$1.0
1945$1,9,12,10,7,16,3,11,4,15,5,16,14,6,8,13$1.0
1946$1,9,12,10,7,16,3,11,4,15,5,16,14,6,8,13$1.0
1947$1,9,12,10,7,16,3,11,4,15,5,16,14,6,8,13$1.0
1948$1,9,12,10,7,16,3,11,4,15,5,16,14,6,8,13$1.0
1949$1,9,12,10,7,16,3,11,4,15,5,16,14,6,8,13$1.0
1950$1,9,12,10,7,16,3,11,4,15,5,16,14,6,8,2$1.0
1951$1,9,12,10,7,16,3,11,4,15,5,16,14,6,8,13$1.0
1952$1,9,12,10,7,16,3,11,4,15,5,16,14,6,8,13$1.0
1953$1,9,12,10,7,16,3,11,4,15,5,16,14,6,8,13$1.0
1954$1,9,12,10,7,16,3,11,4,15,5,16,14,6,8,13$1.0
1955$1,9,12,10,7,16,3,11,4,15,5,16,14,6,8,13$1.0
1956$1,9,12,10,7,16,3,11,4,15,5,16,14,6,8,13$1.0
1957$1,9,12,10,7,16,3,11,4,15,5,16,14,6,8,13$1.0
1958$1,9,12,10,7,16,3,11,4,15,5,16,14,6,8,13$1.0
1959$1,9,12,10,7,16,3,11,4,15,5,16,14,6,8,13$1.0
1960$1,9,12,10,7,16,3,11,4,15,5,16,14,6,8,13$1.0
1961$1,9,12,10,7,16,3,11,4,15,5,16,14,6,8,13$1.0
1962$1,9,12,2,7,16,3,11,4,15,5,16,14,6,8,13$1.0
1963$1,9,12,10,7,16,3,11,4,15,5,16,14,6,8,13$1.0
1964$1,9,12,10,7,16,3,11,4,15,5,16,14,6,8,13$1.0
1965$1,9,12,10,7,16,3,11,4,15,5,16,14,6,8,2$1.0
1966$1,9,12,10,7,16,3,11,4,15,5,16,14,6,8,13$1.0
1967$1,9,12,10,7,16,3,11,4,15,5,16,14,6,8,13$1.0
1968$1,9,12,10,7,16,3,11,4,15,5,16,14,6,8,2$1.0
1969$1,9,12,10,7,16,3,11,4,15,5,16,14,6,8,13$1.0
1970$1,9,12,10,7,16,3,11,4,15,5,16,14,6,8,13$1.0
1971$1,9,12,10,7,16,3,11,4,15,5,16,14,6,8,2$1.0
1972$1,9,12,10,7,16,3,11,4,15,5,16,14,6,8,13$1.0
1973$1,9,12,10,7,16,3,11,4,15,5,16,14,6,8,13$1.0
1974$1,9,12,10,7,16,3,11,4,15,5,16,14,6,8,13$1.0
1975$1,9,12,10,7,16,3,11,4,15,5,16,14,6,8,13$1.0
1976$1,9,12,10,7,16,3,11,4,15,5,16,14,6,8,2$1.0
1977$1,9,12,10,7,16,3,11,4,15,5,16,14,6,8,13$1.0
1978$1,9,12,10,7,16,3,11,4,15,5,16,14,6,8,2$1.0
1979$1,9,12,10,7,16,3,11,4,15,5,16,14,6,8,13$1.0
1980$1,9,12,10,7,16,3,11,4,15,5,16,14,6,8,2$1.0
1981$1,6,12,10,7,16,3,11,4,15,5,9,14,6,8,2$1.0
1982$1,9,12,10,7,16,3,11,4,15,5,9,14,6,8,2$1.0
1983$1,9,12,10,7,16,3,11,4,15,5,9,14,6,8,2$1.0
1984$1,9,12,10,7,16,3,11,4,15,5,9,14,6,8,2$1.0
1985$1,15,12,10,7,16,3,11,4,15,5,9,14,6,8,2$1.0
1986$1,9,12,10,7,16,3,11,4,15,5,16,14,6,8,2$1.0
1987$1,6,12,10,7,16,3,11,4,15,5,9,14,6,8,2$1.0
1988$1,6,12,10,7,16,3,11,4,15,5,9,14,6,8,2$1.0
1989$1,15,12,10,7,16,3,11,4,15,5,9,14,6,8,2$1.0
1990$1,9,12,10,7,16,3,11,4,15,5,9,14,6,8,2$1.0
1991$1,9,12,10,7,16,3,11,4,15,5,9,14,6,8,2$1.0
1992$1,9,12,10,7,16,3,11,4,15,5,9,14,6,8,2$1.0
1993$1,9,12,10,7,16,3,11,4,15,5,9,14,6,13,2$1.0
1994$1,9,12,10,7,16,3,11,4,15,5,9,14,6,8,2$1.0
1995$1,9,12,10,7,16,3,11,4,15,5,9,14,6,13,2$1.0
1996$1,9,12,10,7,16,3,11,4,15,5,9,14,6,13,2$1.0
1997$1,9,12,10,7,16,3,11,4,15,5,9,14,6,8,2$1.0
1998$8,1,12,10,7,16,3,11,4,15,5,9,14,6,13,2$0.0
1998$8,1,12,10,7,16,3,11,4,15,5,9,14,6,13,2$0.0
