16
0$4,4,10,16,16,5,4,16,14,6,3,3,15,12,8,1$13.0
0$1,13,6,10,10,15,4,13,13,7,6,11,11,13,14,15$32.0
0$1,7,14,5,10,14,3,2,11,8,3,12,9,12,5,7$23.0
0$16,9,13,14,3,4,3,14,2,11,13,13,16,5,9,7$21.0
0$4,4,10,16,16,5,4,16,14,6,3,3,15,12,8,1$13.0
1$2,5,13,9,13,8,3,12,3,7,6,11,5,14,10,4$11.0
1$2,5,13,9,13,8,3,12,3,7,6,11,5,14,10,4$11.0
2$1,8,13,16,16,5,4,16,4,6,3,3,15,12,8,1$11.0
3$1,15,13,16,12,15,5,14,11,4,14,6,14,10,8,3$10.0
3$1,15,13,16,12,15,5,14,11,4,14,6,14,10,8,3$10.0
4$8,5,14,16,16,14,1,2,4,6,3,3,15,12,8,13$10.0
5$12,7,2,14,5,15,9,16,10,5,15,3,1,6,2,5$9.0
5$12,7,2,14,5,15,9,16,10,5,15,3,1,6,2,5$9.0
6$11,6,3,5,2,9,1,16,4,6,3,11,15,12,8,1$8.0
6$11,6,3,5,2,9,1,16,4,6,3,11,15,12,8,1$8.0
7$10,8,1,5,16,9,1,16,4,6,3,3,15,12,2,13$7.0
7$10,8,1,5,16,9,1,16,4,6,3,3,15,12,2,13$7.0
8$13,8,14,5,2,9,1,16,4,6,3,3,15,12,8,11$8.0
9$2,9,14,2,5,9,16,16,4,6,3,13,15,8,6,15$7.0
10$2,9,14,2,5,12,1,16,4,6,3,3,12,12,8,13$7.0
11$2,9,14,8,10,14,6,11,4,6,3,12,15,12,8,1$8.0
12$4,9,14,5,2,12,1,16,4,6,3,3,15,12,8,1$6.0
12$4,9,14,5,2,12,1,16,4,6,3,3,15,12,8,1$6.0
13$4,6,3,5,2,11,14,16,4,6,3,3,15,12,8,1$7.0
14$11,9,2,5,2,11,7,16,4,6,3,3,15,12,8,5$6.0
15$5,8,2,5,2,11,14,16,4,6,3,3,15,12,8,1$6.0
16$13,5,2,5,15,11,1,16,4,6,8,3,15,12,8,1$6.0
17$13,5,2,5,15,11,1,16,4,6,8,3,15,12,8,13$6.0
18$5,8,2,5,2,11,14,16,4,6,3,3,15,12,8,1$6.0
19$10,6,3,14,2,5,13,16,4,6,1,3,15,12,8,1$5.0
19$10,6,3,14,2,5,13,16,4,6,1,3,15,12,8,1$5.0
20$4,6,3,14,2,5,13,16,4,6,1,3,15,12,8,1$4.0
20$4,6,3,14,2,5,13,16,4,6,1,3,15,12,8,1$4.0
21$10,5,2,5,15,11,1,16,4,6,3,3,15,12,8,6$4.0
22$4,6,3,14,2,5,13,16,4,6,1,3,15,12,8,1$4.0
23$4,6,3,14,2,5,13,16,4,6,1,3,15,12,8,1$4.0
24$11,9,2,5,2,14,1,13,4,6,3,3,15,12,8,1$3.0
24$11,9,2,5,2,14,1,13,4,6,3,3,15,12,8,1$3.0
25$11,9,2,5,2,14,1,13,4,6,3,3,15,12,8,1$3.0
26$11,9,2,5,2,14,1,13,4,6,3,3,15,12,8,1$3.0
27$13,16,3,5,2,11,14,16,4,6,1,3,15,12,8,15$3.0
28$4,6,3,5,2,5,13,16,4,6,1,3,15,12,8,2$5.0
29$13,16,3,5,2,11,14,16,4,6,1,3,9,12,8,15$4.0
30$10,9,7,5,2,14,13,11,4,6,1,3,15,12,8,1$5.0
31$4,8,3,5,2,11,14,16,4,6,1,3,9,12,10,15$6.0
32$10,9,7,5,2,14,13,11,4,6,1,3,15,12,8,1$5.0
33$10,6,3,5,2,11,14,16,4,6,1,3,15,12,8,13$4.0
34$10,6,3,5,2,13,13,16,4,6,1,3,15,12,8,1$4.0
35$10,6,3,5,2,13,13,16,4,6,1,3,15,12,8,1$4.0
36$10,6,16,5,2,11,14,16,4,6,3,3,15,12,8,15$4.0
37$10,6,16,5,2,11,14,16,4,6,3,3,15,12,8,15$4.0
38$10,1,7,5,2,13,13,16,4,6,11,3,15,12,8,1$2.0
38$10,1,7,5,2,13,13,16,4,6,11,3,15,12,8,1$2.0
39$1,16,7,5,2,13,13,16,4,6,1,3,15,12,8,15$4.0
40$10,6,16,5,2,11,14,16,4,6,3,3,15,12,8,15$4.0
41$10,6,16,5,2,11,14,16,4,6,3,3,15,12,8,15$4.0
42$10,6,3,5,2,11,14,16,4,6,1,3,15,12,8,15$3.0
43$10,6,16,5,2,11,14,16,4,6,1,3,15,12,8,15$3.0
44$10,6,16,5,2,11,14,16,4,6,1,3,15,12,8,15$3.0
45$10,6,9,5,2,11,14,16,4,6,3,3,15,12,8,15$3.0
46$10,6,16,5,2,11,13,16,4,6,14,3,15,12,8,15$3.0
47$10,2,7,5,2,11,14,16,4,6,1,3,15,12,8,15$2.0
48$10,2,7,5,2,11,14,16,4,6,1,3,15,12,8,15$2.0
49$10,6,16,5,2,11,14,16,4,6,1,3,15,12,8,15$3.0
50$10,2,7,5,2,11,13,16,4,6,1,3,15,12,8,5$2.0
51$10,2,7,5,2,11,14,16,4,6,1,3,15,12,8,15$2.0
52$10,2,7,5,2,11,14,16,4,6,1,3,15,12,8,15$2.0
53$10,2,7,5,2,11,14,16,4,6,1,3,5,12,8,15$2.0
54$10,12,7,5,2,11,14,16,4,6,1,3,15,12,8,15$2.0
55$10,2,7,5,2,11,14,16,4,6,1,3,15,12,8,15$2.0
56$10,2,7,5,2,11,14,16,4,6,1,3,15,12,8,15$2.0
57$10,2,7,5,2,11,14,16,4,6,1,3,15,12,8,15$2.0
58$10,12,7,5,2,11,14,16,4,6,1,3,15,12,8,15$2.0
59$10,2,7,5,2,11,14,16,4,6,1,3,15,12,8,15$2.0
60$10,2,7,5,2,11,14,16,4,6,1,3,15,12,8,15$2.0
61$10,2,7,5,2,11,14,16,4,6,1,3,15,12,8,15$2.0
62$10,2,7,5,2,11,14,16,4,6,1,3,15,12,8,15$2.0
63$10,2,7,5,2,11,14,16,4,6,1,3,15,12,8,15$2.0
64$10,2,7,5,2,11,14,16,4,6,1,3,15,12,8,15$2.0
65$10,2,7,5,2,11,14,16,4,6,1,3,15,12,8,15$2.0
66$10,2,7,5,2,11,14,16,4,6,1,3,15,12,8,15$2.0
67$10,2,7,5,2,11,14,16,4,6,1,3,15,12,8,15$2.0
68$10,2,7,5,2,11,14,16,4,6,1,3,15,12,8,15$2.0
69$10,2,7,5,2,11,14,16,4,6,1,3,15,12,8,15$2.0
70$10,2,7,5,2,11,14,16,4,6,1,3,15,12,8,15$2.0
71$10,2,7,5,2,11,14,16,4,6,1,3,1,12,8,15$2.0
72$10,2,7,5,2,11,14,16,4,6,1,3,15,12,8,15$2.0
73$10,2,7,5,2,11,14,16,4,6,1,3,15,12,8,15$2.0
74$10,2,7,5,2,11,14,16,4,6,1,3,15,12,8,15$2.0
75$10,2,7,5,2,11,14,16,4,6,1,3,15,12,8,4$2.0
76$10,2,7,5,2,11,14,16,4,6,1,3,15,12,8,15$2.0
77$10,2,7,5,2,11,14,16,4,6,1,3,15,12,8,15$2.0
78$10,2,7,5,2,11,14,16,4,6,1,3,15,12,8,15$2.0
79$10,2,7,5,2,11,14,16,4,6,1,3,15,12,8,15$2.0
80$10,2,7,5,2,11,14,16,4,6,1,3,15,12,8,15$2.0
81$10,16,7,5,2,11,13,16,4,6,1,3,15,12,8,15$2.0
82$10,2,7,5,2,11,14,16,4,6,1,3,15,12,8,15$2.0
83$10,2,7,5,2,11,14,16,4,6,1,3,1,12,8,15$2.0
84$10,2,7,5,2,11,14,16,4,6,1,3,15,12,8,15$2.0
85$10,2,7,5,2,11,14,16,4,6,1,3,15,12,8,15$2.0
86$10,2,7,5,2,11,14,16,4,6,1,3,15,12,8,15$2.0
87$10,2,7,5,2,11,14,16,4,6,1,3,5,12,8,15$2.0
88$10,2,7,5,2,11,14,16,4,6,1,3,15,12,8,15$2.0
89$10,2,7,5,2,11,14,16,4,6,1,3,15,12,8,15$2.0
90$10,4,7,5,2,11,14,16,4,6,1,3,16,12,8,15$2.0
91$10,2,7,5,2,11,14,16,4,6,1,3,15,12,8,15$2.0
92$10,2,7,5,2,11,14,16,4,6,1,3,15,12,8,15$2.0
93$10,2,7,5,2,11,14,16,4,6,1,3,15,12,8,15$2.0
94$10,2,7,5,2,11,14,16,4,6,1,3,15,12,8,15$2.0
95$10,2,7,5,2,11,14,16,4,6,1,3,15,12,8,15$2.0
96$10,2,7,14,2,11,13,16,4,6,1,3,1,12,8,15$2.0
97$10,2,7,5,2,11,14,16,4,6,1,3,15,12,8,15$2.0
98$10,2,7,5,2,11,14,16,4,6,1,3,15,12,8,15$2.0
99$10,2,7,5,2,11,14,16,4,6,1,3,16,12,8,15$2.0
100$10,2,7,5,2,11,14,16,4,6,1,3,1,12,8,15$2.0
101$10,2,7,5,2,11,14,16,4,6,1,3,1,12,8,15$2.0
102$10,2,7,5,2,11,14,16,4,6,1,3,1,12,8,15$2.0
103$10,2,7,5,2,11,14,16,4,6,1,3,15,12,8,15$2.0
104$10,2,7,5,2,11,14,16,4,6,1,3,1,12,8,15$2.0
105$10,2,7,5,2,11,14,16,4,6,1,3,16,12,8,15$2.0
106$10,2,7,5,2,11,14,16,4,6,1,3,15,12,8,15$2.0
107$10,2,7,5,2,11,14,16,4,6,1,3,1,12,8,15$2.0
108$10,2,7,5,2,11,14,16,4,6,1,3,15,12,8,15$2.0
109$10,2,7,5,2,11,14,16,4,6,1,3,15,12,8,15$2.0
110$10,2,7,5,2,11,14,16,4,6,1,3,16,12,8,15$2.0
111$10,2,7,5,2,11,14,16,4,6,1,3,15,12,8,15$2.0
112$10,2,7,5,2,11,14,16,4,6,1,3,1,12,8,15$2.0
113$10,2,7,5,2,11,13,16,4,6,1,3,15,12,8,15$2.0
114$10,2,7,5,2,11,14,16,4,6,1,3,15,12,8,3$2.0
115$10,2,7,5,2,11,13,16,4,6,1,3,15,12,8,15$2.0
116$10,2,7,5,2,13,1,16,4,6,14,3,15,12,8,5$2.0
117$10,2,7,5,2,11,13,16,4,6,1,3,15,12,8,15$2.0
118$10,2,7,14,2,11,13,16,4,6,1,3,1,12,8,15$2.0
119$10,2,7,5,2,11,14,16,4,6,1,3,1,12,8,15$2.0
120$10,2,7,5,2,11,13,16,4,6,1,3,15,12,8,15$2.0
121$10,2,7,5,2,11,13,16,4,6,14,3,15,12,8,5$2.0
122$10,2,7,5,2,11,13,16,4,6,1,3,15,12,8,15$2.0
123$10,2,7,14,2,11,13,16,4,6,1,3,15,12,8,15$2.0
124$10,2,7,14,2,11,13,16,4,6,1,3,15,12,8,15$2.0
125$10,2,7,14,2,11,13,16,4,6,1,3,15,12,8,5$1.0
125$10,2,7,14,2,11,13,16,4,6,1,3,15,12,8,5$1.0
126$10,2,7,14,2,11,13,16,4,6,1,3,15,12,8,5$1.0
127$10,2,7,14,2,11,13,16,4,6,1,3,15,12,8,5$1.0
128$10,2,7,14,2,11,13,16,4,6,1,3,15,12,8,5$1.0
129$10,2,7,14,2,11,13,16,4,6,1,3,15,12,8,5$1.0
130$10,2,7,14,2,11,13,16,4,6,1,3,15,12,8,5$1.0
131$10,2,7,14,2,11,13,16,4,6,1,3,15,12,8,5$1.0
132$10,2,7,14,2,11,13,16,4,6,1,3,15,12,8,5$1.0
133$10,2,7,14,2,11,13,16,4,6,1,3,15,12,8,5$1.0
134$10,2,7,14,2,11,13,16,4,6,1,3,15,12,8,5$1.0
135$10,2,7,14,2,11,13,16,4,6,1,3,15,12,8,5$1.0
136$10,2,7,14,2,11,13,16,4,6,1,3,15,12,8,5$1.0
137$10,2,7,14,2,11,13,16,4,6,1,3,15,12,8,5$1.0
138$10,2,7,14,2,11,13,16,4,6,1,3,15,12,8,5$1.0
139$10,2,7,14,2,11,13,16,4,6,1,3,15,12,8,5$1.0
140$10,2,7,14,4,11,13,16,4,6,1,3,15,12,8,5$1.0
141$10,2,7,14,2,11,13,16,4,6,1,3,15,12,8,5$1.0
142$10,3,7,14,2,11,13,16,4,6,1,3,15,12,8,5$1.0
143$10,2,7,14,2,11,13,16,4,6,1,3,15,12,8,5$1.0
144$10,1,7,14,2,11,13,16,4,6,1,3,15,12,8,5$1.0
145$10,2,7,14,2,11,13,16,4,6,1,3,15,12,8,5$1.0
146$10,2,7,14,4,11,13,16,4,6,1,3,15,12,8,5$1.0
147$10,2,7,14,2,11,13,16,4,6,1,3,15,12,8,5$1.0
148$10,2,7,14,2,11,13,16,4,6,1,3,15,12,8,5$1.0
149$10,2,7,14,2,11,13,16,4,6,1,3,15,12,8,5$1.0
150$10,2,7,14,2,11,13,16,4,6,1,3,15,12,8,5$1.0
151$10,2,7,14,2,11,13,16,4,6,1,3,15,12,8,5$1.0
152$10,2,7,14,2,11,13,16,4,6,1,3,15,12,8,5$1.0
153$10,2,7,14,2,11,13,16,4,6,1,3,15,12,8,5$1.0
154$10,2,7,14,2,11,13,16,4,9,1,3,15,12,8,5$1.0
155$10,2,7,14,2,11,13,16,4,6,1,3,15,12,8,5$1.0
156$10,2,7,14,2,11,13,16,4,6,1,3,15,12,8,5$1.0
157$10,2,7,14,2,11,13,16,4,6,1,3,15,12,8,5$1.0
158$10,2,7,14,2,11,13,16,4,6,1,3,15,12,8,5$1.0
159$10,1,7,14,2,11,13,16,4,6,1,3,15,12,8,5$1.0
160$10,1,7,14,2,11,13,16,4,6,1,3,15,12,8,5$1.0
161$10,2,7,14,2,11,13,16,4,6,1,3,15,12,8,5$1.0
162$10,2,7,14,2,11,13,16,4,6,1,3,15,12,8,5$1.0
163$10,2,7,14,2,11,13,16,4,6,1,3,15,12,8,5$1.0
164$10,2,7,14,2,11,13,16,4,6,1,3,15,12,8,5$1.0
165$10,2,7,14,2,11,13,16,4,6,1,3,15,12,8,5$1.0
166$10,2,7,14,2,11,13,16,4,6,1,3,15,12,8,5$1.0
167$10,2,7,14,2,11,13,16,4,6,1,3,15,12,8,5$1.0
168$10,2,7,14,2,11,13,16,4,6,1,3,15,12,8,5$1.0
169$10,1,7,14,2,11,13,16,4,6,1,3,15,12,8,5$1.0
170$10,2,7,14,2,11,13,16,4,6,1,3,15,12,8,5$1.0
171$10,3,7,14,2,11,13,16,4,6,1,3,15,12,8,5$1.0
172$10,1,7,14,2,11,13,16,4,6,1,3,15,12,8,5$1.0
173$10,1,7,14,2,11,13,16,4,6,1,3,15,12,8,5$1.0
174$10,1,7,14,2,11,13,16,4,6,1,3,15,12,8,5$1.0
175$10,2,7,14,2,11,13,16,4,6,1,3,15,12,8,5$1.0
176$10,2,7,14,2,11,13,16,4,6,1,3,15,12,8,5$1.0
177$10,3,7,14,2,11,13,16,4,9,1,3,15,12,8,5$1.0
178$10,1,7,14,2,11,13,16,4,6,1,3,15,12,8,5$1.0
179$10,2,7,14,2,11,13,16,4,6,1,3,15,12,8,5$1.0
180$10,3,7,14,2,11,13,16,4,9,1,3,15,12,8,5$1.0
181$10,1,7,14,2,11,13,16,4,6,1,3,15,12,8,5$1.0
182$10,3,7,14,2,11,13,16,4,6,1,3,15,12,8,5$1.0
183$10,3,7,14,2,11,13,16,4,6,1,3,15,12,8,5$1.0
184$10,1,7,14,2,11,13,16,4,6,1,3,15,12,8,5$1.0
185$10,3,7,14,2,11,13,16,4,6,1,3,15,12,8,5$1.0
186$10,3,7,14,2,11,13,16,4,6,1,3,15,12,8,5$1.0
187$10,3,7,14,2,11,13,16,4,6,1,3,15,12,8,5$1.0
188$10,3,7,14,2,11,13,16,4,6,1,3,15,12,8,5$1.0
189$10,3,7,14,2,11,13,16,4,6,1,3,15,12,8,5$1.0
190$10,3,7,14,2,11,13,16,4,6,1,3,15,12,8,5$1.0
191$10,3,7,14,2,11,13,16,4,6,1,3,15,12,8,5$1.0
192$10,3,7,14,2,11,13,16,4,6,1,3,15,12,8,5$1.0
193$10,3,7,14,2,11,13,16,4,6,1,3,15,12,8,5$1.0
194$10,3,7,14,2,11,13,16,4,9,1,3,15,12,8,5$1.0
195$10,1,7,14,2,11,13,16,4,6,1,3,15,12,8,5$1.0
196$10,1,7,14,2,11,13,16,4,6,1,3,15,12,8,5$1.0
197$10,1,7,14,2,11,13,16,4,6,1,3,15,12,8,5$1.0
198$10,1,7,14,2,11,13,16,4,6,1,3,15,12,8,5$1.0
199$10,3,7,14,2,11,13,16,4,9,1,3,15,12,8,5$1.0
200$10,3,7,14,2,11,13,16,4,9,1,3,15,12,8,5$1.0
201$10,3,7,14,2,11,13,16,4,9,1,3,15,12,8,5$1.0
202$10,3,7,14,2,11,13,16,4,6,1,3,15,12,8,5$1.0
203$10,3,7,14,2,11,13,16,4,9,1,3,15,12,8,5$1.0
204$10,3,7,14,2,11,13,16,4,6,1,3,15,12,8,5$1.0
205$10,3,7,14,2,11,13,16,4,6,1,3,15,12,8,5$1.0
206$10,3,7,14,2,11,13,16,4,6,1,3,15,12,8,5$1.0
207$10,3,7,14,2,11,13,16,4,6,1,3,15,12,8,5$1.0
208$10,3,7,14,2,11,13,16,4,9,1,3,15,12,8,5$1.0
209$10,3,7,14,2,11,13,16,4,6,1,3,15,12,8,5$1.0
210$10,3,7,14,2,11,13,16,4,6,1,3,15,12,8,5$1.0
211$10,3,7,14,2,11,13,16,4,6,1,3,15,12,8,5$1.0
212$10,3,7,14,2,11,13,16,4,9,1,3,15,12,8,5$1.0
213$10,3,7,14,2,11,13,16,4,6,1,3,15,12,8,5$1.0
214$10,3,7,14,2,11,13,16,4,9,1,3,15,12,8,5$1.0
215$10,3,7,14,2,11,13,16,4,6,1,3,15,12,8,5$1.0
216$10,3,7,14,2,11,13,16,4,9,1,3,15,12,8,5$1.0
217$10,3,7,14,2,11,13,16,4,6,1,3,15,12,8,5$1.0
218$10,3,7,14,2,11,13,16,4,6,1,3,15,12,8,5$1.0
219$10,3,7,14,2,11,13,16,4,6,1,3,15,12,8,5$1.0
220$10,3,7,14,2,11,13,16,4,6,1,3,15,12,8,5$1.0
221$10,3,7,14,2,11,13,16,4,9,1,3,15,12,8,5$1.0
222$10,3,7,14,2,11,13,16,4,6,1,3,15,12,8,5$1.0
223$10,3,7,14,2,11,13,16,4,9,1,3,15,12,8,5$1.0
224$10,3,7,14,2,11,13,16,4,6,1,3,15,12,8,5$1.0
225$10,3,7,14,2,11,13,16,4,6,1,3,15,12,8,5$1.0
226$10,3,7,14,2,11,13,16,4,9,1,3,15,12,8,5$1.0
227$10,1,7,14,2,11,13,16,4,6,1,3,15,12,8,5$1.0
228$10,3,7,14,2,11,13,16,4,6,1,3,15,12,8,5$1.0
229$10,3,7,14,2,11,13,16,4,6,1,3,15,12,8,5$1.0
230$10,3,7,14,2,11,13,16,4,6,1,3,15,12,8,5$1.0
231$10,3,7,14,2,11,13,16,4,6,1,15,15,12,8,5$1.0
232$10,3,7,14,2,11,13,16,4,6,1,3,15,12,8,5$1.0
233$10,3,7,14,2,11,13,16,4,6,1,3,15,12,8,5$1.0
234$10,3,7,14,2,11,13,16,4,6,1,3,15,12,8,5$1.0
235$10,3,7,14,2,11,13,16,4,6,1,3,15,12,8,5$1.0
236$10,3,7,14,2,11,13,16,4,6,1,3,15,12,8,5$1.0
237$10,3,7,14,2,11,13,16,4,6,1,3,15,12,8,5$1.0
238$10,3,7,14,2,11,13,16,4,6,1,3,15,12,8,5$1.0
239$10,3,7,14,2,11,13,16,4,6,1,3,15,12,8,5$1.0
240$10,3,7,14,2,11,13,16,4,6,1,3,15,12,8,5$1.0
241$10,3,7,14,2,11,13,16,4,6,1,3,15,12,8,5$1.0
242$10,3,7,14,2,11,13,16,4,6,1,3,15,12,8,5$1.0
243$10,3,7,14,2,11,13,16,4,6,1,3,15,12,8,5$1.0
244$10,3,7,14,2,11,13,16,4,6,1,3,15,12,8,5$1.0
245$10,1,7,14,2,11,13,16,4,6,1,3,15,12,8,5$1.0
246$10,3,7,14,2,11,13,16,4,6,1,3,15,12,8,5$1.0
247$10,3,7,14,2,11,13,16,4,6,1,3,15,12,8,5$1.0
248$10,3,7,14,2,11,13,16,4,6,1,3,15,12,8,5$1.0
249$10,3,7,14,2,11,13,16,4,6,1,3,15,12,8,5$1.0
250$10,3,7,14,2,11,13,16,4,6,1,3,15,12,8,5$1.0
251$10,3,7,14,2,11,13,16,4,6,1,3,15,12,8,5$1.0
252$10,3,7,14,2,11,13,16,4,6,1,3,15,12,8,5$1.0
253$10,2,7,14,2,11,13,16,4,6,1,3,15,12,8,5$1.0
254$10,3,7,14,2,11,13,16,4,6,1,3,15,12,8,5$1.0
255$10,3,7,14,2,11,13,16,4,6,1,3,15,12,8,5$1.0
256$10,3,7,14,2,11,13,16,4,6,1,3,15,12,8,5$1.0
257$10,3,7,14,2,11,13,16,4,6,1,3,15,12,8,5$1.0
258$10,3,7,14,2,11,13,16,4,6,1,3,15,12,8,5$1.0
259$10,3,7,14,2,11,13,16,4,6,1,3,15,12,8,5$1.0
260$10,3,7,14,2,11,13,16,4,6,1,3,15,12,8,5$1.0
261$10,3,7,14,2,11,13,16,4,6,1,3,15,12,8,5$1.0
262$10,3,7,14,2,11,13,16,4,6,1,3,15,12,8,5$1.0
263$10,3,7,14,2,11,13,16,4,6,1,3,15,12,8,5$1.0
264$10,1,7,14,2,11,13,16,4,6,1,3,15,12,8,5$1.0
265$10,3,7,14,2,11,13,16,4,6,1,3,15,12,8,5$1.0
266$10,2,7,14,2,11,13,16,4,6,1,3,15,12,8,5$1.0
267$10,3,7,14,2,11,13,16,4,6,1,3,15,12,8,5$1.0
268$10,3,7,14,2,11,13,16,4,6,1,3,15,12,8,5$1.0
269$10,3,7,14,2,11,13,16,4,6,1,3,15,12,8,5$1.0
270$10,3,7,14,2,11,13,16,4,6,1,3,15,12,8,5$1.0
271$10,3,7,14,2,11,13,16,4,6,1,3,15,12,8,5$1.0
272$10,3,7,14,2,11,13,16,4,6,1,3,15,12,8,5$1.0
273$10,3,7,14,2,11,13,16,4,6,1,3,15,12,8,5$1.0
274$10,3,7,14,2,11,13,16,4,6,1,3,15,12,8,5$1.0
275$10,3,7,14,2,11,13,16,4,6,1,3,15,12,8,5$1.0
276$10,3,7,14,2,11,13,16,4,6,1,3,15,12,8,5$1.0
277$10,3,7,14,2,11,13,16,4,6,1,3,15,12,8,5$1.0
278$10,3,7,14,2,11,13,16,4,6,1,3,15,12,8,5$1.0
279$10,3,7,14,2,11,13,16,4,6,1,3,15,12,8,5$1.0
280$10,3,7,14,2,11,13,16,4,6,1,3,15,12,8,5$1.0
281$10,3,7,14,2,11,13,16,4,6,1,3,15,12,8,5$1.0
282$10,3,7,14,2,11,13,16,4,6,1,3,15,12,8,5$1.0
283$10,3,7,14,2,11,13,16,4,6,1,3,15,12,8,5$1.0
284$10,3,7,14,2,11,13,16,4,6,1,3,15,12,8,5$1.0
285$10,2,7,14,2,11,13,16,4,6,1,3,15,12,8,5$1.0
286$10,3,7,14,2,11,13,16,4,6,1,3,15,12,8,5$1.0
287$10,3,7,14,2,11,13,16,4,6,1,3,15,12,8,5$1.0
288$10,3,7,14,2,11,13,16,4,6,1,3,15,12,8,5$1.0
289$10,3,7,14,2,11,13,16,4,6,1,3,15,12,8,5$1.0
290$10,3,7,14,2,11,13,16,4,6,1,3,15,12,8,5$1.0
291$10,3,7,14,2,11,13,16,4,6,1,3,15,12,8,5$1.0
292$10,3,7,14,2,11,13,16,4,6,1,3,15,12,8,5$1.0
293$10,3,7,14,2,11,13,16,4,6,1,3,15,12,8,5$1.0
294$10,3,7,14,2,11,13,16,4,6,1,3,15,12,8,5$1.0
295$10,3,7,14,2,11,13,16,4,6,1,3,15,12,8,5$1.0
296$10,3,7,14,2,11,13,16,4,6,1,3,15,12,8,5$1.0
297$10,3,7,14,2,11,13,16,4,6,1,3,15,12,8,5$1.0
298$10,3,7,14,2,11,13,16,4,6,1,3,15,12,8,5$1.0
299$10,3,7,14,2,11,13,16,4,6,1,3,15,12,8,5$1.0
300$10,3,7,14,2,11,13,16,4,6,1,3,15,12,8,5$1.0
301$10,3,7,14,2,11,13,16,4,6,1,3,15,12,8,5$1.0
302$10,3,7,14,2,11,13,16,4,6,1,3,15,12,8,5$1.0
303$10,3,7,14,2,11,13,16,4,6,1,3,15,12,8,5$1.0
304$10,3,7,14,2,11,13,16,4,9,1,3,15,12,8,5$1.0
305$10,3,7,14,2,11,13,16,4,6,1,3,15,12,8,5$1.0
306$10,3,7,14,2,11,13,16,4,6,1,3,15,12,8,5$1.0
307$10,3,7,14,2,11,13,16,4,6,1,3,15,12,8,5$1.0
308$10,3,7,14,2,11,13,16,4,6,1,3,15,12,8,5$1.0
309$10,3,7,14,2,11,13,16,4,9,1,3,15,12,8,5$1.0
310$10,3,7,14,2,11,13,16,4,6,1,3,15,12,8,5$1.0
311$10,1,7,14,2,11,13,16,4,6,1,3,15,12,8,5$1.0
312$10,3,7,14,2,11,13,16,4,6,1,3,15,12,8,5$1.0
313$10,3,7,14,2,11,13,16,4,6,1,3,15,12,8,5$1.0
314$10,3,7,14,2,11,13,16,4,9,1,3,15,12,8,5$1.0
315$10,2,7,14,2,11,13,16,4,6,1,3,15,12,8,5$1.0
316$10,3,7,14,2,11,13,16,4,6,1,3,15,12,8,5$1.0
317$10,3,7,14,2,11,13,16,4,6,1,3,15,12,8,5$1.0
318$10,3,7,14,2,11,13,16,4,6,1,3,15,12,8,5$1.0
319$10,3,7,14,2,11,13,16,4,6,1,3,15,12,8,5$1.0
320$10,3,7,14,2,11,13,16,4,6,1,3,15,12,8,5$1.0
321$10,3,7,14,2,11,13,16,4,6,1,3,15,12,8,5$1.0
322$10,3,7,14,2,11,13,16,4,6,1,3,15,12,8,5$1.0
323$10,3,7,14,2,11,13,16,4,6,1,3,15,12,8,5$1.0
324$10,3,7,14,2,11,13,16,4,6,1,3,15,12,8,5$1.0
325$10,3,7,14,2,11,13,16,4,6,1,3,15,12,8,5$1.0
326$10,3,7,14,2,11,13,16,4,6,1,3,15,12,8,5$1.0
327$10,3,7,14,2,11,13,16,4,6,1,3,15,12,8,5$1.0
328$10,3,7,14,2,11,13,16,4,6,1,3,15,12,8,5$1.0
329$10,3,7,14,2,11,13,16,4,6,1,3,15,12,8,5$1.0
330$10,2,7,14,2,11,13,16,4,6,1,3,15,12,8,5$1.0
331$10,3,7,14,2,11,13,16,4,6,1,3,15,12,8,5$1.0
332$10,3,7,14,2,11,13,16,4,6,1,3,15,12,8,5$1.0
333$10,3,7,14,2,11,13,16,4,6,1,3,15,12,8,5$1.0
334$10,3,7,14,2,11,13,16,4,6,1,3,15,12,8,5$1.0
335$10,3,7,14,2,11,13,16,4,6,1,3,15,12,8,5$1.0
336$10,3,7,14,2,11,13,16,4,6,1,3,15,12,8,5$1.0
337$10,3,7,14,2,11,13,16,4,6,1,3,15,12,8,5$1.0
338$10,3,7,14,2,11,13,16,4,6,1,3,15,12,8,5$1.0
339$10,3,7,14,2,11,13,16,4,6,1,3,15,12,8,5$1.0
340$10,3,7,14,2,11,13,16,4,6,1,3,15,12,8,5$1.0
341$10,3,7,14,2,11,13,16,4,6,1,3,15,12,8,5$1.0
342$10,3,7,14,2,11,13,16,4,6,1,3,15,12,8,5$1.0
343$10,2,7,14,2,11,13,16,4,6,1,3,15,12,8,5$1.0
344$10,3,7,14,2,11,13,16,4,6,1,3,15,12,8,5$1.0
345$10,2,7,14,2,11,13,16,4,6,1,3,15,12,8,5$1.0
346$10,2,7,14,2,11,13,16,4,6,1,3,15,12,8,5$1.0
347$10,3,7,14,2,11,13,16,4,6,1,3,15,12,8,5$1.0
348$10,2,7,14,2,11,13,16,4,6,1,3,15,12,8,5$1.0
349$10,3,7,14,2,11,13,16,4,6,1,3,15,12,8,5$1.0
350$10,3,7,14,2,11,13,16,4,6,1,3,15,12,8,5$1.0
351$10,2,7,14,2,11,13,16,4,6,1,3,15,12,8,5$1.0
352$10,3,7,14,2,11,13,16,4,6,1,3,15,12,8,5$1.0
353$10,3,7,14,2,11,13,16,4,6,1,3,15,12,8,5$1.0
354$10,3,7,14,2,11,13,16,4,6,1,3,15,12,8,5$1.0
355$10,3,7,14,2,11,13,16,4,6,1,3,15,12,8,5$1.0
356$10,3,7,14,2,11,13,16,4,6,1,3,15,12,8,5$1.0
357$10,3,7,14,2,11,13,16,4,6,1,3,15,12,8,5$1.0
358$10,3,7,14,2,11,13,16,4,6,1,3,15,12,8,5$1.0
359$10,3,7,14,2,11,13,16,4,6,1,3,15,12,8,5$1.0
360$10,1,7,14,2,11,13,16,4,6,1,3,15,12,8,5$1.0
361$10,3,7,14,2,11,13,16,4,6,1,15,15,12,8,5$1.0
362$10,3,7,14,2,11,13,16,4,6,1,3,15,12,8,5$1.0
363$10,3,7,14,2,11,13,16,4,6,1,3,15,12,8,5$1.0
364$10,3,7,14,2,11,13,16,4,6,1,3,15,12,8,5$1.0
365$10,3,7,14,2,11,13,16,4,6,1,3,15,12,8,5$1.0
366$10,3,7,14,2,11,13,16,4,6,1,3,15,12,8,5$1.0
367$10,3,7,14,2,11,13,16,4,6,1,3,15,12,8,5$1.0
368$10,3,7,14,2,11,13,16,4,6,1,3,15,12,8,5$1.0
369$10,3,7,14,2,11,13,16,4,6,1,3,15,12,8,5$1.0
370$10,3,7,14,2,11,13,16,4,6,1,3,15,12,8,5$1.0
371$10,3,7,14,2,11,13,16,4,6,1,3,15,12,8,5$1.0
372$10,3,7,14,2,11,13,16,4,6,1,3,15,12,8,5$1.0
373$10,3,7,14,2,11,13,16,4,6,1,3,15,12,8,5$1.0
374$10,3,7,14,2,11,13,16,4,6,1,3,15,12,8,5$1.0
375$10,3,7,14,2,11,13,16,4,6,1,3,15,12,8,5$1.0
376$10,3,7,14,2,11,13,16,4,6,1,15,15,12,8,5$1.0
377$10,3,7,14,2,11,13,16,4,6,1,15,15,12,8,5$1.0
378$10,3,7,14,2,11,13,16,4,6,1,3,15,12,8,5$1.0
379$10,3,7,14,2,11,13,16,4,6,1,3,15,12,8,5$1.0
380$10,3,7,14,2,11,13,16,4,6,1,3,15,12,8,5$1.0
381$10,3,7,14,2,11,13,16,4,6,1,3,15,12,8,5$1.0
382$10,3,7,14,2,11,13,16,4,6,1,3,15,12,8,5$1.0
383$10,3,7,14,2,11,13,16,4,6,1,3,15,12,8,5$1.0
384$10,3,7,14,2,11,13,16,4,6,1,15,15,12,8,5$1.0
385$10,3,7,14,2,11,13,16,4,6,1,3,15,12,8,5$1.0
386$10,3,7,14,2,11,13,16,4,6,1,15,15,12,8,5$1.0
387$10,3,7,14,2,11,13,16,4,6,1,3,15,12,8,5$1.0
388$10,3,7,14,2,11,13,16,4,6,1,3,15,12,8,5$1.0
389$10,3,7,14,2,11,13,16,4,6,1,3,15,12,8,5$1.0
390$10,3,7,14,2,11,13,16,4,6,1,3,15,12,8,5$1.0
391$10,3,7,14,2,11,13,16,4,6,1,15,15,12,8,5$1.0
392$10,3,7,14,2,11,13,16,4,6,1,3,15,12,8,5$1.0
393$10,3,7,14,2,11,13,16,4,6,1,3,15,12,8,5$1.0
394$10,3,7,14,2,11,13,16,4,6,1,15,15,12,8,5$1.0
395$10,3,7,14,2,11,13,16,4,6,1,3,15,12,8,5$1.0
396$10,3,7,14,2,11,13,16,4,6,1,15,15,12,8,5$1.0
397$10,3,7,14,2,11,13,16,4,6,1,15,15,12,8,5$1.0
398$10,3,7,14,2,11,13,16,4,6,1,3,15,12,8,5$1.0
399$10,3,7,14,2,11,13,16,4,6,1,3,15,12,8,5$1.0
400$10,3,7,14,2,11,13,16,4,6,1,15,15,12,8,5$1.0
401$10,3,7,14,2,11,13,16,4,6,1,15,15,12,8,5$1.0
402$10,3,7,14,2,11,13,16,4,6,1,15,15,12,8,5$1.0
403$10,3,7,14,2,11,13,16,4,6,1,15,15,12,8,5$1.0
404$10,3,7,14,2,11,13,16,4,6,1,15,15,12,8,5$1.0
405$10,3,7,14,2,11,13,16,4,9,1,3,15,12,8,5$1.0
406$10,3,7,14,2,11,13,16,4,6,1,15,15,12,8,5$1.0
407$10,3,7,14,2,11,13,16,4,6,1,15,15,12,8,5$1.0
408$10,3,7,14,2,11,13,16,4,6,1,15,15,12,8,5$1.0
409$10,3,7,14,2,11,13,16,4,9,1,3,15,12,8,5$1.0
410$10,3,7,14,2,11,13,16,4,6,1,15,15,12,8,5$1.0
411$10,3,7,14,2,11,13,16,4,6,1,3,15,12,8,5$1.0
412$10,3,7,14,2,11,13,16,4,6,1,15,15,12,8,5$1.0
413$10,3,7,14,2,11,13,16,4,6,1,15,15,12,8,5$1.0
414$10,3,7,14,2,11,13,16,4,6,1,15,15,12,8,5$1.0
415$10,3,7,14,2,11,13,16,4,6,1,15,15,12,8,5$1.0
416$10,3,7,14,2,11,13,16,4,6,1,15,15,12,8,5$1.0
417$10,3,7,14,2,11,13,16,4,6,1,3,15,12,8,5$1.0
418$10,3,7,14,2,11,13,16,4,6,1,15,15,12,8,5$1.0
419$10,3,7,14,2,11,13,16,4,6,1,15,15,12,8,5$1.0
420$10,3,7,14,2,11,13,16,4,6,1,15,15,12,8,5$1.0
421$10,3,7,14,2,11,13,16,4,6,1,15,15,12,8,5$1.0
422$10,1,7,14,2,11,13,16,4,6,1,3,15,12,8,5$1.0
423$10,3,7,14,2,11,13,16,4,6,1,15,15,12,8,5$1.0
424$10,3,7,14,2,11,13,16,4,6,1,15,15,12,8,5$1.0
425$10,3,7,14,2,11,13,16,4,6,1,15,15,12,8,5$1.0
426$10,1,7,14,2,11,13,16,4,6,1,3,15,12,8,5$1.0
427$10,3,7,14,2,11,13,16,4,6,1,15,15,12,8,5$1.0
428$10,3,7,14,2,11,13,16,4,6,1,15,15,12,8,5$1.0
429$10,3,7,14,2,11,13,16,4,6,1,15,15,12,8,5$1.0
430$10,3,7,14,2,11,13,16,4,6,1,15,15,12,8,5$1.0
431$10,3,7,14,2,11,13,16,4,6,1,15,15,12,8,5$1.0
432$10,3,7,14,2,11,13,16,4,6,1,15,15,12,8,5$1.0
433$10,3,7,14,2,11,13,16,4,6,1,15,15,12,8,5$1.0
434$10,3,7,14,2,11,13,16,4,6,1,3,15,12,8,5$1.0
435$10,3,7,14,2,11,13,16,4,6,1,3,15,12,8,5$1.0
436$10,3,7,14,2,11,13,16,4,6,1,15,15,12,8,5$1.0
437$10,3,7,14,2,11,13,16,4,6,1,15,15,12,8,5$1.0
438$10,3,7,14,2,11,13,16,4,6,1,15,15,12,8,5$1.0
439$10,3,7,14,2,11,13,16,4,6,1,3,15,12,8,5$1.0
440$10,3,7,14,2,11,13,16,4,6,1,15,15,12,8,5$1.0
441$10,3,7,14,2,11,13,16,4,6,1,3,15,12,8,5$1.0
442$10,3,7,14,2,11,13,16,4,6,1,3,15,12,8,5$1.0
443$10,3,7,14,2,11,13,16,4,6,1,15,15,12,8,5$1.0
444$10,3,7,14,2,11,13,16,4,6,1,15,15,12,8,5$1.0
445$10,3,7,14,2,11,13,16,4,6,1,15,15,12,8,5$1.0
446$10,3,7,14,2,11,13,16,4,6,1,15,15,12,8,5$1.0
447$10,3,7,14,2,11,13,16,4,6,1,15,15,12,8,5$1.0
448$10,3,7,14,2,11,13,16,4,6,1,15,15,12,8,5$1.0
449$10,3,7,14,2,11,13,16,4,6,1,3,15,12,8,5$1.0
450$10,3,7,14,2,11,13,16,4,6,1,15,15,12,8,5$1.0
451$10,3,7,14,2,11,13,16,4,6,1,15,15,12,8,5$1.0
452$10,3,7,14,2,11,13,16,4,6,1,15,15,12,8,5$1.0
453$10,2,7,14,2,11,13,16,4,6,1,3,15,12,8,5$1.0
454$10,3,7,14,2,11,13,16,4,6,1,15,15,12,8,5$1.0
455$10,3,7,14,2,11,13,16,4,6,1,3,15,12,8,5$1.0
456$10,3,7,14,2,11,13,16,4,6,1,15,15,12,8,5$1.0
457$10,3,7,14,2,11,13,16,4,6,1,3,15,12,8,5$1.0
458$10,3,7,14,2,11,13,16,4,6,1,3,15,12,8,5$1.0
459$10,3,7,14,2,11,13,16,4,6,1,15,15,12,8,5$1.0
460$10,3,7,14,2,11,13,16,4,6,1,15,15,12,8,5$1.0
461$10,3,7,14,2,11,13,16,4,6,1,15,15,12,8,5$1.0
462$10,3,7,14,2,11,13,16,4,6,1,15,15,12,8,5$1.0
463$10,3,7,14,2,11,13,16,4,6,1,15,15,12,8,5$1.0
464$10,3,7,14,2,11,13,16,4,6,1,15,15,12,8,5$1.0
465$10,3,7,14,2,11,13,16,4,6,1,15,15,12,8,5$1.0
466$10,3,7,14,2,11,13,16,4,6,1,15,15,12,8,5$1.0
467$10,3,7,14,2,11,13,16,4,6,1,15,15,12,8,5$1.0
468$10,3,7,14,2,11,13,16,4,6,1,15,15,12,8,5$1.0
469$10,3,7,14,2,11,13,16,4,6,1,15,15,12,8,5$1.0
470$10,3,7,14,2,11,13,16,4,6,1,15,15,12,8,5$1.0
471$10,3,7,14,2,11,13,16,4,6,1,15,15,12,8,5$1.0
472$10,3,7,14,2,11,13,16,4,6,1,15,15,12,8,5$1.0
473$10,3,7,14,2,11,13,16,4,6,1,3,15,12,8,5$1.0
474$10,3,7,14,2,11,13,16,4,6,1,15,15,12,8,5$1.0
475$10,3,7,14,2,11,13,16,4,6,1,15,15,12,8,5$1.0
476$10,3,7,14,2,11,13,16,4,6,1,15,15,12,8,5$1.0
477$10,3,7,14,2,11,13,16,4,6,1,15,15,12,8,5$1.0
478$10,3,7,14,2,11,13,16,4,6,1,15,15,12,8,5$1.0
479$10,3,7,14,2,11,13,16,4,6,1,15,15,12,8,5$1.0
480$10,3,7,14,2,11,13,16,4,6,1,3,15,12,8,5$1.0
481$10,3,7,14,2,11,13,16,4,6,1,3,15,12,8,5$1.0
482$10,3,7,14,2,11,13,16,4,6,1,15,15,12,8,5$1.0
483$10,3,7,14,2,11,13,16,4,9,1,15,15,12,8,5$1.0
484$10,3,7,14,2,11,13,16,4,6,1,3,15,12,8,5$1.0
485$10,3,7,14,2,11,13,16,4,6,1,15,15,12,8,5$1.0
486$10,3,7,14,2,11,13,16,4,6,1,15,15,12,8,5$1.0
487$10,3,7,14,2,11,13,16,4,9,1,15,15,12,8,5$1.0
488$10,3,7,14,2,11,13,16,4,6,1,15,15,12,8,5$1.0
489$10,3,7,14,2,11,13,16,4,6,1,15,15,12,8,5$1.0
490$10,3,7,14,2,11,13,16,4,6,1,3,15,12,8,5$1.0
491$10,3,7,14,2,11,13,16,4,6,1,15,15,12,8,5$1.0
492$10,3,7,14,2,11,13,16,4,6,1,15,15,12,8,5$1.0
493$10,3,7,14,2,11,13,16,4,6,1,15,15,12,8,5$1.0
494$10,3,7,14,2,11,13,16,4,6,1,15,15,12,8,5$1.0
495$10,3,7,14,2,11,13,16,4,6,1,15,15,12,8,5$1.0
496$10,3,7,14,2,11,13,16,4,6,1,15,15,12,8,5$1.0
497$10,3,7,14,2,11,13,16,4,6,1,15,15,12,8,5$1.0
498$10,3,7,14,2,11,13,16,4,6,1,15,15,12,8,5$1.0
499$10,3,7,14,2,11,13,16,4,6,1,15,15,12,8,5$1.0
500$10,3,7,14,2,11,13,16,4,6,1,15,15,12,8,5$1.0
501$10,3,7,14,2,11,13,16,4,6,1,15,15,12,8,5$1.0
502$10,3,7,14,2,11,13,16,4,6,1,15,15,12,8,5$1.0
503$10,3,7,14,2,11,13,16,4,6,1,15,15,12,8,5$1.0
504$10,3,7,14,2,11,13,16,4,6,1,15,15,12,8,5$1.0
505$10,3,7,14,2,11,13,16,4,6,1,15,15,12,8,5$1.0
506$10,3,7,14,2,11,13,16,4,6,1,15,15,12,8,5$1.0
507$10,3,7,14,2,11,13,16,4,6,1,15,15,12,8,5$1.0
508$10,3,7,14,2,11,13,16,4,6,1,15,15,12,8,5$1.0
509$10,3,7,14,2,11,13,16,4,6,1,15,15,12,8,5$1.0
510$10,3,7,14,2,11,13,16,4,6,1,15,15,12,8,5$1.0
511$10,3,7,14,2,11,13,16,4,6,1,15,15,12,8,5$1.0
512$10,3,7,14,2,11,13,16,4,6,1,15,15,12,8,5$1.0
513$10,3,7,14,2,11,13,16,4,6,1,15,15,12,8,5$1.0
514$10,3,7,14,2,11,13,16,4,9,1,15,15,12,8,5$1.0
515$10,3,7,14,2,11,13,16,4,6,1,15,15,12,8,5$1.0
516$10,3,7,14,2,11,13,16,4,6,1,15,15,12,8,5$1.0
517$10,3,7,14,2,11,13,16,4,6,1,15,15,12,8,5$1.0
518$10,3,7,14,2,11,13,16,4,6,1,15,15,12,8,5$1.0
519$10,3,7,14,2,11,13,16,4,6,1,15,15,12,8,5$1.0
520$10,3,7,14,2,11,13,16,4,6,1,3,15,12,8,5$1.0
521$10,3,7,14,2,11,13,16,4,6,1,15,15,12,8,5$1.0
522$10,3,7,14,2,11,13,16,4,6,1,15,15,12,8,5$1.0
523$10,3,7,14,2,11,13,16,4,6,1,15,15,12,8,5$1.0
524$10,3,7,14,2,11,13,16,4,6,1,15,15,12,8,5$1.0
525$10,3,7,14,2,11,13,16,4,6,1,15,15,12,8,5$1.0
526$10,3,7,14,2,11,13,16,4,6,1,15,15,12,8,5$1.0
527$10,1,7,14,2,11,13,16,4,6,3,15,15,12,8,5$1.0
528$10,3,7,14,2,11,13,16,4,6,1,15,15,12,8,5$1.0
529$10,3,7,14,2,11,13,16,4,6,1,15,15,12,8,5$1.0
530$10,1,7,14,2,11,13,16,4,6,3,15,15,12,8,5$1.0
531$10,3,7,14,2,11,13,16,4,6,1,15,15,12,8,5$1.0
532$10,3,7,14,2,11,13,16,4,6,1,15,15,12,8,5$1.0
533$10,3,7,14,2,11,13,16,4,6,1,15,15,12,8,5$1.0
534$10,3,7,14,2,11,13,16,4,6,1,15,15,12,8,5$1.0
535$10,3,7,14,2,11,13,16,4,6,1,15,15,12,8,5$1.0
536$10,3,7,14,2,11,13,16,4,9,1,3,15,12,8,5$1.0
537$10,3,7,14,2,11,13,16,4,6,1,15,12,12,8,5$1.0
538$10,3,7,14,2,11,13,16,4,6,1,15,15,12,8,5$1.0
539$10,3,7,14,2,11,13,16,4,6,1,15,12,12,8,5$1.0
540$10,3,7,14,2,11,13,16,4,6,1,15,15,12,8,5$1.0
541$10,3,7,14,2,11,13,16,4,6,1,15,15,12,8,5$1.0
542$10,3,7,14,2,11,13,16,4,6,1,15,12,12,8,5$1.0
543$10,3,7,14,2,11,13,16,4,6,1,15,12,12,8,5$1.0
544$10,3,7,14,2,11,13,16,4,6,1,15,12,12,8,5$1.0
545$10,3,7,14,2,11,13,16,4,6,1,15,15,12,8,5$1.0
546$10,3,7,14,2,11,13,16,4,4,1,15,9,12,8,5$1.0
547$10,3,7,14,2,11,13,16,4,6,1,15,12,12,8,5$1.0
548$10,3,7,14,2,11,13,16,4,9,1,15,15,12,8,5$1.0
549$10,3,7,14,2,11,13,16,4,6,1,15,1,12,8,5$1.0
550$10,3,7,14,2,11,13,16,4,6,1,15,15,12,8,5$1.0
551$10,3,7,14,2,11,13,16,4,6,1,15,15,12,8,5$1.0
552$10,3,7,14,2,11,13,16,4,6,1,15,12,12,8,5$1.0
553$10,3,7,14,2,11,13,16,4,9,1,15,15,12,8,5$1.0
554$10,3,7,14,2,11,13,16,4,6,1,15,12,12,8,5$1.0
555$10,3,7,14,2,11,13,16,4,6,1,15,12,12,8,5$1.0
556$10,3,7,14,2,11,13,16,4,6,1,15,12,12,8,5$1.0
557$10,3,7,14,2,11,13,16,4,6,1,15,15,12,8,5$1.0
558$10,3,7,14,2,11,13,16,4,6,1,15,12,12,8,5$1.0
559$10,3,7,14,2,11,13,16,4,6,1,15,15,12,8,5$1.0
560$10,3,7,14,2,11,13,16,4,6,1,15,15,12,8,5$1.0
561$10,3,7,14,2,11,13,16,4,6,1,15,12,12,8,5$1.0
562$10,3,7,14,2,11,13,16,4,6,1,15,12,12,8,5$1.0
563$10,3,7,14,2,11,13,16,4,6,1,15,15,12,8,5$1.0
564$10,3,7,14,2,11,13,16,4,6,1,15,12,12,8,5$1.0
565$10,3,7,14,2,11,13,16,4,6,1,15,12,12,8,5$1.0
566$10,3,7,14,2,11,13,16,4,6,1,15,15,12,8,5$1.0
567$10,3,7,14,2,11,13,16,4,6,1,15,12,12,8,5$1.0
568$10,3,7,14,2,11,13,16,4,6,1,15,12,12,8,5$1.0
569$10,3,7,14,2,11,13,16,4,6,1,15,15,12,8,5$1.0
570$10,3,7,14,2,11,13,16,4,6,1,15,15,12,8,5$1.0
571$10,3,7,14,2,11,13,16,4,6,1,15,15,12,8,5$1.0
572$10,3,7,14,2,11,13,16,4,6,1,15,12,12,8,5$1.0
573$10,3,7,14,2,11,13,16,4,6,1,15,12,12,8,5$1.0
574$10,3,7,14,2,11,13,16,4,6,1,15,12,12,8,5$1.0
575$10,3,7,14,2,11,13,16,4,6,1,15,15,12,8,5$1.0
576$10,3,7,14,2,11,13,16,4,6,1,15,12,12,8,5$1.0
577$10,3,7,14,2,11,13,16,4,6,1,15,12,12,8,5$1.0
578$10,3,7,14,2,11,13,16,4,6,1,15,12,16,8,5$1.0
579$10,3,7,14,2,11,13,16,4,6,1,15,15,12,8,5$1.0
580$10,3,7,14,2,11,13,16,4,6,1,15,12,8,13,5$1.0
581$10,3,7,14,2,11,13,16,4,6,1,15,12,12,8,5$1.0
582$10,3,7,14,2,11,13,16,4,6,1,15,12,12,8,5$1.0
583$10,3,7,14,2,11,13,16,4,6,1,15,12,5,8,5$1.0
584$10,3,7,14,2,11,13,16,4,6,1,15,12,12,8,5$1.0
585$10,3,7,14,2,11,13,16,4,6,1,15,15,12,8,5$1.0
586$10,3,7,14,2,11,13,16,4,6,1,15,12,5,8,5$1.0
587$10,3,7,14,2,11,13,16,4,6,1,15,12,12,8,5$1.0
588$10,3,7,14,2,11,13,16,4,6,1,15,12,1,8,5$1.0
589$10,3,7,14,2,11,13,16,4,6,1,15,12,5,8,5$1.0
590$10,3,7,14,2,11,13,16,4,6,1,15,12,12,8,5$1.0
591$10,3,7,14,2,11,13,16,4,6,1,15,12,5,8,5$1.0
592$10,3,7,14,2,11,13,16,4,6,1,15,12,12,8,5$1.0
593$10,3,7,14,2,11,13,16,4,6,1,15,12,5,8,5$1.0
594$10,3,7,14,2,11,13,16,4,6,1,15,12,5,8,5$1.0
595$10,3,7,14,2,11,13,16,4,6,1,15,12,12,8,5$1.0
596$10,3,7,14,2,11,13,16,4,6,1,15,15,12,8,5$1.0
597$10,3,7,14,2,11,13,16,4,6,1,15,12,5,8,5$1.0
598$10,3,7,14,2,11,13,16,4,6,1,15,12,12,8,5$1.0
599$10,3,7,14,2,11,13,16,4,6,1,15,12,12,8,5$1.0
600$10,3,7,14,2,11,13,16,4,6,1,15,15,12,8,5$1.0
601$10,3,7,14,2,11,13,16,4,6,1,15,15,12,8,5$1.0
602$10,3,7,14,2,11,13,16,4,6,1,15,12,5,8,5$1.0
603$10,3,7,14,2,11,13,16,4,6,1,15,12,14,8,5$1.0
604$10,3,7,14,2,11,13,16,4,6,1,15,12,5,8,5$1.0
605$10,3,7,14,2,11,13,16,4,6,1,15,15,12,8,5$1.0
606$10,3,7,14,2,11,13,16,4,6,1,15,15,12,8,5$1.0
607$10,3,7,14,2,11,13,16,4,6,1,15,12,12,8,5$1.0
608$10,3,7,14,2,11,13,16,4,6,1,15,12,16,8,5$1.0
609$10,3,7,14,2,11,13,16,4,6,1,15,15,12,8,5$1.0
610$10,3,7,14,2,11,13,16,4,6,1,15,12,16,8,5$1.0
611$10,3,7,14,2,11,13,16,4,6,1,15,15,12,8,5$1.0
612$10,3,7,14,2,11,13,16,4,6,1,15,15,12,8,5$1.0
613$10,3,7,14,2,11,13,16,4,6,1,15,12,12,8,5$1.0
614$10,3,7,14,2,11,13,16,4,6,1,15,12,12,8,5$1.0
615$10,3,7,14,2,11,13,16,4,6,1,15,12,12,8,5$1.0
616$10,3,7,14,2,11,13,16,4,6,1,15,12,5,8,5$1.0
617$10,3,7,14,2,11,13,16,4,6,1,15,12,12,8,5$1.0
618$10,3,7,14,2,11,13,16,4,6,1,15,12,5,8,5$1.0
619$10,3,7,14,2,11,13,16,4,6,1,15,12,5,8,5$1.0
620$10,3,7,14,2,11,13,16,4,6,1,15,12,14,8,5$1.0
621$10,3,7,14,2,11,13,16,4,6,1,15,12,12,8,5$1.0
622$10,3,7,14,2,11,13,16,4,6,1,15,12,12,8,5$1.0
623$10,3,7,14,2,11,13,16,4,6,1,15,12,14,8,5$1.0
624$10,3,7,14,2,11,13,16,4,6,1,15,12,14,8,5$1.0
625$10,3,7,14,2,11,13,16,4,6,1,15,12,5,8,5$1.0
626$10,3,7,14,2,11,13,16,4,6,1,15,12,5,8,5$1.0
627$10,3,7,14,2,11,13,16,4,6,1,15,12,12,8,5$1.0
628$10,3,7,14,2,11,13,16,4,6,1,15,12,5,8,5$1.0
629$10,3,7,14,2,11,13,16,4,6,1,15,12,5,8,5$1.0
630$10,3,7,14,2,11,13,16,4,6,1,15,12,5,8,5$1.0
631$10,3,7,14,2,11,13,16,4,6,1,15,12,14,8,5$1.0
632$10,3,7,14,2,11,13,16,4,6,1,15,12,14,8,5$1.0
633$10,3,7,14,2,11,13,16,4,6,1,15,12,1,8,5$1.0
634$10,3,7,14,2,11,13,16,4,6,1,15,12,14,8,5$1.0
635$10,3,7,14,2,11,13,16,4,6,1,15,12,1,8,5$1.0
636$10,3,7,14,2,11,13,16,4,6,1,15,12,16,8,5$1.0
637$10,3,7,14,2,11,13,16,4,6,1,15,12,1,8,5$1.0
638$10,3,7,14,2,11,13,16,4,6,1,15,12,1,8,5$1.0
639$10,3,7,14,2,11,13,16,4,6,1,15,12,8,8,5$1.0
640$10,3,7,14,2,11,13,16,4,6,1,15,12,1,8,5$1.0
641$10,3,7,14,2,11,13,16,4,6,1,15,12,8,8,5$1.0
642$10,3,7,14,2,11,13,16,4,6,3,15,12,1,8,5$1.0
643$10,3,7,14,2,11,13,16,4,6,1,15,12,5,8,5$1.0
644$10,3,7,14,2,11,13,16,4,6,1,15,12,5,8,5$1.0
645$10,3,7,14,2,11,13,16,4,6,1,15,12,1,8,5$1.0
646$10,3,7,14,2,11,13,16,4,6,1,15,12,1,8,5$1.0
647$10,3,7,14,2,11,13,16,4,6,1,15,12,1,8,5$1.0
648$10,3,7,14,2,11,13,16,4,6,1,15,12,1,8,5$1.0
649$10,3,7,14,2,11,13,16,4,6,1,15,12,1,8,5$1.0
650$10,3,7,14,2,11,13,16,4,6,1,15,12,1,8,5$1.0
651$10,3,7,14,2,11,13,16,4,6,1,15,12,8,8,5$1.0
652$10,3,7,14,2,11,13,16,4,6,1,15,12,8,8,5$1.0
653$10,3,7,14,2,11,13,16,4,6,1,15,12,1,8,5$1.0
654$10,3,7,14,2,11,13,16,4,6,1,15,12,1,8,5$1.0
655$10,3,7,14,2,11,13,16,4,6,1,15,12,1,8,5$1.0
656$10,3,7,14,2,11,13,16,4,6,1,15,12,12,8,5$1.0
657$10,3,7,14,2,11,13,16,4,6,1,15,12,1,8,5$1.0
658$10,3,7,14,2,11,13,16,4,6,1,15,12,8,8,5$1.0
659$10,3,7,14,2,11,13,16,4,6,1,15,12,12,8,5$1.0
660$10,3,7,14,2,11,13,16,4,6,1,15,12,1,8,5$1.0
661$10,3,7,14,2,11,13,16,4,6,1,15,12,12,8,5$1.0
662$10,3,7,14,2,11,13,16,4,6,1,15,12,1,8,5$1.0
663$10,3,7,14,2,11,13,16,4,6,1,15,12,1,8,5$1.0
664$10,3,7,14,2,11,13,16,4,6,1,15,12,12,8,5$1.0
665$10,3,7,14,2,11,13,16,4,6,1,15,12,12,8,5$1.0
666$10,3,7,14,2,11,13,16,4,6,1,15,12,8,13,5$1.0
667$10,3,7,14,2,11,13,16,4,6,1,15,12,12,8,5$1.0
668$10,3,7,14,2,11,13,16,4,6,1,15,12,8,13,5$1.0
669$10,3,7,14,2,11,13,16,4,6,1,15,12,12,8,5$1.0
670$10,3,7,14,2,11,13,16,4,6,1,15,12,8,13,5$1.0
671$10,3,7,14,2,11,13,16,4,6,1,15,12,12,8,5$1.0
672$10,3,7,14,2,11,13,16,4,6,1,15,12,1,8,5$1.0
673$10,3,7,14,2,11,13,16,4,6,1,15,12,12,8,5$1.0
674$10,3,7,14,2,11,13,16,4,6,1,15,1,12,8,5$1.0
675$10,3,7,14,2,11,13,16,4,6,1,15,12,12,8,5$1.0
676$10,3,7,14,2,11,13,16,4,6,1,15,1,12,8,5$1.0
677$10,3,7,14,2,11,13,16,4,6,1,15,12,16,8,5$1.0
678$10,3,7,14,2,11,13,16,4,6,1,15,12,12,8,5$1.0
679$10,3,7,14,2,11,13,16,4,6,1,15,12,12,8,5$1.0
680$10,3,7,14,2,11,13,16,4,6,1,15,12,12,8,5$1.0
681$10,3,7,14,2,11,13,16,4,6,1,15,12,12,8,5$1.0
682$10,3,7,14,2,11,13,16,4,6,1,15,12,12,8,5$1.0
683$10,3,7,14,2,11,13,16,4,6,1,15,12,12,8,5$1.0
684$10,3,7,14,2,11,13,16,4,6,1,15,12,12,8,5$1.0
685$10,3,7,14,2,11,13,16,4,6,1,15,12,12,8,5$1.0
686$10,3,7,14,2,11,13,16,4,6,1,15,12,12,8,5$1.0
687$10,3,7,14,2,11,13,16,4,6,1,15,12,12,8,5$1.0
688$10,3,7,14,2,11,13,16,4,6,1,15,12,12,8,5$1.0
689$10,3,7,14,2,11,13,16,4,6,1,15,12,12,8,5$1.0
690$10,3,7,14,2,11,13,16,4,6,1,15,12,12,8,5$1.0
691$10,3,7,14,2,11,13,16,4,6,1,15,12,12,8,5$1.0
692$10,3,7,14,2,11,13,16,4,6,1,15,12,12,8,5$1.0
693$10,3,7,14,2,11,13,16,4,6,1,15,12,12,8,5$1.0
694$10,3,7,14,2,11,13,16,4,6,1,15,12,12,8,5$1.0
695$10,3,7,14,2,11,13,16,4,6,1,15,12,12,8,5$1.0
696$10,3,7,14,2,11,13,16,4,6,1,15,12,12,8,5$1.0
697$10,3,7,14,2,11,13,16,4,6,1,15,12,14,8,5$1.0
698$10,3,7,14,2,11,13,16,4,6,1,15,15,12,8,5$1.0
699$10,3,7,14,2,11,13,16,4,6,1,15,1,12,8,5$1.0
700$10,3,7,14,2,11,13,16,4,6,1,15,15,12,8,5$1.0
701$10,3,7,14,2,11,13,16,4,6,1,15,12,12,8,5$1.0
702$10,3,7,14,2,11,13,16,4,6,1,15,12,5,8,5$1.0
703$10,3,7,14,2,11,13,16,4,6,1,15,12,12,8,5$1.0
704$10,3,7,14,2,11,13,16,4,6,1,15,12,12,8,5$1.0
705$10,3,7,14,2,11,13,16,4,6,1,15,12,12,8,5$1.0
706$10,3,7,14,2,11,13,16,4,6,1,15,12,12,8,5$1.0
707$10,3,7,14,2,11,13,16,4,6,1,15,12,12,8,5$1.0
708$10,3,7,14,2,11,13,16,4,6,1,15,12,12,8,5$1.0
709$10,3,7,14,2,11,13,16,4,6,1,15,12,12,8,5$1.0
710$10,3,7,14,2,11,13,16,4,6,1,15,1,12,8,5$1.0
711$10,3,7,14,2,11,13,16,4,6,1,15,12,12,8,5$1.0
712$10,3,7,14,2,11,13,16,4,6,1,15,12,5,8,5$1.0
713$10,3,7,14,2,11,13,16,4,6,1,15,12,12,8,5$1.0
714$10,3,7,14,2,11,13,16,4,6,1,15,12,12,8,5$1.0
715$10,3,7,14,2,11,13,16,4,6,1,15,12,1,8,5$1.0
716$10,3,7,14,2,11,13,16,4,6,1,15,1,12,8,5$1.0
717$10,3,7,14,2,11,13,16,4,6,1,15,12,12,8,5$1.0
718$10,3,7,14,2,11,13,16,4,6,1,15,12,12,8,5$1.0
719$10,3,7,14,2,11,13,16,4,6,1,15,12,5,8,5$1.0
720$10,3,7,14,2,11,13,16,4,6,1,15,12,5,8,5$1.0
721$10,3,7,14,2,11,13,16,4,6,1,15,15,12,8,5$1.0
722$10,3,7,14,2,11,13,16,4,6,1,15,12,5,8,5$1.0
723$10,3,7,14,2,11,13,16,4,6,1,15,1,12,8,5$1.0
724$10,3,7,14,2,11,13,16,4,6,1,15,12,5,8,5$1.0
725$10,3,7,14,2,11,13,16,4,6,1,15,1,12,8,5$1.0
726$10,3,7,14,2,11,13,16,4,6,1,15,12,8,8,5$1.0
727$10,3,7,14,2,11,13,16,4,6,1,15,12,8,8,5$1.0
728$10,3,7,14,2,11,13,16,4,6,1,15,12,5,8,5$1.0
729$10,3,7,14,2,11,13,16,4,6,1,15,12,1,8,5$1.0
730$10,3,7,14,2,11,13,16,4,6,1,15,12,5,8,5$1.0
731$10,3,7,14,2,11,13,16,4,6,1,15,12,1,8,5$1.0
732$10,3,7,14,2,11,13,16,4,6,1,15,12,5,8,10$1.0
733$10,3,7,14,2,11,13,16,4,6,1,15,12,5,8,10$1.0
734$10,3,7,14,2,11,13,16,4,6,1,15,12,5,8,5$1.0
735$10,3,7,14,2,11,13,16,4,6,1,15,12,12,8,5$1.0
736$10,3,7,14,2,11,13,16,4,6,1,15,12,14,8,5$1.0
737$10,3,7,14,2,11,13,16,4,6,1,15,12,5,8,5$1.0
738$10,3,7,14,2,11,13,16,4,6,1,15,12,5,8,10$1.0
739$10,3,7,14,2,11,13,16,4,6,1,15,12,5,8,10$1.0
740$10,3,7,14,2,11,13,16,4,6,1,15,12,5,8,10$1.0
741$10,3,7,14,2,11,13,16,4,6,1,15,12,14,8,5$1.0
742$10,3,7,14,2,11,13,16,4,6,1,15,12,5,8,5$1.0
743$10,3,7,14,2,11,13,16,4,6,1,15,12,5,8,10$1.0
744$10,3,7,14,2,11,13,16,4,6,1,15,12,5,8,10$1.0
745$10,3,7,14,2,11,13,16,4,6,1,15,12,5,8,10$1.0
746$8,3,7,14,2,11,13,16,4,6,1,15,12,5,8,10$1.0
747$10,3,7,14,2,11,13,16,4,6,1,15,12,1,8,5$1.0
748$10,3,7,14,2,11,13,16,4,6,1,15,12,5,8,5$1.0
749$10,3,7,14,2,11,13,16,4,6,1,15,12,5,8,5$1.0
750$10,3,7,14,2,11,13,16,4,6,1,15,12,5,8,10$1.0
751$10,3,7,14,2,11,13,16,4,6,1,15,12,5,8,5$1.0
752$8,3,7,14,2,11,13,16,4,6,1,15,12,5,8,10$1.0
753$10,3,7,14,2,11,13,16,4,6,1,15,12,5,8,10$1.0
754$10,3,7,14,2,11,13,16,4,6,1,15,12,1,8,5$1.0
755$13,3,7,14,2,11,13,16,4,6,1,15,12,5,8,10$1.0
756$10,3,7,14,2,11,13,16,4,6,1,15,12,14,8,5$1.0
757$10,3,7,14,2,11,13,16,4,6,1,15,12,5,8,10$1.0
758$10,3,7,14,2,11,13,16,4,6,1,15,12,5,8,10$1.0
759$10,3,7,14,2,11,13,16,4,6,1,15,12,5,8,10$1.0
760$10,3,7,14,2,11,13,16,4,6,1,15,12,5,8,10$1.0
761$10,3,7,14,2,11,13,16,4,6,1,15,12,5,8,10$1.0
762$8,3,7,14,2,11,13,16,4,6,1,15,12,5,8,10$1.0
763$10,3,7,14,2,11,13,16,4,6,1,15,12,5,8,10$1.0
764$10,3,7,14,2,11,13,16,4,6,1,15,12,5,8,10$1.0
765$10,3,7,14,2,11,13,16,4,6,1,15,12,5,8,10$1.0
766$10,3,7,14,2,11,13,16,4,6,1,15,12,14,8,5$1.0
767$10,3,7,14,2,11,13,16,4,6,1,15,12,14,8,5$1.0
768$10,3,7,14,2,11,13,16,4,6,1,15,12,14,8,5$1.0
769$10,3,7,14,2,11,13,16,4,6,1,15,12,5,8,10$1.0
770$3,13,7,14,2,11,13,16,4,6,1,15,12,5,8,10$1.0
771$8,3,7,14,2,11,13,16,4,6,1,15,12,5,8,10$1.0
772$10,3,7,14,2,11,13,16,4,6,1,15,12,5,8,10$1.0
773$10,3,7,14,2,11,13,16,4,6,1,15,12,5,8,10$1.0
774$8,3,7,14,2,11,13,16,4,6,1,15,12,5,8,10$1.0
775$10,3,7,14,2,11,13,16,4,6,1,15,12,5,8,10$1.0
776$8,3,7,14,2,11,13,16,4,6,1,15,12,5,8,10$1.0
777$10,3,7,14,2,11,13,16,4,6,1,15,12,5,8,5$1.0
778$8,3,7,14,2,11,13,16,4,6,1,15,12,5,8,10$1.0
779$10,3,7,14,2,11,13,16,4,6,1,15,12,5,8,5$1.0
780$10,3,7,14,2,11,13,16,4,6,1,15,12,5,8,10$1.0
781$10,3,7,14,2,11,13,16,4,6,1,15,12,5,8,10$1.0
782$10,3,7,14,2,11,13,16,4,6,1,15,12,5,8,10$1.0
783$10,3,7,14,2,11,13,16,4,6,1,15,12,5,8,10$1.0
784$10,3,7,14,2,11,13,16,4,6,1,15,12,5,8,10$1.0
785$10,3,7,14,2,11,13,16,4,6,1,15,12,5,8,10$1.0
786$10,3,7,14,2,11,13,16,4,6,1,15,12,5,8,10$1.0
787$10,3,7,14,2,11,13,16,4,6,1,15,12,14,8,5$1.0
788$10,3,7,14,2,11,13,16,4,6,1,15,12,5,8,10$1.0
789$10,3,7,14,2,11,13,16,4,6,1,15,12,5,8,10$1.0
790$10,3,7,14,2,11,13,16,4,6,1,15,12,5,8,10$1.0
791$10,3,7,14,2,11,13,16,4,6,1,15,12,14,8,5$1.0
792$10,3,7,14,2,11,13,16,4,6,1,15,12,14,8,5$1.0
793$10,3,7,14,2,11,13,16,4,6,1,15,12,5,8,10$1.0
794$10,3,7,14,2,11,13,16,4,6,1,15,12,5,8,10$1.0
795$10,3,7,14,2,11,13,16,4,6,1,15,12,14,8,5$1.0
796$10,3,7,14,2,11,13,16,4,6,1,15,12,5,8,10$1.0
797$10,3,7,14,2,11,13,16,4,6,1,15,12,14,8,5$1.0
798$10,3,7,14,2,11,13,16,4,6,1,15,12,5,8,14$1.0
799$13,3,7,14,2,11,13,16,4,6,1,15,12,5,8,10$1.0
800$10,3,7,14,2,11,13,16,4,6,1,15,12,14,8,5$1.0
801$10,3,7,14,2,11,13,16,4,6,1,15,12,5,8,10$1.0
802$10,3,7,14,2,11,13,16,4,6,1,15,12,14,8,5$1.0
803$10,3,7,14,2,11,13,16,4,6,1,15,12,5,8,10$1.0
804$14,3,7,14,2,11,13,16,4,6,1,15,12,5,8,10$1.0
805$10,3,7,14,2,11,13,16,4,6,1,15,12,5,8,10$1.0
806$10,3,7,14,2,11,13,16,4,6,1,15,12,5,8,10$1.0
807$10,3,7,14,2,11,13,16,4,6,1,15,12,5,8,10$1.0
808$14,3,7,14,2,11,13,16,4,6,1,15,12,5,8,10$1.0
809$10,3,7,14,2,11,13,16,4,6,1,15,12,8,8,5$1.0
810$3,13,7,14,2,11,13,16,4,6,1,15,12,5,8,10$1.0
811$10,3,7,14,2,11,13,16,4,6,1,15,12,5,8,10$1.0
812$10,3,7,14,2,11,13,16,4,6,1,15,12,5,8,10$1.0
813$10,3,7,14,2,11,13,16,4,6,1,15,12,5,8,5$1.0
814$10,3,7,14,2,11,13,16,4,6,1,15,12,5,8,10$1.0
815$10,3,7,14,2,11,13,16,4,6,1,15,12,12,8,5$1.0
816$10,3,7,14,2,11,13,16,4,6,1,15,12,5,8,5$1.0
817$10,3,7,14,2,11,13,16,4,6,1,15,12,5,8,10$1.0
818$10,3,7,14,2,11,13,16,4,6,1,15,12,5,8,10$1.0
819$10,3,7,14,2,11,13,16,4,6,1,15,12,5,8,10$1.0
820$10,3,7,14,2,11,13,16,4,6,1,15,12,5,8,10$1.0
821$10,3,7,14,2,11,13,16,4,6,1,15,12,5,8,10$1.0
822$10,3,7,14,2,11,13,16,4,6,1,15,12,5,8,10$1.0
823$13,3,7,14,2,11,13,16,4,6,1,15,12,5,8,10$1.0
824$10,3,7,14,2,11,13,16,4,6,1,15,12,5,8,10$1.0
825$10,3,7,14,2,11,13,16,4,6,1,15,12,5,8,10$1.0
826$10,3,7,14,2,11,13,16,4,6,1,15,12,5,8,10$1.0
827$10,3,7,14,2,11,13,16,4,6,1,15,12,5,8,10$1.0
828$10,3,7,14,2,11,13,16,4,6,1,15,12,5,8,10$1.0
829$3,3,7,14,2,11,13,16,4,6,1,15,12,5,8,10$1.0
830$10,3,7,14,2,11,13,16,4,6,1,15,12,5,8,10$1.0
831$10,3,7,14,2,11,13,16,4,6,1,15,12,5,8,10$1.0
832$10,3,7,14,2,11,13,16,4,6,1,15,12,5,8,10$1.0
833$10,3,7,14,2,11,13,16,4,6,1,15,12,12,8,5$1.0
834$10,3,7,14,2,11,13,16,4,6,1,15,12,5,8,10$1.0
835$10,3,7,14,2,11,13,16,4,6,1,15,12,5,8,10$1.0
836$10,3,7,14,2,11,13,16,4,6,1,15,12,12,8,5$1.0
837$10,3,7,14,2,11,13,16,4,6,1,15,12,5,8,10$1.0
838$10,3,7,14,2,11,13,16,4,6,1,15,12,12,8,5$1.0
839$10,3,7,14,2,11,13,16,4,6,1,15,12,5,8,14$1.0
840$10,3,7,14,2,11,13,16,4,6,1,15,12,12,8,5$1.0
841$10,3,7,14,2,11,13,16,4,6,1,15,12,5,8,10$1.0
842$10,3,7,14,2,11,13,16,4,6,1,15,12,12,8,5$1.0
843$10,3,7,14,2,11,13,16,4,6,1,15,12,5,8,14$1.0
844$10,3,7,14,2,11,13,16,4,6,1,15,12,5,8,10$1.0
845$10,3,7,14,2,11,13,16,4,6,1,15,12,5,8,16$1.0
846$10,3,7,14,2,11,13,16,4,6,1,15,12,12,8,5$1.0
847$10,3,7,14,2,11,13,16,4,6,1,15,12,12,8,5$1.0
848$10,3,7,14,2,11,13,16,4,6,1,15,12,12,8,5$1.0
849$10,3,7,14,2,11,13,16,4,6,1,15,12,12,8,5$1.0
850$10,3,7,14,2,11,13,16,4,6,1,15,12,5,8,10$1.0
851$10,3,7,14,2,11,13,16,4,6,1,15,12,5,8,14$1.0
852$10,3,7,14,2,11,13,16,4,6,1,15,12,12,8,5$1.0
853$13,3,7,14,2,11,13,16,4,6,1,15,12,5,8,10$1.0
854$10,3,7,14,2,11,13,16,4,6,1,15,12,5,8,10$1.0
855$10,3,7,14,2,11,13,16,4,6,1,15,12,5,8,10$1.0
856$3,3,7,14,2,11,13,16,4,6,1,15,12,5,8,10$1.0
857$10,3,7,14,2,11,13,16,4,6,1,15,12,5,8,10$1.0
858$10,3,7,14,2,11,13,16,4,6,1,15,12,5,8,16$1.0
859$3,3,7,14,2,11,13,16,4,6,1,15,12,5,8,10$1.0
860$10,3,7,14,2,11,13,16,4,6,1,15,12,5,8,14$1.0
861$10,3,7,14,2,11,13,16,4,6,1,15,12,5,8,14$1.0
862$10,3,7,14,2,11,13,16,4,6,1,15,12,5,8,14$1.0
863$8,3,7,14,2,11,13,16,4,6,1,15,12,5,8,10$1.0
864$10,3,7,14,2,11,13,16,4,6,1,15,12,5,8,10$1.0
865$10,3,7,14,2,11,13,16,4,6,1,15,12,12,8,5$1.0
866$10,3,7,14,2,11,13,16,4,6,1,15,12,5,8,10$1.0
867$10,3,7,14,2,11,13,16,4,6,1,15,12,5,8,5$1.0
868$3,9,7,14,2,11,13,16,4,6,1,15,12,5,8,10$0.0
868$3,9,7,14,2,11,13,16,4,6,1,15,12,5,8,10$0.0
