16
0$10,8,2,16,1,3,10,16,14,6,6,13,7,1,8,13$16.0
0$13,15,7,4,8,8,15,8,15,11,13,6,2,7,3,11$21.0
0$3,13,11,16,8,2,16,15,10,10,1,1,10,13,13,9$18.0
0$10,8,2,16,1,3,10,16,14,6,6,13,7,1,8,13$16.0
1$12,12,7,9,1,4,8,15,8,10,5,14,16,7,13,6$9.0
1$10,8,2,14,15,3,10,16,14,6,6,13,7,1,8,13$15.0
1$12,12,7,9,1,4,8,15,8,10,5,14,16,7,13,6$9.0
2$12,12,7,9,1,4,8,15,8,10,5,14,16,7,13,6$9.0
3$16,12,6,1,5,5,15,2,11,15,10,3,13,4,9,11$11.0
4$2,1,7,12,14,1,3,5,8,15,11,6,16,4,13,9$11.0
5$13,1,7,12,14,1,3,5,8,15,11,6,16,4,13,9$10.0
6$15,12,7,9,16,9,11,5,8,1,9,14,13,10,16,3$10.0
7$15,12,7,9,3,5,8,14,4,2,11,6,16,16,13,9$8.0
7$15,12,7,9,3,5,8,14,4,2,11,6,16,16,13,9$8.0
8$2,13,7,12,14,1,14,5,8,15,1,6,16,10,16,3$7.0
8$2,13,7,12,14,1,14,5,8,15,1,6,16,10,16,3$7.0
9$13,10,7,12,14,1,3,5,8,1,11,6,16,16,13,9$7.0
10$2,10,7,12,14,1,3,5,8,2,11,6,16,16,13,9$8.0
11$7,13,7,12,14,1,15,5,8,2,12,6,16,16,13,9$6.0
11$7,13,7,12,14,1,15,5,8,2,12,6,16,16,13,9$6.0
12$16,13,7,12,14,1,3,5,8,1,3,6,11,4,15,9$8.0
13$7,13,7,12,14,1,3,5,8,1,3,6,16,4,15,9$7.0
14$7,13,10,12,14,1,3,5,8,15,11,6,16,6,13,5$5.0
14$7,13,10,12,14,1,3,5,8,15,11,6,16,6,13,5$5.0
15$11,13,7,12,14,1,3,5,8,1,3,6,16,4,15,9$6.0
16$7,13,7,12,14,1,3,5,8,1,3,6,16,16,13,9$7.0
17$7,13,10,12,14,1,3,5,8,15,1,6,16,6,13,5$6.0
18$2,4,7,12,14,1,3,5,8,15,11,6,16,13,13,5$6.0
19$7,13,7,12,14,1,14,5,8,1,3,6,16,16,13,9$5.0
20$7,13,7,12,14,1,15,5,8,1,3,6,16,10,13,9$5.0
21$2,15,7,4,14,1,15,5,8,1,3,6,16,16,13,9$5.0
22$7,13,7,12,15,1,14,5,8,1,1,6,16,10,13,9$5.0
23$2,13,7,12,15,1,14,5,8,15,11,6,16,10,13,9$4.0
23$2,13,7,12,15,1,14,5,8,15,11,6,16,10,13,9$4.0
24$2,13,7,12,15,1,14,5,8,15,11,6,16,10,13,3$2.0
24$2,13,7,12,15,1,14,5,8,15,11,6,16,10,13,3$2.0
25$7,13,7,12,15,1,14,5,8,15,11,6,16,10,13,3$3.0
26$2,13,7,12,14,1,14,5,8,1,1,6,16,10,15,9$4.0
27$2,13,7,12,15,1,14,5,8,15,11,6,16,10,13,9$4.0
28$2,13,7,12,14,1,14,5,8,15,3,6,16,10,13,6$3.0
29$2,13,7,12,15,1,14,5,8,15,11,6,16,10,13,9$4.0
30$2,13,7,12,14,1,14,5,8,15,3,6,16,10,13,6$3.0
31$2,13,7,12,14,1,14,5,8,15,3,6,16,10,13,6$3.0
32$2,13,7,12,14,1,14,5,8,15,3,6,16,10,13,6$3.0
33$2,13,7,12,14,1,14,5,8,15,3,6,16,10,13,6$3.0
34$2,13,7,12,14,1,14,5,8,15,3,6,16,10,13,6$3.0
35$2,13,7,12,14,1,14,5,8,15,3,6,16,10,13,6$3.0
36$2,13,7,12,14,1,14,5,8,15,11,6,16,3,11,4$4.0
37$2,13,7,12,14,1,14,5,8,15,11,6,16,3,11,4$4.0
38$2,13,7,12,14,1,14,5,8,15,3,6,16,3,11,4$4.0
39$2,13,7,12,14,1,14,5,8,15,3,6,16,10,13,6$3.0
40$2,13,7,12,14,1,14,5,8,15,3,6,16,10,13,6$3.0
41$2,4,7,12,14,1,14,5,8,15,3,6,16,10,13,6$2.0
42$2,4,7,12,14,1,14,5,8,15,3,6,16,10,13,6$2.0
43$2,4,7,12,14,1,14,5,8,15,3,6,16,10,13,6$2.0
44$2,4,7,12,14,1,14,5,8,15,3,6,16,10,13,6$2.0
45$2,4,7,12,14,1,14,5,8,15,3,6,16,10,13,4$2.0
46$2,4,7,12,14,1,14,5,8,15,3,6,16,10,13,6$2.0
47$2,4,7,12,14,1,14,5,8,15,3,6,16,10,13,6$2.0
48$2,4,7,12,14,1,14,5,8,15,3,6,16,10,13,6$2.0
49$2,4,7,12,14,1,14,5,8,15,3,6,16,10,13,6$2.0
50$2,4,7,12,14,1,14,5,8,15,3,6,16,10,13,6$2.0
51$2,4,7,12,14,1,14,5,8,15,3,6,16,10,13,6$2.0
52$2,4,7,12,14,1,14,5,8,15,3,6,16,10,13,6$2.0
53$2,4,7,12,14,1,14,5,8,15,3,6,16,10,13,16$2.0
54$2,4,7,12,14,1,14,5,8,15,3,6,16,10,13,6$2.0
55$2,4,7,12,14,1,14,5,8,15,3,6,16,10,13,6$2.0
56$2,4,7,12,14,1,14,5,8,15,3,6,16,10,13,6$2.0
57$2,4,7,12,14,1,14,5,8,15,3,6,16,10,13,6$2.0
58$2,4,7,12,14,1,14,5,8,15,3,6,16,10,13,6$2.0
59$11,4,7,12,14,1,14,5,8,15,3,6,16,10,13,6$2.0
60$2,4,7,12,14,1,14,5,8,15,3,6,16,10,13,6$2.0
61$2,4,7,12,14,1,13,5,8,15,3,6,16,10,13,6$2.0
62$2,4,7,12,14,1,14,5,8,15,3,6,16,10,13,6$2.0
63$11,4,7,12,14,1,13,5,8,15,3,6,16,10,13,6$2.0
64$2,4,7,12,14,1,14,5,8,15,3,6,16,10,13,6$2.0
65$2,4,7,12,14,1,14,5,8,15,3,6,16,10,13,6$2.0
66$2,4,7,12,14,1,14,5,8,15,3,6,16,10,13,6$2.0
67$2,4,7,12,14,1,14,5,8,15,3,6,16,10,13,6$2.0
68$2,4,7,12,14,1,14,5,8,15,3,6,16,10,13,6$2.0
69$2,4,7,12,14,1,13,5,8,15,3,6,16,10,13,6$2.0
70$2,4,7,12,14,1,14,5,8,15,3,6,16,10,13,6$2.0
71$2,4,7,12,14,1,13,5,8,15,3,6,16,10,13,6$2.0
72$2,4,7,12,14,1,14,5,8,15,3,6,16,10,13,6$2.0
73$2,4,7,12,15,1,14,5,8,15,3,6,16,10,13,6$2.0
74$2,4,7,12,15,1,14,5,8,15,3,6,16,10,13,6$2.0
75$2,4,7,12,15,1,14,5,8,15,3,6,16,10,13,6$2.0
76$2,4,7,12,14,1,14,5,8,15,3,6,16,10,13,6$2.0
77$11,4,7,12,14,1,13,5,8,15,3,3,16,10,13,6$2.0
78$2,4,7,12,14,1,14,5,8,15,3,3,16,10,13,6$2.0
79$2,4,7,12,14,1,13,5,8,15,3,6,16,10,13,6$2.0
80$2,4,7,12,14,1,14,5,8,15,3,3,16,10,13,6$2.0
81$2,4,7,12,14,1,13,5,8,15,3,3,16,10,13,6$2.0
82$2,4,7,12,14,1,14,5,8,15,3,3,16,10,13,6$2.0
83$2,4,7,12,14,1,14,5,8,15,3,3,16,10,13,6$2.0
84$2,4,7,12,14,1,14,5,8,15,3,3,16,10,13,6$2.0
85$2,4,7,12,15,1,14,5,8,15,3,3,16,10,13,6$2.0
86$2,4,7,12,14,1,14,5,8,15,3,3,16,10,13,6$2.0
87$2,4,7,12,14,1,13,5,8,15,3,3,16,10,13,6$2.0
88$2,4,7,12,14,1,14,5,8,15,3,3,16,10,13,6$2.0
89$2,4,7,12,14,1,13,5,8,15,3,3,16,10,13,6$2.0
90$2,4,7,12,14,1,1,5,8,15,3,3,16,10,13,6$2.0
91$2,4,7,12,14,1,14,5,8,15,3,3,16,10,13,6$2.0
92$2,4,7,12,14,1,13,5,8,15,3,3,16,10,13,6$2.0
93$2,4,7,12,14,1,13,5,8,15,3,3,16,10,13,6$2.0
94$2,4,7,12,14,1,14,5,8,15,3,3,16,10,13,6$2.0
95$2,4,7,12,14,1,13,5,8,15,3,3,16,10,13,6$2.0
96$2,4,7,12,14,1,13,5,8,15,3,3,16,10,13,6$2.0
97$11,4,7,12,14,1,1,5,9,15,3,3,16,10,13,6$2.0
98$11,4,7,12,14,1,1,5,8,15,3,3,16,10,13,6$2.0
99$11,4,7,12,14,1,14,5,8,15,3,3,16,10,13,6$2.0
100$2,4,7,12,14,1,1,5,9,15,3,3,16,10,13,6$2.0
101$11,4,7,12,14,1,13,5,8,15,3,3,16,10,13,6$2.0
102$11,4,7,12,14,1,13,5,8,15,3,3,16,10,13,6$2.0
103$11,4,7,12,14,1,1,5,8,15,3,3,16,10,13,6$2.0
104$11,4,7,12,14,1,14,5,8,15,3,3,16,10,13,6$2.0
105$2,4,7,12,14,1,13,5,8,15,3,3,16,10,13,6$2.0
106$2,4,7,12,14,1,13,5,8,15,3,3,16,10,13,6$2.0
107$2,4,7,12,14,1,13,5,8,15,3,6,16,10,13,6$2.0
108$2,4,7,12,14,1,13,5,8,15,3,6,16,10,13,6$2.0
109$2,4,7,12,14,1,14,5,8,15,3,3,16,10,13,6$2.0
110$2,4,7,12,14,1,13,5,8,15,3,6,16,10,13,6$2.0
111$2,4,7,12,14,1,13,5,8,15,3,6,16,10,13,6$2.0
112$2,4,7,12,14,1,14,5,8,15,3,6,16,10,13,6$2.0
113$2,4,7,12,14,1,14,5,8,15,3,3,16,10,13,6$2.0
114$2,4,7,12,14,1,14,5,8,15,3,3,16,10,13,6$2.0
115$2,4,7,12,14,1,14,5,8,15,3,3,16,10,13,6$2.0
116$2,4,7,12,14,1,1,5,8,15,3,3,16,10,13,6$2.0
117$2,4,7,12,14,1,14,5,8,15,3,6,16,10,13,7$2.0
118$2,4,7,12,14,1,14,5,8,15,3,3,16,10,13,6$2.0
119$2,4,7,12,14,1,14,5,8,15,3,3,16,10,13,6$2.0
120$2,4,7,12,14,1,14,5,8,15,3,6,16,10,13,6$2.0
121$11,4,7,12,14,1,1,5,8,15,3,3,16,10,13,2$2.0
122$2,4,7,12,14,1,14,5,8,15,3,3,16,10,13,6$2.0
123$11,4,7,12,14,1,14,5,8,15,3,6,16,10,13,7$2.0
124$2,4,7,12,14,1,14,5,8,15,3,6,16,10,13,6$2.0
125$2,4,7,12,14,1,14,5,9,15,3,3,16,10,13,6$2.0
126$2,4,7,12,15,1,14,5,9,15,3,3,16,10,13,6$2.0
127$2,4,7,12,14,1,14,5,9,15,3,3,16,10,8,6$2.0
128$2,4,7,12,15,1,14,5,9,15,3,3,16,10,13,6$2.0
129$2,4,7,12,14,1,14,5,8,15,3,3,16,10,13,6$2.0
130$2,4,7,12,14,1,14,5,8,15,3,3,16,10,13,6$2.0
131$2,4,7,12,15,1,14,5,9,15,3,3,16,10,13,6$2.0
132$11,4,7,12,14,1,14,5,8,15,3,6,16,10,13,16$2.0
133$11,4,7,12,14,1,14,5,8,15,3,6,16,10,13,6$2.0
134$2,4,7,12,14,1,14,5,8,15,3,6,16,10,13,16$2.0
135$2,4,7,12,14,1,14,5,8,15,3,3,16,10,13,6$2.0
136$2,4,7,12,14,1,14,5,8,15,3,6,16,10,13,6$2.0
137$11,4,7,12,14,1,13,5,8,15,3,6,16,10,13,6$2.0
138$2,4,7,12,14,1,14,5,8,15,3,6,16,10,13,6$2.0
139$2,4,9,12,14,1,14,5,8,15,3,6,16,10,13,6$2.0
140$2,4,9,12,14,1,14,5,8,15,3,6,16,10,13,6$2.0
141$2,4,9,12,14,1,14,5,8,15,3,6,16,10,13,6$2.0
142$2,4,9,12,14,1,14,5,8,15,3,6,16,10,13,6$2.0
143$2,4,7,12,14,1,14,5,8,15,3,6,16,10,13,6$2.0
144$2,4,9,12,14,1,14,5,8,15,3,6,16,10,13,6$2.0
145$2,4,7,12,14,1,13,5,8,15,3,6,16,10,13,6$2.0
146$2,4,7,12,14,1,13,5,8,15,3,6,16,10,13,6$2.0
147$2,4,9,12,14,1,14,5,8,15,3,6,16,10,13,6$2.0
148$2,4,9,12,14,1,14,5,8,15,3,6,16,10,13,6$2.0
149$2,4,9,12,14,1,14,5,8,15,3,6,16,10,13,6$2.0
150$2,4,9,12,14,1,14,5,8,15,3,6,16,10,13,6$2.0
151$2,4,7,12,14,1,14,5,8,15,3,3,16,10,13,6$2.0
152$2,4,9,12,14,1,14,5,8,15,3,6,16,10,13,6$2.0
153$2,4,7,12,14,1,13,5,8,15,3,6,16,10,13,6$2.0
154$2,4,7,12,14,1,13,5,8,15,3,6,16,10,13,6$2.0
155$2,4,7,12,14,1,14,5,8,15,3,6,16,10,13,6$2.0
156$2,4,9,12,14,1,14,5,8,15,3,6,16,10,13,7$1.0
156$2,4,9,12,14,1,14,5,8,15,3,6,16,10,13,7$1.0
157$2,4,7,12,14,1,13,5,8,15,3,6,16,10,13,6$2.0
158$2,4,7,12,14,1,13,5,8,15,3,6,16,10,13,6$2.0
159$2,4,7,12,14,1,13,5,8,15,3,6,16,10,13,6$2.0
160$2,4,7,12,15,1,14,5,8,15,3,6,16,10,13,6$2.0
161$2,4,7,12,14,1,13,5,8,15,3,6,16,10,13,6$2.0
162$2,4,9,12,14,1,14,5,8,15,3,6,16,10,13,6$2.0
163$2,4,7,12,14,1,13,5,8,15,3,3,16,10,13,6$2.0
164$2,4,7,12,14,1,13,5,8,15,3,6,16,10,13,6$2.0
165$2,4,7,12,14,1,13,5,8,15,3,6,16,10,13,6$2.0
166$2,4,7,12,14,1,13,5,8,15,3,6,16,10,13,7$2.0
167$2,4,7,12,14,1,13,5,8,15,3,6,16,10,13,5$2.0
168$2,4,7,12,14,1,13,5,8,15,3,6,16,10,13,5$2.0
169$2,4,7,12,14,1,13,5,8,15,3,6,16,10,13,5$2.0
170$2,4,7,12,14,1,13,5,8,15,3,6,16,10,13,7$2.0
171$2,4,7,12,14,1,13,5,8,15,3,3,16,10,13,6$2.0
172$2,4,7,12,14,1,13,5,8,15,3,3,16,10,13,6$2.0
173$2,4,7,12,14,1,13,5,8,15,3,6,16,10,13,6$2.0
174$2,4,7,12,14,1,13,5,9,15,3,5,16,10,13,6$2.0
175$2,4,7,12,14,1,13,5,8,15,3,6,16,10,13,6$2.0
176$2,4,7,12,14,1,13,5,8,15,3,6,16,10,13,7$2.0
177$2,4,7,12,14,1,13,5,8,15,3,6,16,10,8,14$2.0
178$2,4,7,12,14,1,13,5,8,15,3,3,16,10,13,6$2.0
179$2,4,7,12,14,1,13,5,8,15,3,6,16,10,13,6$2.0
180$11,4,7,12,14,1,13,5,8,15,3,6,16,10,13,6$2.0
181$2,4,7,12,14,1,13,5,8,15,3,6,16,10,13,6$2.0
182$2,4,7,12,14,1,13,5,8,15,3,6,16,10,13,6$2.0
183$2,4,7,12,14,1,13,5,8,15,3,3,16,10,13,6$2.0
184$2,4,7,12,14,1,13,5,8,15,3,6,16,10,13,6$2.0
185$2,4,7,12,14,1,13,5,8,15,3,6,16,10,13,6$2.0
186$2,4,7,12,14,1,13,5,9,15,3,5,16,10,13,6$2.0
187$2,4,7,12,14,1,13,5,8,15,3,6,16,10,13,6$2.0
188$2,4,7,12,14,1,13,5,8,15,3,6,16,10,13,6$2.0
189$2,4,7,12,14,1,13,5,8,15,3,6,16,10,13,6$2.0
190$2,4,7,12,14,1,13,5,8,15,3,6,16,10,13,6$2.0
191$2,4,7,11,14,1,13,5,8,15,3,6,16,10,13,6$2.0
192$2,4,7,12,14,1,13,5,8,15,3,6,16,10,13,6$2.0
193$2,4,7,12,14,1,13,5,8,15,3,3,16,10,13,6$2.0
194$2,4,7,12,14,1,13,5,8,15,3,6,16,10,13,6$2.0
195$2,4,7,12,14,1,13,5,8,15,3,6,16,10,15,6$2.0
196$2,4,7,12,14,1,13,5,8,15,3,6,16,10,13,6$2.0
197$2,4,7,12,14,1,13,5,8,15,3,6,16,10,13,6$2.0
198$2,4,7,12,14,1,13,5,8,15,3,6,16,10,13,6$2.0
199$2,4,7,12,14,1,13,5,8,15,3,6,16,10,13,6$2.0
200$2,4,7,12,14,1,13,5,8,15,3,6,16,10,13,6$2.0
201$2,4,7,12,14,1,13,5,8,15,3,6,16,10,13,6$2.0
202$2,4,7,12,14,1,13,5,8,15,3,6,16,10,13,5$2.0
203$11,4,7,12,14,1,13,5,8,15,3,6,16,10,13,16$2.0
204$2,4,7,12,14,1,13,5,8,15,3,6,16,10,13,6$2.0
205$2,4,7,12,14,1,13,5,8,15,3,6,16,10,13,6$2.0
206$2,4,7,12,14,1,13,5,8,15,3,6,16,10,13,6$2.0
207$2,4,7,12,14,1,13,5,8,15,3,6,16,10,8,6$2.0
208$2,4,7,12,14,1,13,5,8,15,3,6,16,10,13,6$2.0
209$2,4,7,12,14,1,13,5,8,15,3,6,16,10,15,6$2.0
210$2,4,7,12,14,1,13,5,8,15,3,6,16,10,13,6$2.0
211$2,4,7,12,14,1,13,5,8,15,3,6,16,10,15,6$2.0
212$2,4,7,12,14,1,13,5,8,15,3,6,16,10,15,6$2.0
213$2,4,7,12,14,1,13,5,8,15,3,6,16,10,15,6$2.0
214$2,4,7,11,14,1,13,5,8,15,3,6,16,10,8,6$2.0
215$2,4,7,11,14,1,13,5,8,15,3,6,16,10,13,16$2.0
216$2,4,7,12,14,1,13,5,8,15,3,6,16,10,13,5$2.0
217$2,4,7,12,14,1,13,5,8,15,3,6,16,10,13,5$2.0
218$2,4,7,11,14,1,13,5,8,15,3,6,16,10,13,5$2.0
219$2,9,7,12,14,1,13,5,8,15,3,6,16,10,8,6$2.0
220$2,4,7,12,14,1,13,5,8,15,3,6,16,10,8,6$2.0
221$2,4,7,12,14,1,13,5,8,15,3,6,16,10,13,6$2.0
222$2,9,7,12,14,1,13,5,8,15,3,6,16,10,8,6$2.0
223$2,4,7,12,14,1,13,5,8,15,3,6,16,10,13,5$2.0
224$2,4,7,12,14,1,13,5,8,15,3,6,16,10,13,6$2.0
225$2,4,7,12,14,1,13,5,8,15,3,6,16,10,13,6$2.0
226$2,4,7,12,14,1,13,5,8,15,3,6,16,10,13,6$2.0
227$2,9,7,12,14,1,13,5,8,15,3,6,16,10,13,5$2.0
228$2,4,7,12,14,1,13,5,8,15,3,6,16,10,13,16$2.0
229$2,4,7,12,14,1,13,5,8,15,3,6,16,10,13,5$2.0
230$2,4,7,12,14,1,13,5,8,15,3,6,16,10,13,5$2.0
231$2,4,7,11,14,1,13,5,8,15,3,6,16,10,13,5$2.0
232$2,4,7,12,14,1,13,5,8,15,3,6,16,10,13,6$2.0
233$2,4,7,11,14,1,13,5,8,15,3,6,16,10,13,16$2.0
234$2,9,7,12,14,1,13,5,8,15,3,6,16,10,13,6$2.0
235$11,9,7,12,14,1,13,5,8,15,3,6,16,10,13,6$2.0
236$2,4,7,12,14,1,13,5,8,15,3,6,16,10,13,16$2.0
237$2,4,7,12,14,1,13,5,8,15,3,6,16,10,8,6$2.0
238$2,9,7,12,14,1,13,5,8,15,4,6,16,10,13,5$2.0
239$11,9,7,12,14,1,13,5,8,15,3,6,16,10,13,6$2.0
240$11,9,7,12,14,1,13,5,8,15,3,6,16,10,13,5$2.0
241$2,4,7,12,14,1,13,5,8,15,11,6,16,10,13,5$2.0
242$2,4,7,12,14,1,13,5,8,15,3,6,16,10,13,6$2.0
243$2,9,7,12,14,1,13,5,8,15,3,6,16,10,8,16$2.0
244$2,4,7,12,14,1,13,5,8,15,3,6,16,10,13,6$2.0
245$11,4,7,12,14,1,13,5,8,15,3,6,16,10,13,6$2.0
246$2,4,7,12,14,1,13,5,8,15,3,6,16,10,13,16$2.0
247$2,4,7,12,14,1,13,5,8,15,3,6,16,10,13,5$2.0
248$11,4,7,12,14,1,13,15,8,15,3,6,16,10,13,5$2.0
249$2,4,7,12,14,1,13,5,8,15,3,6,16,10,8,16$2.0
250$11,4,7,12,14,1,13,5,8,15,3,6,16,10,13,5$2.0
251$11,4,7,12,14,1,13,5,8,15,3,6,16,10,8,16$2.0
252$2,4,7,12,14,1,13,5,8,15,3,6,16,10,13,7$2.0
253$11,4,7,12,14,1,13,5,8,15,3,6,16,10,8,16$2.0
254$11,4,7,12,14,1,13,5,8,15,3,6,16,10,13,6$2.0
255$11,4,7,12,14,1,13,5,8,15,3,6,16,10,8,16$2.0
256$11,4,7,12,14,1,13,5,8,15,3,6,16,10,13,16$2.0
257$11,4,7,12,14,1,13,5,8,15,3,6,16,10,8,16$2.0
258$11,4,7,12,14,1,13,5,8,15,3,6,16,10,13,6$2.0
259$11,4,7,12,14,1,13,5,8,15,3,6,16,10,13,6$2.0
260$11,9,7,12,14,1,13,5,8,15,3,6,16,10,13,16$2.0
261$2,4,7,12,14,1,13,5,8,15,3,6,16,10,8,16$2.0
262$2,4,7,12,14,1,13,5,8,15,3,6,16,10,13,6$2.0
263$2,4,7,12,14,1,13,5,8,15,3,6,16,10,13,6$2.0
264$11,4,7,12,14,1,13,5,8,15,3,6,16,10,13,5$2.0
265$11,4,7,12,14,1,13,5,8,15,3,6,16,10,8,16$2.0
266$11,4,7,12,14,1,13,5,8,15,3,6,16,10,13,6$2.0
267$11,4,7,12,14,1,13,5,8,15,3,6,16,10,8,16$2.0
268$11,4,7,12,14,1,13,5,8,15,3,6,16,10,6,16$2.0
269$11,4,7,12,14,1,13,5,8,15,3,6,16,10,13,5$2.0
270$11,9,7,12,14,1,13,5,8,15,3,6,16,10,13,6$2.0
271$11,4,7,12,14,1,13,5,8,15,3,6,16,10,8,16$2.0
272$11,4,7,12,14,1,13,5,8,15,3,6,16,10,13,16$2.0
273$11,4,7,12,14,1,13,5,8,15,3,6,16,10,13,16$2.0
274$11,4,7,12,14,1,13,5,8,15,3,6,16,10,8,16$2.0
275$11,4,7,12,14,1,13,5,8,15,3,6,16,10,13,16$2.0
276$11,4,7,12,14,1,13,5,8,15,3,6,14,10,8,16$2.0
277$11,4,7,12,14,1,13,5,8,15,3,6,16,10,8,16$2.0
278$2,4,7,12,14,1,13,5,8,15,3,6,16,10,8,5$2.0
279$11,4,7,12,14,1,13,5,8,15,3,6,16,10,8,5$2.0
280$11,4,7,12,14,1,13,5,8,15,3,6,16,10,8,16$2.0
281$11,4,7,12,14,1,13,5,8,15,3,6,16,10,13,16$2.0
282$11,4,7,12,14,1,13,5,8,15,3,6,16,10,13,16$2.0
283$11,4,7,12,14,1,13,5,8,15,3,6,16,10,8,16$2.0
284$11,4,7,12,14,1,13,5,8,15,3,6,16,10,8,5$2.0
285$11,4,7,12,14,1,13,5,8,15,3,6,16,10,13,16$2.0
286$11,4,7,12,14,1,13,5,8,15,3,6,2,10,13,16$1.0
287$11,4,7,12,14,1,13,5,8,15,3,6,16,10,13,16$2.0
288$2,4,7,12,14,1,13,5,8,15,3,6,16,10,8,16$2.0
289$11,4,7,12,14,1,13,5,8,15,3,6,16,10,13,16$2.0
290$11,4,7,12,14,1,13,5,8,15,3,6,16,10,13,16$2.0
291$11,4,7,12,14,1,13,5,8,15,3,6,16,10,8,16$2.0
292$11,4,7,12,14,1,13,5,8,15,3,6,16,10,8,5$2.0
293$11,4,7,12,14,1,13,5,8,15,3,6,16,10,8,5$2.0
294$11,9,7,12,14,1,13,5,8,15,3,6,16,10,8,5$2.0
295$11,4,7,12,14,1,13,5,8,15,3,6,16,10,8,5$2.0
296$11,4,7,12,14,1,13,5,8,15,3,6,16,10,8,5$2.0
297$11,4,7,12,14,1,13,5,8,15,3,6,16,10,8,16$2.0
298$11,9,7,12,14,1,13,5,8,15,3,6,16,10,8,5$2.0
299$11,4,7,12,14,1,13,5,8,15,3,6,16,10,8,16$2.0
300$11,4,7,12,14,1,13,5,8,15,3,6,16,10,8,5$2.0
301$11,4,7,12,14,1,13,5,8,15,3,6,16,10,8,5$2.0
302$11,9,7,12,14,1,13,5,8,15,3,6,16,10,8,5$2.0
303$11,4,7,12,14,1,13,5,8,15,3,6,16,10,8,5$2.0
304$11,4,7,12,14,1,13,5,8,15,3,6,16,10,8,5$2.0
305$11,9,7,12,14,1,13,5,8,15,3,6,16,10,16,5$2.0
306$11,4,7,12,14,1,13,5,8,15,3,6,16,10,6,16$2.0
307$11,4,7,12,14,1,13,5,8,15,3,6,16,10,8,5$2.0
308$11,9,7,12,14,1,13,5,8,15,3,6,16,10,8,5$2.0
309$11,4,7,12,14,1,13,5,8,15,3,6,16,10,8,5$2.0
310$2,9,7,12,14,1,13,5,8,15,3,6,16,10,8,5$2.0
311$11,9,7,12,14,1,13,5,8,15,3,6,16,10,8,6$2.0
312$11,4,7,12,14,1,13,5,8,15,3,6,16,10,16,5$2.0
313$11,4,7,12,14,1,13,5,8,15,3,6,16,10,16,5$2.0
314$11,9,7,12,14,1,13,5,8,15,3,6,16,10,8,5$2.0
315$11,4,7,12,14,1,13,5,8,15,3,6,16,10,8,5$2.0
316$11,4,7,12,14,1,13,5,8,15,3,6,16,10,8,5$2.0
317$11,4,7,12,14,1,13,5,8,15,3,6,16,10,8,5$2.0
318$11,4,7,12,14,1,13,5,8,15,3,6,16,10,8,5$2.0
319$11,4,7,12,14,1,13,5,8,15,3,6,16,10,8,6$2.0
320$11,4,7,12,14,1,13,5,8,15,3,6,16,10,8,5$2.0
321$11,4,7,12,14,1,13,1,8,15,3,6,16,10,13,5$2.0
322$11,4,7,12,14,1,13,5,8,15,3,6,16,10,8,5$2.0
323$11,4,7,12,14,1,13,5,8,15,3,6,16,10,13,5$2.0
324$11,4,7,12,14,1,13,15,8,15,3,6,16,10,13,5$2.0
325$11,4,7,12,14,1,13,5,8,15,3,6,16,10,13,5$2.0
326$11,4,7,12,14,1,13,5,8,15,3,6,16,10,8,5$2.0
327$11,4,7,12,14,1,13,5,8,15,3,6,16,10,13,5$2.0
328$11,4,7,12,14,1,13,5,8,15,3,3,16,10,13,6$2.0
329$11,4,7,12,14,1,13,5,8,15,3,6,16,10,8,5$2.0
330$11,4,7,12,14,1,13,5,8,15,3,3,16,10,13,6$2.0
331$11,4,7,12,14,1,13,5,8,15,3,6,16,10,8,5$2.0
332$11,4,7,12,14,1,13,5,8,15,3,3,16,10,13,6$2.0
333$11,4,7,12,14,1,13,5,2,15,3,6,16,10,16,5$2.0
334$11,9,7,12,14,1,13,5,8,15,3,6,16,10,8,5$2.0
335$11,4,7,12,14,1,13,5,8,15,3,6,16,10,8,5$2.0
336$11,4,7,12,14,1,13,5,8,15,3,6,16,10,13,6$2.0
337$11,2,7,12,14,1,13,5,8,15,3,6,16,10,8,5$2.0
338$11,4,7,12,14,1,13,5,8,15,3,6,16,10,8,5$2.0
339$2,9,7,12,14,1,13,5,8,15,11,6,16,10,8,5$2.0
340$2,4,7,12,14,1,13,5,8,15,3,6,16,10,8,14$2.0
341$11,4,7,12,14,1,13,5,8,15,3,6,16,10,8,14$2.0
342$11,4,7,12,14,1,13,5,8,15,3,6,16,10,13,5$2.0
343$11,4,7,12,14,1,13,5,8,15,3,6,16,10,8,5$2.0
344$2,9,7,12,14,1,13,5,8,15,3,6,16,10,13,5$2.0
345$11,4,7,12,14,1,13,5,8,15,3,6,16,10,13,6$2.0
346$11,4,7,12,14,1,13,5,8,15,3,6,16,10,8,5$2.0
347$11,4,7,12,14,1,13,5,8,15,3,6,16,10,13,5$2.0
348$11,4,7,12,14,1,13,5,8,15,3,6,16,10,8,5$2.0
349$11,4,7,12,14,1,13,5,8,15,3,6,16,10,16,5$2.0
350$11,4,7,12,14,1,13,5,8,15,3,6,16,10,16,5$2.0
351$11,4,7,12,14,1,13,5,8,15,3,6,16,10,8,5$2.0
352$11,4,7,12,14,1,13,5,8,15,3,6,16,10,8,5$2.0
353$11,4,7,12,14,1,13,5,8,15,3,6,16,10,15,5$2.0
354$11,4,7,12,14,1,13,5,8,15,3,6,16,10,15,5$2.0
355$11,4,7,12,14,1,13,5,8,15,3,6,16,10,15,5$2.0
356$11,4,7,12,14,1,13,5,8,15,3,6,16,10,15,5$2.0
357$11,4,7,12,14,1,13,5,8,15,3,6,16,10,8,5$2.0
358$11,4,7,12,14,1,13,5,8,15,3,6,16,10,15,5$2.0
359$11,4,7,12,14,1,13,5,8,15,3,6,16,10,8,5$2.0
360$11,4,7,12,14,1,13,5,8,15,3,6,16,10,15,5$2.0
361$11,4,7,12,14,1,13,5,8,15,3,6,16,10,15,5$2.0
362$11,4,7,12,14,1,13,5,8,15,3,6,16,10,15,5$2.0
363$11,4,7,12,14,1,13,5,8,15,3,6,16,10,15,5$2.0
364$11,4,7,12,14,1,13,5,8,15,3,6,16,10,15,5$2.0
365$11,4,7,12,14,1,13,5,8,15,3,6,16,10,15,5$2.0
366$11,4,7,12,14,1,13,5,8,15,3,6,16,10,15,5$2.0
367$11,4,7,12,14,1,13,5,8,15,3,6,16,10,15,5$2.0
368$11,4,7,12,14,1,13,5,8,15,3,6,16,10,15,5$2.0
369$11,4,7,12,14,1,13,5,8,15,3,6,16,10,15,5$2.0
370$11,4,7,12,14,1,13,5,8,15,3,6,16,10,16,5$2.0
371$11,4,7,12,14,1,13,5,8,15,3,6,16,10,15,5$2.0
372$11,4,7,12,14,1,13,5,8,15,3,6,16,10,16,5$2.0
373$11,4,7,12,14,1,13,5,8,15,3,6,16,10,16,5$2.0
374$11,4,7,12,14,1,13,5,8,15,3,6,16,10,16,5$2.0
375$11,4,7,12,14,1,13,5,8,15,3,6,16,10,16,5$2.0
376$11,4,7,12,14,1,13,5,8,15,3,6,16,10,16,5$2.0
377$11,4,7,12,14,1,13,5,8,15,3,6,16,10,16,5$2.0
378$11,4,7,12,14,1,13,5,8,15,3,6,16,10,15,5$2.0
379$11,4,7,12,14,1,13,5,8,15,3,6,16,10,16,5$2.0
380$11,4,7,12,14,1,13,5,8,15,3,6,16,10,16,5$2.0
381$11,4,7,12,14,1,13,5,8,15,3,6,16,10,16,5$2.0
382$11,4,7,12,14,1,13,5,8,15,3,6,16,10,16,5$2.0
383$11,4,7,12,14,1,13,5,8,15,3,6,16,10,15,5$2.0
384$11,2,7,12,14,1,13,5,8,15,3,6,16,10,16,5$2.0
385$11,4,7,12,14,1,13,5,8,15,3,6,16,10,16,5$2.0
386$11,4,7,12,14,1,13,5,8,15,3,6,16,10,16,5$2.0
387$11,4,7,12,14,1,13,5,8,15,3,6,16,10,15,5$2.0
388$11,4,7,12,14,1,13,5,8,15,3,6,13,10,16,5$2.0
389$11,4,7,12,14,1,13,5,8,15,3,6,16,10,16,5$2.0
390$11,4,7,12,14,1,13,5,8,15,3,6,16,10,16,5$2.0
391$11,4,7,12,14,1,13,5,8,15,3,6,16,10,15,5$2.0
392$11,4,7,12,14,1,13,1,8,15,3,6,13,10,16,5$2.0
393$11,4,7,12,14,1,13,5,8,15,3,6,16,10,15,5$2.0
394$11,4,7,12,14,1,13,5,8,15,3,6,16,10,15,5$2.0
395$11,2,7,12,14,1,13,5,8,15,3,6,16,10,16,5$2.0
396$11,4,7,12,14,1,13,5,8,15,3,6,16,10,16,6$2.0
397$11,2,7,12,14,1,13,5,8,15,3,6,16,10,16,5$2.0
398$11,4,7,12,14,1,13,5,8,15,3,6,13,10,16,5$2.0
399$11,4,7,12,14,1,13,5,8,15,3,6,16,10,16,5$2.0
400$11,4,7,12,14,1,13,5,8,15,3,6,16,10,16,5$2.0
401$11,4,7,12,14,1,13,5,8,1,3,6,16,10,15,5$2.0
402$11,4,7,12,14,1,13,5,8,15,3,6,16,10,15,5$2.0
403$11,4,7,12,14,1,13,5,8,15,3,6,16,10,8,5$2.0
404$11,4,7,12,14,1,13,5,8,15,3,6,16,10,15,5$2.0
405$11,4,7,12,14,1,13,5,8,1,3,6,16,10,15,5$2.0
406$11,4,7,12,14,1,13,5,8,15,3,6,16,10,15,5$2.0
407$11,4,7,12,14,1,13,5,8,15,3,6,16,10,15,5$2.0
408$11,4,7,12,14,1,13,5,8,15,3,6,16,10,15,7$2.0
409$11,4,7,12,14,1,13,5,8,15,3,6,16,10,15,5$2.0
410$11,4,7,12,14,1,13,5,8,15,3,6,16,10,15,5$2.0
411$11,4,7,12,14,1,13,1,8,15,3,6,16,10,13,5$2.0
412$11,4,7,12,14,1,13,5,8,15,3,6,13,10,16,6$2.0
413$11,4,7,12,14,1,13,5,8,15,3,6,9,14,16,5$2.0
414$11,4,7,12,14,1,13,1,8,15,3,6,16,10,15,5$2.0
415$11,4,7,12,14,1,13,5,8,15,3,6,16,10,16,5$2.0
416$11,4,7,12,14,1,13,1,8,15,3,6,16,10,16,5$2.0
417$11,4,7,12,14,1,13,5,8,15,3,6,16,10,16,5$2.0
418$11,4,7,12,14,1,13,5,8,15,3,6,16,10,16,5$2.0
419$11,4,7,12,14,1,13,15,8,15,2,6,16,10,16,5$2.0
420$11,4,7,12,14,1,13,5,8,15,3,6,16,10,16,5$2.0
421$11,2,7,12,14,1,13,1,8,15,3,6,16,10,16,5$2.0
422$11,4,7,12,14,1,13,5,8,15,3,6,16,10,15,5$2.0
423$11,4,7,12,14,1,13,5,8,15,3,6,16,10,16,5$2.0
424$11,4,7,12,14,1,13,5,8,15,3,6,16,10,16,5$2.0
425$11,2,7,12,14,1,13,5,8,15,3,6,16,10,16,5$2.0
426$11,4,7,12,14,1,13,5,8,15,3,6,16,10,15,5$2.0
427$11,4,7,12,14,1,13,5,8,11,3,6,16,10,15,7$2.0
428$2,4,7,12,14,1,13,5,8,15,3,6,16,10,15,5$2.0
429$11,4,7,12,14,1,13,1,8,15,3,6,16,10,12,5$2.0
430$11,4,7,12,14,1,13,5,8,15,3,6,9,1,16,5$2.0
431$11,4,7,12,14,1,13,5,8,1,3,6,16,10,15,5$2.0
432$11,9,7,12,14,1,13,1,8,15,3,6,16,10,15,5$2.0
433$11,4,7,12,14,1,13,5,8,15,3,6,16,10,15,7$2.0
434$11,4,7,12,14,1,13,5,8,15,3,6,16,10,15,5$2.0
435$11,4,7,12,14,1,13,5,8,15,3,6,16,10,15,5$2.0
436$11,4,7,12,14,1,13,5,8,15,3,6,16,10,15,7$2.0
437$11,9,7,12,14,1,13,5,8,15,3,6,16,10,15,7$2.0
438$11,9,7,12,14,1,13,5,8,15,4,6,16,10,15,5$2.0
439$11,4,7,12,14,1,13,5,8,15,3,6,16,10,15,7$2.0
440$11,4,7,12,14,1,13,5,8,15,3,6,16,10,15,5$2.0
441$11,9,7,12,14,1,13,5,8,15,3,6,16,10,15,7$2.0
442$11,4,7,12,14,1,13,5,8,15,3,6,16,10,15,7$2.0
443$11,4,7,12,14,1,13,5,8,15,3,6,16,10,15,7$2.0
444$11,9,7,12,14,1,13,5,8,15,3,6,16,10,15,5$2.0
445$11,4,7,12,14,1,13,5,2,15,3,6,16,10,15,7$2.0
446$11,4,7,12,14,1,13,5,8,11,3,6,16,10,15,7$2.0
447$11,9,7,12,14,1,13,5,8,15,3,6,16,10,15,7$2.0
448$11,4,7,12,14,1,13,5,8,11,3,6,16,10,15,7$2.0
449$11,4,7,12,14,1,13,5,2,15,3,6,16,10,15,5$2.0
450$11,9,7,12,14,1,13,5,8,8,4,2,16,10,15,5$2.0
451$11,9,7,12,14,1,13,5,8,15,3,6,16,10,15,5$2.0
452$11,4,7,12,14,1,13,5,8,15,3,6,16,10,15,5$2.0
453$11,4,7,12,14,1,13,5,2,15,3,6,16,10,15,5$2.0
454$11,4,7,12,14,1,13,5,8,15,3,6,16,10,15,5$2.0
455$11,4,7,12,14,1,13,5,2,15,3,6,16,10,15,5$2.0
456$11,4,7,12,14,1,13,5,8,15,3,6,16,10,15,7$2.0
457$11,4,7,12,14,1,13,5,8,15,3,6,16,10,15,5$2.0
458$11,4,7,12,14,1,13,5,2,15,3,6,16,10,15,7$2.0
459$11,4,7,12,14,2,13,5,8,15,3,6,16,9,15,5$2.0
460$11,9,7,12,14,1,13,5,8,15,3,6,16,10,15,6$2.0
461$11,4,1,12,14,1,13,5,8,15,3,6,16,10,15,7$2.0
462$11,4,7,12,14,1,13,5,8,15,3,6,16,10,15,7$2.0
463$11,4,7,12,14,1,13,5,8,15,3,6,16,10,15,7$2.0
464$11,4,7,12,14,1,13,5,2,15,3,6,16,10,15,7$2.0
465$11,9,7,12,14,1,13,5,8,15,3,6,16,10,15,6$2.0
466$11,4,7,12,14,1,13,5,8,15,3,6,16,10,15,6$2.0
467$11,4,14,12,14,1,13,5,2,15,3,6,16,10,15,7$2.0
468$11,4,7,12,14,1,13,5,2,15,3,6,16,10,15,6$2.0
469$11,9,7,12,14,1,13,5,8,15,3,6,16,10,15,7$2.0
470$11,4,14,12,14,1,13,5,2,15,3,6,16,10,15,7$2.0
471$11,4,7,12,14,1,13,5,8,15,3,6,16,10,15,6$2.0
472$11,9,7,12,14,1,13,5,8,15,3,6,16,10,15,7$2.0
473$11,9,7,2,14,1,13,5,8,15,3,6,16,10,15,7$2.0
474$11,9,7,12,14,1,13,5,8,15,3,6,16,10,15,7$2.0
475$11,9,7,12,14,1,13,5,8,15,3,6,16,10,15,7$2.0
476$11,9,7,12,14,1,13,5,8,15,3,6,16,10,15,7$2.0
477$11,4,7,12,14,1,13,5,2,15,3,6,16,10,15,7$2.0
478$11,9,7,12,14,1,13,5,8,15,3,6,16,10,15,7$2.0
479$11,9,7,12,14,1,13,5,8,15,3,6,16,10,15,7$2.0
480$11,9,7,12,14,1,13,5,8,12,3,6,16,10,15,7$2.0
481$11,4,7,12,14,1,13,5,8,15,3,6,16,10,15,7$2.0
482$11,9,7,12,14,1,13,5,8,15,3,6,16,10,15,7$2.0
483$11,9,7,12,14,1,13,5,8,15,3,6,16,10,15,7$2.0
484$11,4,7,12,14,1,13,5,2,15,3,6,16,10,13,6$2.0
485$11,9,7,12,14,1,13,5,8,15,3,6,16,10,15,7$2.0
486$11,9,7,12,14,1,13,5,8,15,3,6,16,10,15,7$2.0
487$11,4,7,12,14,1,13,5,8,15,3,6,16,10,15,7$2.0
488$11,4,7,12,14,1,13,5,8,15,3,6,16,10,13,6$2.0
489$11,9,7,12,14,1,13,5,8,15,3,6,16,10,15,7$2.0
490$11,4,7,12,14,1,13,5,8,15,3,6,16,10,15,7$2.0
491$11,9,7,12,14,1,13,5,8,15,3,3,16,10,13,6$2.0
492$11,4,7,12,14,1,13,5,8,15,3,6,16,10,15,7$2.0
493$2,4,7,12,14,1,13,5,8,15,3,6,16,10,15,7$2.0
494$2,9,7,12,14,1,13,5,8,15,3,6,16,10,15,7$2.0
495$11,9,7,12,14,1,13,5,8,15,3,6,16,10,15,7$2.0
496$2,9,7,12,14,1,13,5,8,15,3,6,16,10,15,7$2.0
497$11,4,7,12,14,1,13,5,8,15,3,6,16,10,15,7$2.0
498$11,4,7,12,14,1,13,5,8,15,3,6,16,10,15,7$2.0
499$11,4,7,12,14,1,13,5,8,15,3,6,16,10,16,7$2.0
500$11,4,7,12,14,1,13,5,8,15,3,6,16,10,15,7$2.0
501$11,4,7,12,14,1,13,5,8,15,3,6,16,10,15,7$2.0
502$11,9,7,12,14,1,13,5,8,15,3,3,16,10,8,6$2.0
503$11,4,7,12,14,1,13,5,8,15,3,3,16,10,8,6$2.0
504$11,4,7,12,14,1,13,5,8,15,3,6,16,10,16,7$2.0
505$11,4,7,12,14,1,13,5,8,15,3,6,16,10,15,7$2.0
506$11,4,7,12,14,1,13,5,8,15,3,6,16,10,8,6$2.0
507$11,4,7,12,14,1,13,5,8,15,3,6,16,10,16,7$2.0
508$11,4,7,12,14,1,13,5,8,15,3,6,16,10,15,7$2.0
509$11,4,7,12,14,1,13,5,8,15,3,6,16,10,15,7$2.0
510$11,4,7,12,14,1,13,5,8,15,3,6,16,10,6,16$2.0
511$11,4,7,12,14,1,13,5,8,15,3,6,16,10,13,7$2.0
512$11,4,7,12,14,1,13,5,8,15,3,3,16,10,8,6$2.0
513$11,4,7,12,14,1,13,5,8,15,3,3,16,10,13,6$2.0
514$11,4,7,12,14,1,13,5,8,15,3,3,16,10,13,6$2.0
515$11,4,7,12,14,1,13,5,8,15,3,6,16,10,16,6$2.0
516$11,4,7,12,14,1,13,5,8,15,3,3,16,10,16,6$2.0
517$11,4,7,12,14,1,13,5,9,15,3,3,16,10,16,6$2.0
518$11,4,7,12,14,1,13,5,8,15,3,3,16,10,16,6$2.0
519$11,4,7,12,14,1,13,5,8,15,3,3,16,10,16,6$2.0
520$11,4,7,12,14,1,13,5,8,15,3,3,16,10,8,6$2.0
521$11,4,7,12,14,1,13,5,9,15,3,3,16,10,16,6$2.0
522$11,4,7,12,14,1,13,5,9,15,3,5,2,10,16,6$1.0
523$11,4,7,12,14,1,13,5,9,15,3,5,2,10,16,6$1.0
524$11,4,7,12,14,1,13,5,8,15,3,3,16,10,16,6$2.0
525$11,4,7,12,14,1,13,5,8,15,3,3,16,10,16,6$2.0
526$11,4,7,12,14,1,13,5,9,15,3,5,2,10,16,6$1.0
527$11,4,7,12,14,1,13,5,8,15,3,3,16,10,16,6$2.0
528$11,4,7,12,14,1,13,5,8,15,3,6,16,10,16,6$2.0
529$11,4,7,12,14,1,13,5,8,15,3,3,16,10,16,6$2.0
530$11,4,7,12,14,1,13,5,9,15,3,3,16,10,8,6$1.0
531$11,4,7,12,14,1,13,5,8,15,3,3,16,10,16,6$2.0
532$11,4,7,12,14,1,13,5,8,15,3,6,16,10,16,6$2.0
533$11,4,7,12,14,1,13,5,9,15,3,3,16,10,16,6$2.0
534$11,4,7,12,14,1,13,5,8,15,3,6,16,10,16,6$2.0
535$11,4,7,12,14,1,13,5,8,15,3,3,16,10,13,6$2.0
536$11,4,7,12,14,1,13,5,8,15,3,6,16,10,6,14$2.0
537$11,4,7,12,14,1,13,5,8,15,3,3,16,10,16,6$2.0
538$11,4,7,12,14,1,13,5,8,15,3,3,16,10,13,6$2.0
539$11,4,7,12,14,1,13,5,8,15,3,3,16,10,13,6$2.0
540$11,4,7,12,14,1,13,5,8,15,3,3,16,10,16,6$2.0
541$11,9,7,12,14,1,13,5,8,15,3,3,16,10,16,6$2.0
542$11,4,7,12,14,1,13,5,8,15,3,3,16,10,16,6$2.0
543$11,4,7,12,14,1,13,5,8,15,3,3,16,10,13,6$2.0
544$11,4,7,12,14,1,13,5,8,15,3,3,16,10,16,6$2.0
545$11,4,7,12,14,1,13,5,8,15,3,6,16,10,16,6$2.0
546$11,4,7,12,14,1,13,5,8,15,3,3,16,10,16,6$2.0
547$11,2,7,12,14,1,13,5,8,15,3,3,16,10,16,6$2.0
548$11,4,7,12,14,1,13,5,8,15,3,3,16,10,16,6$2.0
549$11,4,7,12,14,1,13,5,8,15,3,3,16,10,16,6$2.0
550$11,4,7,12,14,1,13,5,8,15,3,3,16,10,16,6$2.0
551$11,4,7,12,14,1,13,5,8,15,3,3,16,10,16,6$2.0
552$11,4,7,12,14,1,13,5,8,15,3,3,16,10,16,6$2.0
553$11,2,7,12,14,1,13,5,8,15,3,3,16,10,16,6$2.0
554$11,4,7,12,14,1,13,5,8,15,3,3,16,10,16,6$2.0
555$11,4,7,12,14,1,13,5,8,15,3,3,16,10,16,6$2.0
556$11,4,7,12,14,1,13,5,8,15,3,3,16,10,13,6$2.0
557$11,4,7,12,14,1,13,5,8,15,3,3,16,10,16,6$2.0
558$11,4,7,12,14,1,13,5,8,15,3,3,16,10,16,6$2.0
559$11,4,7,12,14,1,13,5,8,15,3,6,16,10,16,6$2.0
560$11,4,7,12,14,1,13,5,8,15,3,3,16,10,13,6$2.0
561$11,4,7,12,14,1,13,5,8,15,3,3,16,10,13,6$2.0
562$11,4,7,12,14,1,13,5,8,15,3,3,16,10,16,6$2.0
563$11,4,7,12,14,1,13,5,8,15,3,3,16,10,16,6$2.0
564$11,4,7,12,14,1,13,5,8,15,3,3,16,10,16,6$2.0
565$11,4,7,12,14,1,13,5,8,15,11,3,16,10,16,2$2.0
566$11,4,7,12,14,1,13,5,9,15,3,3,16,10,16,6$2.0
567$11,4,7,12,14,1,13,5,8,15,11,3,16,10,16,2$2.0
568$11,4,7,12,14,1,13,5,8,15,3,3,16,10,16,6$2.0
569$11,4,7,12,14,1,13,5,8,15,3,3,16,10,16,6$2.0
570$11,4,7,12,14,1,13,5,8,15,3,3,16,10,16,6$2.0
571$11,4,7,12,14,1,13,5,9,15,3,3,16,10,8,6$1.0
572$11,4,7,12,14,1,13,5,8,15,3,3,16,10,16,6$2.0
573$11,4,7,12,14,1,13,5,8,15,3,6,16,10,16,6$2.0
574$11,4,7,12,14,1,13,5,8,15,3,3,16,10,16,6$2.0
575$11,4,7,12,14,1,13,5,8,15,3,3,16,10,16,6$2.0
576$11,9,7,12,14,1,13,5,8,15,3,3,16,10,16,6$2.0
577$11,4,7,12,14,1,13,5,8,15,3,3,16,10,16,6$2.0
578$11,4,7,12,14,1,13,5,8,15,3,3,16,10,16,6$2.0
579$11,4,7,12,14,1,13,5,8,15,3,3,16,10,16,6$2.0
580$11,4,7,12,14,1,13,5,8,15,3,3,16,10,16,6$2.0
581$11,4,7,12,14,1,13,5,8,15,3,3,16,10,16,6$2.0
582$11,4,7,12,14,1,13,5,8,15,3,3,16,10,8,2$2.0
583$11,4,7,12,14,1,13,5,8,15,3,3,16,10,8,6$2.0
584$11,4,7,12,14,1,13,5,8,15,3,3,16,10,8,6$2.0
585$11,4,7,12,14,1,13,5,8,15,3,3,16,10,8,2$2.0
586$11,4,7,12,14,1,13,5,8,15,3,3,16,10,8,6$2.0
587$11,4,7,12,14,1,13,5,8,15,3,3,16,10,16,6$2.0
588$11,9,7,12,14,1,13,5,8,15,3,3,16,10,16,6$2.0
589$11,4,7,12,14,1,13,5,8,15,3,3,16,10,8,2$2.0
590$11,4,7,12,14,1,13,5,8,15,3,3,16,10,16,6$2.0
591$11,4,7,12,14,1,13,5,8,15,3,3,16,10,8,6$2.0
592$11,2,7,12,14,1,13,5,8,15,3,3,16,10,8,6$2.0
593$11,4,7,12,14,1,13,5,8,15,3,3,16,10,8,6$2.0
594$11,4,7,12,14,1,13,5,8,15,3,3,16,10,16,6$2.0
595$11,4,7,12,14,1,13,5,9,15,3,3,16,10,16,6$2.0
596$11,9,7,12,14,1,13,5,8,15,3,3,16,10,16,6$2.0
597$11,4,7,12,14,1,13,5,8,15,3,3,16,10,13,6$2.0
598$11,4,7,12,14,1,13,5,8,15,3,3,16,10,16,2$2.0
599$11,4,7,12,14,1,13,5,8,15,3,3,16,10,8,6$2.0
600$11,4,7,12,14,1,13,5,8,15,3,3,16,10,8,2$2.0
601$11,4,7,12,14,1,13,5,8,15,3,3,16,10,13,6$2.0
602$11,4,7,12,14,1,13,5,8,15,3,3,16,10,13,6$2.0
603$11,4,7,12,14,1,13,5,8,15,3,3,16,10,8,6$2.0
604$11,4,7,12,14,1,13,5,8,15,3,3,16,10,8,6$2.0
605$11,4,7,12,14,1,13,5,8,15,3,3,16,10,8,6$2.0
606$11,4,7,12,14,1,13,5,8,15,3,3,16,10,8,6$2.0
607$11,9,7,12,14,1,13,5,8,15,3,3,16,10,16,6$2.0
608$11,2,7,12,14,1,13,5,8,15,3,3,16,10,8,6$2.0
609$11,9,7,2,14,1,13,5,8,15,3,3,16,10,8,6$2.0
610$2,4,7,12,14,1,13,5,8,15,3,3,16,10,8,6$2.0
611$11,2,7,12,14,1,13,5,8,15,3,3,16,10,8,6$2.0
612$11,4,7,12,14,1,13,5,8,15,3,3,16,10,8,6$2.0
613$11,4,7,12,14,1,13,5,8,15,3,3,16,10,8,6$2.0
614$11,4,7,12,14,1,13,5,8,15,3,3,16,10,8,6$2.0
615$11,4,7,12,14,1,13,5,8,15,3,3,16,10,16,6$2.0
616$11,4,7,12,14,1,13,5,8,15,3,3,16,10,16,2$2.0
617$11,4,7,12,14,1,13,5,8,15,3,3,16,10,16,2$2.0
618$11,4,7,12,14,1,13,5,8,15,3,3,16,10,8,6$2.0
619$11,4,7,12,14,1,13,5,8,15,3,3,16,10,8,6$2.0
620$11,4,7,12,14,1,13,5,8,15,3,3,16,10,8,6$2.0
621$11,4,7,12,14,1,13,5,9,15,3,3,16,10,8,6$1.0
622$11,4,7,12,14,1,13,5,9,15,3,3,16,10,8,6$1.0
623$11,4,7,12,14,1,13,5,8,15,3,3,16,10,8,6$2.0
624$11,4,7,12,14,1,13,5,9,15,3,3,16,10,8,6$1.0
625$11,4,7,12,14,1,13,5,9,15,3,3,16,10,8,6$1.0
626$11,4,7,12,14,1,13,5,9,15,3,3,16,10,8,6$1.0
627$11,4,7,12,14,1,13,5,9,15,3,3,16,10,8,6$1.0
628$11,4,7,12,14,1,13,5,9,15,3,3,16,10,8,6$1.0
629$11,4,7,12,14,1,13,5,9,15,3,3,16,10,8,6$1.0
630$2,4,7,12,14,1,13,5,9,15,3,3,16,10,8,6$1.0
631$11,4,7,12,14,1,13,5,9,15,3,3,16,10,8,6$1.0
632$11,4,7,12,14,1,13,5,9,15,3,3,16,10,8,6$1.0
633$11,4,7,12,14,1,13,5,9,15,3,3,16,10,8,6$1.0
634$11,4,7,12,14,1,13,5,9,15,3,3,16,10,8,6$1.0
635$11,4,7,12,14,1,13,5,9,15,3,3,16,10,8,6$1.0
636$11,4,7,12,14,1,13,5,9,15,3,3,16,10,8,6$1.0
637$11,4,7,12,14,1,13,5,9,15,3,3,16,10,8,6$1.0
638$11,4,7,12,14,1,13,5,9,15,3,3,16,10,8,6$1.0
639$11,4,7,12,14,1,13,5,9,15,3,3,16,10,8,6$1.0
640$11,4,7,12,14,1,13,5,9,15,3,3,16,10,8,6$1.0
641$11,4,7,12,14,1,13,5,9,15,3,3,16,10,2,6$1.0
642$11,4,7,12,14,1,13,5,9,15,3,3,16,10,8,6$1.0
643$11,4,7,12,14,1,13,5,9,15,3,3,16,10,8,6$1.0
644$11,4,2,12,14,1,13,5,9,15,3,3,16,10,8,6$1.0
645$11,4,7,12,14,1,13,5,9,15,3,3,16,10,8,6$1.0
646$11,4,7,12,14,1,13,5,9,15,3,3,16,10,2,6$1.0
647$11,4,7,12,14,1,13,5,9,15,3,3,16,10,2,6$1.0
648$11,4,7,12,14,1,13,5,9,15,3,3,16,10,2,6$1.0
649$11,4,7,12,14,1,13,5,9,15,3,3,16,10,2,6$1.0
650$11,4,2,12,14,1,13,5,9,15,3,3,16,10,8,6$1.0
651$11,4,7,12,14,1,13,5,9,15,3,3,16,10,8,6$1.0
652$11,4,7,12,14,1,13,5,9,15,3,3,16,10,8,6$1.0
653$11,4,7,12,14,1,13,5,9,15,3,3,16,10,8,6$1.0
654$11,4,7,12,14,1,13,5,9,15,3,3,16,10,8,6$1.0
655$11,4,7,12,14,1,13,5,9,15,3,3,16,10,8,6$1.0
656$11,4,7,12,14,1,13,5,9,15,3,3,16,10,8,6$1.0
657$11,4,7,12,14,1,13,5,9,15,3,3,16,10,8,6$1.0
658$11,4,7,12,14,1,13,5,9,15,3,3,16,10,8,6$1.0
659$2,4,7,12,14,1,13,5,9,15,3,3,16,10,8,6$1.0
660$11,4,7,12,14,1,13,5,9,15,3,3,16,10,8,6$1.0
661$11,4,7,12,14,1,13,5,9,15,3,3,16,10,8,6$1.0
662$2,4,7,12,14,1,13,5,9,15,3,3,16,10,8,6$1.0
663$11,4,7,12,14,1,13,5,9,15,3,3,16,10,8,6$1.0
664$11,4,7,12,14,1,13,5,9,15,3,3,16,10,8,6$1.0
665$11,4,7,12,14,1,13,5,9,15,3,3,16,10,8,6$1.0
666$2,4,7,12,14,1,13,5,9,15,3,3,16,10,8,6$1.0
667$2,4,7,12,14,1,13,5,9,15,3,3,16,10,8,6$1.0
668$11,4,7,12,14,1,13,5,9,15,3,3,16,10,8,6$1.0
669$2,4,7,12,14,1,13,5,9,15,3,3,16,10,8,6$1.0
670$11,4,7,12,14,1,13,5,9,15,3,3,16,10,8,6$1.0
671$2,4,7,12,14,1,13,5,9,15,3,3,16,10,8,6$1.0
672$2,4,7,12,14,1,13,5,9,15,3,3,16,10,8,6$1.0
673$11,4,7,12,14,1,13,5,9,15,3,3,16,10,8,6$1.0
674$11,4,7,12,14,1,13,5,9,15,3,3,16,10,8,6$1.0
675$2,4,7,12,14,1,13,5,9,15,3,3,16,10,8,6$1.0
676$11,4,7,12,14,1,13,5,9,15,3,3,16,10,8,6$1.0
677$2,4,7,12,14,1,13,5,9,15,3,3,16,10,8,6$1.0
678$11,4,7,12,14,1,13,5,9,15,3,3,16,10,8,6$1.0
679$2,4,7,12,14,1,13,5,9,15,3,3,16,10,8,6$1.0
680$2,4,7,12,14,1,13,5,9,15,3,3,16,10,8,6$1.0
681$2,4,7,12,14,1,13,5,9,15,3,3,16,10,8,6$1.0
682$2,4,7,12,14,1,13,5,9,15,3,3,16,10,8,6$1.0
683$2,4,7,12,14,1,13,5,9,15,3,3,16,10,8,6$1.0
684$2,4,7,12,14,1,13,5,9,15,3,3,16,10,8,6$1.0
685$11,4,7,12,14,1,13,5,9,15,3,3,16,10,8,6$1.0
686$2,4,7,12,14,1,13,5,9,15,3,3,16,10,8,6$1.0
687$2,4,7,12,14,1,13,5,9,15,3,3,16,10,8,6$1.0
688$2,4,7,12,14,1,13,5,9,15,3,3,16,10,8,6$1.0
689$2,4,7,12,14,1,13,5,9,15,10,3,16,10,8,6$1.0
690$2,4,7,12,14,1,13,5,9,15,10,3,16,10,8,6$1.0
691$2,4,7,12,14,1,13,5,9,15,3,3,16,10,8,6$1.0
692$2,4,7,12,14,1,13,5,9,15,3,3,16,10,8,6$1.0
693$2,4,7,12,14,1,13,5,9,15,3,3,16,10,8,6$1.0
694$2,4,7,12,14,1,13,5,9,15,3,3,16,10,8,6$1.0
695$2,4,7,12,14,1,13,5,9,15,3,3,16,10,8,6$1.0
696$2,4,7,12,14,1,13,5,9,15,3,3,16,10,8,6$1.0
697$2,4,7,12,14,1,13,5,9,15,10,3,16,10,8,6$1.0
698$2,4,7,12,14,1,13,5,9,15,10,3,16,10,8,6$1.0
699$2,4,7,12,14,1,13,5,9,15,10,3,16,10,8,6$1.0
700$2,4,7,12,14,1,13,5,9,15,3,3,16,10,8,6$1.0
701$2,4,7,12,14,1,13,5,9,15,3,3,16,10,8,6$1.0
702$2,4,7,12,14,1,13,5,9,15,10,3,16,3,8,6$1.0
703$2,4,7,12,14,1,13,5,9,15,3,3,16,10,8,6$1.0
704$2,4,7,12,14,1,13,5,9,15,3,3,16,10,8,6$1.0
705$2,4,7,12,14,1,13,5,9,15,3,3,16,10,8,6$1.0
706$2,4,7,12,14,1,13,5,9,15,3,3,16,10,8,6$1.0
707$2,4,7,12,14,1,13,5,9,15,3,3,16,10,8,6$1.0
708$2,4,7,12,14,1,13,5,9,15,3,3,16,10,8,6$1.0
709$2,4,7,12,14,1,13,5,9,15,3,3,16,10,8,6$1.0
710$2,4,7,12,14,1,13,5,9,15,3,3,16,10,8,6$1.0
711$2,4,7,12,14,1,13,5,9,15,3,3,16,10,8,6$1.0
712$2,4,7,12,14,1,13,5,9,15,3,3,16,10,8,6$1.0
713$2,4,7,12,14,1,13,5,9,15,3,3,16,10,8,6$1.0
714$2,4,7,12,14,1,13,5,9,15,3,3,16,10,8,6$1.0
715$2,4,7,12,14,1,13,5,9,15,3,3,16,10,8,6$1.0
716$11,4,7,12,14,1,13,5,9,15,3,3,16,10,8,6$1.0
717$2,4,7,12,14,1,13,5,9,15,3,3,16,10,8,6$1.0
718$2,4,7,12,14,1,13,5,9,15,3,3,16,10,8,6$1.0
719$2,4,7,12,14,1,13,5,9,15,3,3,16,10,8,6$1.0
720$2,4,7,12,14,1,13,5,9,15,3,3,16,10,8,6$1.0
721$2,4,7,12,14,1,13,5,9,15,3,3,16,10,8,6$1.0
722$11,4,7,12,14,1,13,5,9,15,3,3,16,10,8,6$1.0
723$2,4,7,12,14,1,13,5,9,15,3,3,16,10,8,6$1.0
724$2,4,7,12,14,1,13,5,9,15,3,3,16,10,8,6$1.0
725$2,4,7,12,14,1,13,5,9,15,3,3,16,10,8,6$1.0
726$2,4,7,12,14,1,13,5,9,15,3,3,16,10,8,6$1.0
727$2,4,7,12,14,1,13,5,9,15,3,3,16,10,8,6$1.0
728$2,4,7,12,14,1,13,5,9,15,3,3,16,10,8,6$1.0
729$2,4,7,12,14,1,13,5,9,15,3,3,16,10,8,6$1.0
730$2,4,7,12,14,1,13,5,9,15,3,3,16,10,8,6$1.0
731$2,4,7,12,14,1,13,5,9,15,3,3,16,10,8,6$1.0
732$2,4,7,12,14,1,13,5,9,15,3,3,16,10,8,6$1.0
733$2,4,7,12,14,1,13,5,9,15,3,3,16,10,8,6$1.0
734$2,4,7,12,14,1,13,5,9,15,3,3,16,10,8,6$1.0
735$2,4,7,12,14,1,13,5,9,15,3,3,16,10,8,6$1.0
736$2,4,7,12,14,1,13,5,9,15,3,3,16,10,8,6$1.0
737$2,4,7,12,14,1,13,5,9,15,3,3,16,10,8,6$1.0
738$2,4,7,12,14,1,13,5,9,15,3,3,16,10,8,6$1.0
739$2,4,7,12,14,1,13,5,9,15,3,3,16,10,8,6$1.0
740$2,4,7,12,14,1,13,5,9,15,3,3,16,10,8,6$1.0
741$11,4,7,12,14,1,13,5,9,15,3,3,16,10,8,6$1.0
742$2,4,7,12,14,1,13,5,9,15,3,3,16,10,8,6$1.0
743$2,4,7,12,14,1,13,5,9,15,3,3,16,10,8,6$1.0
744$2,4,7,12,14,1,13,5,9,15,3,3,16,10,8,6$1.0
745$2,4,7,12,14,1,13,5,9,15,3,3,16,10,8,6$1.0
746$2,4,7,12,14,1,13,5,9,15,3,3,16,10,8,6$1.0
747$2,4,7,12,14,1,13,5,9,15,3,3,16,10,8,6$1.0
748$2,4,7,12,14,1,13,5,9,15,3,3,16,10,8,6$1.0
749$11,4,7,12,14,1,13,5,9,15,3,3,16,10,8,6$1.0
750$2,4,7,12,14,1,13,5,9,15,10,3,16,10,8,6$1.0
751$11,4,7,12,14,1,13,5,9,15,3,3,16,10,8,6$1.0
752$2,4,7,12,14,1,13,5,9,15,3,3,16,10,8,6$1.0
753$11,4,7,12,14,1,13,5,9,15,3,3,16,10,8,6$1.0
754$11,4,7,12,14,1,13,5,9,15,3,3,16,10,8,6$1.0
755$11,4,7,12,14,1,13,5,9,15,3,3,16,10,8,6$1.0
756$11,4,7,12,14,1,13,5,9,15,3,3,16,10,8,6$1.0
757$11,4,7,12,14,1,13,5,9,15,3,3,16,10,8,6$1.0
758$11,4,7,12,14,1,13,5,9,15,10,3,16,10,8,6$1.0
759$2,4,7,12,14,1,13,5,9,15,10,3,16,10,8,6$1.0
760$2,4,7,12,14,1,13,5,9,15,3,3,16,10,8,6$1.0
761$11,4,7,12,14,1,13,5,9,15,3,3,16,10,8,6$1.0
762$11,4,7,12,14,1,13,5,9,15,3,3,16,10,8,6$1.0
763$11,4,7,12,14,1,13,5,9,15,3,3,16,10,8,6$1.0
764$11,4,7,12,14,1,13,5,9,15,10,3,16,10,8,6$1.0
765$11,4,7,12,14,1,13,5,9,15,3,3,16,10,8,6$1.0
766$11,4,7,12,14,1,13,5,9,15,10,3,16,10,8,6$1.0
767$11,4,7,12,14,1,13,5,9,15,10,3,16,10,8,6$1.0
768$11,4,7,12,14,1,13,5,9,15,3,3,16,10,8,6$1.0
769$11,4,7,12,14,1,13,5,9,15,10,3,16,10,8,6$1.0
770$11,4,7,12,14,1,13,5,9,15,10,3,16,10,8,6$1.0
771$11,4,7,12,14,1,13,5,9,15,3,3,16,10,8,6$1.0
772$11,4,7,12,14,1,13,5,9,15,10,3,16,10,8,6$1.0
773$11,4,7,12,14,1,13,5,9,15,10,3,16,10,8,6$1.0
774$11,4,7,12,14,1,13,5,9,15,10,3,16,10,2,6$1.0
775$11,4,7,12,14,1,13,5,9,15,10,3,16,10,2,6$1.0
776$11,4,7,12,14,1,13,5,9,15,10,3,16,10,8,6$1.0
777$11,4,7,12,14,1,13,5,9,15,10,3,16,10,2,6$1.0
778$11,4,7,12,14,1,13,5,9,15,3,3,16,10,8,6$1.0
779$11,4,7,12,14,1,13,5,9,15,10,3,16,10,8,6$1.0
780$11,4,7,12,14,1,13,5,9,15,10,3,16,10,2,6$1.0
781$11,4,7,12,14,1,13,5,9,15,10,3,16,10,8,6$1.0
782$11,4,7,12,14,1,13,5,9,15,10,3,16,10,8,6$1.0
783$11,4,7,12,14,1,13,5,9,15,10,3,16,10,8,6$1.0
784$11,4,7,12,14,1,13,5,9,15,10,3,16,10,8,6$1.0
785$11,4,7,12,14,1,13,5,9,15,10,3,16,10,8,6$1.0
786$11,4,7,12,14,1,13,5,9,15,10,3,16,10,8,6$1.0
787$11,4,7,12,14,1,13,5,9,15,10,3,16,10,8,6$1.0
788$11,4,7,12,14,1,13,5,9,15,10,3,16,10,8,6$1.0
789$2,4,7,12,14,1,13,5,9,15,10,3,16,10,8,6$1.0
790$11,4,7,12,14,1,13,5,9,15,10,3,16,10,8,6$1.0
791$11,4,7,12,14,1,13,5,9,15,10,3,16,10,8,6$1.0
792$11,4,7,12,14,1,13,5,9,15,10,3,16,10,8,6$1.0
793$11,4,7,12,14,1,13,5,9,15,10,3,16,10,8,6$1.0
794$11,4,7,12,14,1,13,5,9,15,10,3,16,10,8,6$1.0
795$11,4,7,12,14,1,13,5,9,15,10,3,16,10,8,6$1.0
796$11,4,7,12,14,1,13,5,9,15,10,3,16,10,8,6$1.0
797$11,4,7,12,14,1,13,5,9,15,10,3,16,10,8,6$1.0
798$11,4,7,12,14,1,13,5,9,15,10,3,16,10,8,6$1.0
799$11,4,7,12,14,1,13,5,9,15,10,3,16,10,8,6$1.0
800$11,4,7,12,14,1,13,5,9,15,10,3,16,10,8,6$1.0
801$11,4,7,12,14,1,13,5,9,15,10,3,16,10,8,6$1.0
802$11,4,7,12,14,1,13,5,9,15,10,3,16,10,8,6$1.0
803$11,4,7,12,14,1,13,5,9,15,10,3,16,10,8,6$1.0
804$11,4,7,12,14,1,13,5,9,15,10,3,16,10,8,6$1.0
805$11,4,7,12,14,1,13,5,9,15,10,3,16,10,8,6$1.0
806$11,4,7,12,14,1,13,5,9,15,10,3,16,10,2,6$1.0
807$11,4,7,12,14,1,13,5,9,15,10,3,16,10,8,6$1.0
808$11,4,7,12,14,1,13,5,9,15,10,3,16,10,8,6$1.0
809$11,4,7,12,14,1,13,5,9,15,10,3,16,10,8,6$1.0
810$11,4,7,12,14,1,13,5,9,15,10,3,16,10,8,6$1.0
811$11,4,7,12,14,1,13,5,9,15,10,3,16,10,8,6$1.0
812$11,4,7,12,14,1,13,5,9,15,10,3,16,10,8,6$1.0
813$11,4,7,12,14,1,13,5,9,15,10,3,16,10,8,6$1.0
814$11,4,7,12,14,1,13,5,9,15,10,3,16,10,8,6$1.0
815$11,4,7,12,14,1,13,5,9,15,10,3,16,10,8,6$1.0
816$11,4,7,12,14,1,13,5,9,15,10,3,16,10,2,6$1.0
817$2,4,7,12,14,1,13,5,9,15,10,3,16,10,8,6$1.0
818$11,4,7,12,14,1,13,5,9,15,10,3,16,12,8,6$1.0
819$11,4,7,12,14,1,13,5,9,15,10,3,16,10,8,6$1.0
820$11,4,7,12,14,1,13,5,9,15,10,3,16,10,8,6$1.0
821$11,4,7,12,14,1,13,5,9,15,10,3,16,10,8,6$1.0
822$11,4,7,12,14,1,13,5,9,15,10,3,16,10,8,6$1.0
823$2,4,7,12,14,1,13,5,9,15,10,3,16,10,8,6$1.0
824$11,4,7,12,14,1,13,5,9,15,10,3,16,10,8,6$1.0
825$11,4,7,12,14,1,13,5,9,15,10,3,16,10,2,6$1.0
826$11,4,7,12,14,1,13,5,9,15,10,3,16,10,8,6$1.0
827$11,4,7,12,14,1,13,5,9,15,10,3,16,3,8,6$1.0
828$11,4,7,12,14,1,13,5,9,15,10,3,16,10,8,6$1.0
829$11,4,7,12,14,1,13,5,9,15,3,3,16,10,8,6$1.0
830$11,4,7,12,14,1,13,5,9,15,10,3,16,10,8,6$1.0
831$11,4,7,12,14,1,13,5,9,15,10,3,16,10,8,6$1.0
832$11,4,7,12,14,1,13,5,9,15,10,3,16,10,8,6$1.0
833$11,4,7,12,14,1,13,5,9,15,10,3,16,10,8,6$1.0
834$11,4,7,12,14,1,13,5,9,15,10,3,16,10,8,6$1.0
835$2,4,7,12,14,1,13,5,9,15,10,3,16,10,8,6$1.0
836$11,4,7,12,14,1,13,5,9,15,10,3,16,10,8,6$1.0
837$11,4,7,12,14,1,13,5,9,15,10,3,16,10,8,6$1.0
838$2,4,7,12,14,1,13,5,9,15,10,3,16,10,8,6$1.0
839$11,4,7,12,14,1,13,5,9,15,10,3,16,10,8,6$1.0
840$11,4,7,12,14,1,13,5,9,15,10,3,16,10,8,6$1.0
841$11,4,7,12,14,1,13,5,9,15,10,3,16,10,8,6$1.0
842$11,4,7,12,14,1,13,5,9,15,10,3,16,10,8,6$1.0
843$11,4,7,12,14,1,13,5,9,15,10,3,16,10,8,6$1.0
844$11,4,7,12,14,1,13,5,9,15,10,3,16,12,8,6$1.0
845$11,4,7,12,14,1,13,5,9,15,10,3,16,12,8,6$1.0
846$11,4,7,12,14,1,13,5,9,15,10,3,16,10,8,6$1.0
847$11,4,7,12,14,1,13,5,9,15,10,3,16,10,8,6$1.0
848$11,4,7,12,14,1,13,5,9,15,10,3,16,10,8,6$1.0
849$11,4,7,12,14,1,13,5,9,15,10,3,16,12,8,6$1.0
850$11,4,7,12,14,1,13,5,9,15,10,3,16,10,8,6$1.0
851$11,4,7,12,14,1,13,5,9,15,10,3,16,10,8,6$1.0
852$11,4,7,12,14,1,13,5,9,15,10,3,16,10,8,6$1.0
853$11,4,7,12,14,1,13,5,9,15,10,3,16,10,8,6$1.0
854$11,4,7,12,14,1,13,5,9,15,10,3,16,12,8,6$1.0
855$11,4,7,12,14,1,13,5,9,15,10,3,16,3,8,6$1.0
856$11,4,7,12,14,1,13,5,9,15,10,3,16,12,8,6$1.0
857$11,4,7,12,14,1,13,5,9,15,10,3,16,10,8,6$1.0
858$11,4,7,12,14,1,13,5,9,15,10,3,16,10,8,6$1.0
859$11,4,7,12,14,1,13,5,9,15,10,3,16,12,8,6$1.0
860$11,4,7,12,14,1,13,5,9,15,10,3,16,12,8,6$1.0
861$11,4,7,12,14,1,13,5,9,15,10,3,16,10,8,6$1.0
862$11,4,7,12,14,1,13,5,9,15,10,3,16,10,8,6$1.0
863$11,4,7,12,14,1,13,5,9,15,10,3,16,10,8,6$1.0
864$11,4,7,5,14,1,13,5,9,15,10,3,16,12,8,6$1.0
865$11,4,7,5,14,1,13,5,9,15,10,3,16,12,8,6$1.0
866$11,4,7,12,14,1,13,5,9,15,10,3,16,10,8,6$1.0
867$11,4,7,12,14,1,13,5,9,15,10,3,16,10,8,6$1.0
868$11,4,7,12,14,1,13,5,9,15,10,3,16,10,8,6$1.0
869$11,4,7,12,14,1,13,5,9,15,10,3,16,10,8,6$1.0
870$11,4,7,12,14,1,13,5,9,15,10,3,16,10,8,6$1.0
871$11,4,7,12,14,1,13,5,9,15,10,3,16,10,8,6$1.0
872$11,4,7,12,14,1,13,5,9,15,10,3,16,10,8,6$1.0
873$11,4,7,12,14,1,13,5,9,15,10,3,16,10,8,6$1.0
874$11,4,7,12,14,1,13,5,9,15,10,3,16,12,8,6$1.0
875$11,4,7,12,14,1,13,5,9,15,10,3,16,10,8,6$1.0
876$11,4,7,12,14,1,13,5,9,15,10,3,16,10,8,6$1.0
877$11,4,7,12,14,1,13,5,9,15,10,3,16,12,8,6$1.0
878$11,4,7,12,14,1,13,5,9,15,10,3,16,10,8,6$1.0
879$11,4,7,12,14,1,13,5,9,15,10,3,16,10,8,6$1.0
880$11,4,7,12,14,1,13,5,9,15,10,3,16,12,2,6$1.0
881$11,4,7,12,14,1,13,5,9,15,10,3,16,12,2,6$1.0
882$11,4,7,12,14,1,13,5,9,15,10,3,16,10,8,6$1.0
883$11,4,7,12,14,1,13,5,9,15,10,3,16,12,2,6$1.0
884$11,4,7,12,14,1,13,5,9,15,10,3,16,10,8,6$1.0
885$11,4,7,5,14,1,13,5,9,15,10,3,16,12,2,6$1.0
886$11,4,7,12,14,1,13,5,9,15,10,3,16,12,2,6$1.0
887$11,4,7,5,14,1,13,5,9,15,10,3,16,12,2,6$1.0
888$11,4,7,5,14,1,13,5,9,15,10,3,16,12,8,6$1.0
889$11,4,7,12,14,1,13,5,9,15,10,3,16,10,8,6$1.0
890$11,4,7,12,14,1,13,5,9,15,10,3,16,12,2,6$1.0
891$11,4,7,12,14,1,13,5,9,15,10,3,16,12,8,6$1.0
892$11,4,7,12,14,1,13,5,9,15,10,3,16,12,8,6$1.0
893$11,4,7,5,14,1,13,5,9,15,10,3,16,12,8,6$1.0
894$11,4,7,12,14,1,13,5,9,15,10,3,16,12,8,6$1.0
895$11,4,7,12,14,1,13,5,9,15,10,3,16,12,2,6$1.0
896$11,4,7,12,14,1,13,5,9,15,10,3,16,12,8,6$1.0
897$11,4,7,12,14,1,13,5,9,15,10,3,16,12,2,6$1.0
898$11,4,7,12,14,1,13,5,9,15,10,3,16,12,2,6$1.0
899$11,4,7,12,14,1,13,5,9,15,10,3,16,12,8,6$1.0
900$11,4,7,12,14,1,13,5,9,15,10,3,16,12,2,6$1.0
901$11,4,7,12,14,1,13,5,9,15,10,3,16,12,8,6$1.0
902$11,4,7,12,14,1,13,5,9,15,10,3,16,12,8,6$1.0
903$11,4,7,12,14,1,13,5,9,15,10,3,16,12,2,6$1.0
904$11,4,7,5,14,1,13,5,9,15,10,3,16,12,8,6$1.0
905$11,4,7,12,14,1,13,5,9,15,10,3,16,12,8,6$1.0
906$11,4,7,12,14,1,13,5,9,15,10,3,16,12,8,6$1.0
907$11,4,7,12,14,1,13,5,9,15,10,3,16,12,2,6$1.0
908$11,4,7,5,14,1,13,5,9,15,10,3,16,12,8,6$1.0
909$11,4,7,5,14,1,13,5,9,15,10,3,16,12,8,6$1.0
910$11,4,7,12,14,2,13,5,9,15,10,3,16,12,8,6$1.0
911$11,4,7,12,14,1,13,5,9,15,10,3,16,12,8,6$1.0
912$11,4,7,12,14,1,13,5,9,15,10,3,16,12,8,6$1.0
913$11,4,7,12,14,1,13,5,9,15,10,3,16,12,8,6$1.0
914$11,4,7,12,14,2,13,5,9,15,10,3,16,12,8,6$1.0
915$11,4,7,5,14,1,13,5,9,15,10,3,16,12,8,6$1.0
916$11,4,7,5,14,1,13,5,9,15,10,3,16,12,8,6$1.0
917$11,4,7,5,14,1,13,5,9,15,10,3,16,12,8,6$1.0
918$11,4,7,12,14,1,13,5,9,15,10,3,16,12,8,6$1.0
919$11,4,7,12,14,1,13,5,9,15,10,3,16,12,8,6$1.0
920$11,4,7,12,14,1,13,5,9,15,10,3,16,12,8,6$1.0
921$11,4,7,12,14,2,13,5,9,15,10,3,16,12,8,6$1.0
922$11,4,7,5,14,1,13,5,9,15,10,3,16,12,8,6$1.0
923$11,4,7,5,14,1,13,5,9,15,10,3,16,12,8,6$1.0
924$11,4,7,5,14,1,13,5,9,15,10,3,16,12,8,6$1.0
925$11,4,7,5,14,1,13,5,9,15,10,3,16,12,8,6$1.0
926$11,4,7,5,14,1,13,5,9,15,10,3,16,12,8,6$1.0
927$11,4,7,5,14,1,13,16,9,15,10,3,16,12,8,6$1.0
928$11,4,7,5,14,1,13,5,9,15,10,3,16,12,8,6$1.0
929$11,4,7,12,14,2,13,5,9,15,10,3,16,12,8,6$1.0
930$11,4,7,5,14,1,13,5,9,15,10,3,16,12,8,6$1.0
931$11,4,7,5,14,1,13,5,9,15,10,3,16,12,8,6$1.0
932$11,4,7,12,14,2,13,5,9,15,10,3,16,12,8,6$1.0
933$11,4,7,5,14,1,13,5,9,15,10,3,16,12,8,6$1.0
934$11,4,7,5,14,1,13,5,9,15,10,3,16,12,8,6$1.0
935$11,4,7,5,14,1,13,5,9,15,10,3,16,12,8,6$1.0
936$11,4,7,5,14,1,13,5,9,15,10,3,16,12,8,6$1.0
937$11,4,7,5,14,1,13,15,9,15,10,3,16,12,2,6$1.0
938$11,4,7,5,14,1,13,15,9,15,10,3,16,12,2,6$1.0
939$11,4,7,5,14,1,13,5,9,15,10,3,16,12,8,6$1.0
940$11,4,7,5,14,2,13,5,9,15,10,3,16,12,8,6$1.0
941$11,4,7,5,14,1,13,5,9,15,10,3,16,12,8,6$1.0
942$11,4,7,5,14,1,13,5,9,15,10,3,16,12,2,6$1.0
943$11,4,7,5,14,2,13,5,9,15,10,3,16,12,8,6$1.0
944$11,4,7,5,14,1,13,5,9,15,10,3,16,12,2,6$1.0
945$11,4,7,5,14,1,13,5,9,15,10,3,16,12,8,6$1.0
946$11,4,7,5,14,1,13,5,9,15,10,3,16,12,2,6$1.0
947$11,4,7,5,14,1,13,5,9,15,10,3,16,12,8,6$1.0
948$11,4,7,5,14,1,13,5,9,15,10,3,16,12,8,6$1.0
949$11,4,7,5,14,1,13,16,9,15,10,3,16,12,8,6$1.0
950$11,4,7,5,14,1,13,15,9,15,10,3,16,12,2,6$1.0
951$11,4,7,5,14,1,13,15,9,15,10,3,16,12,2,6$1.0
952$11,4,7,5,14,1,13,5,9,15,10,3,16,12,8,6$1.0
953$11,4,7,5,14,1,13,5,9,15,10,3,16,12,8,6$1.0
954$11,4,7,5,14,1,13,5,9,15,10,3,16,2,8,6$1.0
955$11,4,7,5,14,1,13,5,9,15,10,3,16,12,8,6$1.0
956$11,4,7,5,14,1,13,5,9,15,10,3,16,12,8,6$1.0
957$11,4,7,5,14,1,13,5,9,15,10,3,16,12,8,6$1.0
958$11,4,7,5,14,1,13,5,9,15,10,3,16,12,2,6$1.0
959$11,4,7,5,14,1,13,5,9,15,10,3,16,12,8,6$1.0
960$11,4,7,12,14,1,13,5,9,15,10,3,16,12,8,6$1.0
961$11,4,7,5,14,1,13,5,9,15,10,3,16,12,2,6$1.0
962$11,4,7,5,14,2,13,5,9,15,10,3,16,12,8,6$1.0
963$11,4,7,5,14,1,13,5,9,15,10,3,16,12,8,6$1.0
964$11,4,7,5,14,2,13,5,9,15,10,3,16,12,8,6$1.0
965$11,4,7,5,14,1,13,5,9,15,10,3,16,12,2,6$1.0
966$11,4,7,5,14,1,13,5,9,15,10,3,16,12,2,6$1.0
967$11,4,7,5,14,1,13,5,9,15,10,3,16,12,2,6$1.0
968$11,4,7,5,14,1,13,5,9,15,10,3,16,12,2,6$1.0
969$11,4,7,5,14,2,13,5,9,15,10,3,16,12,8,6$1.0
970$11,4,7,5,14,1,13,5,9,15,10,3,16,12,8,6$1.0
971$11,4,7,5,14,1,13,5,9,15,10,3,16,12,2,6$1.0
972$11,4,7,12,14,1,13,5,9,15,10,3,16,12,8,6$1.0
973$11,4,7,5,14,1,13,5,9,15,10,3,16,12,2,6$1.0
974$11,4,7,5,14,1,13,5,9,15,10,3,16,12,2,6$1.0
975$11,4,7,5,14,1,13,5,9,15,10,3,16,2,8,6$1.0
976$11,4,7,5,14,1,13,5,9,15,10,3,16,12,2,6$1.0
977$11,4,7,12,14,1,13,5,9,15,10,3,16,12,2,6$1.0
978$11,4,7,5,14,1,13,5,9,15,10,3,16,12,2,6$1.0
979$11,4,7,12,14,1,13,5,9,15,10,3,16,12,8,6$1.0
980$11,4,7,5,14,1,13,5,9,15,10,3,16,12,2,6$1.0
981$11,4,7,12,14,1,13,5,9,15,10,3,16,12,8,6$1.0
982$11,4,7,5,14,1,13,5,9,15,10,3,16,12,8,6$1.0
983$11,4,7,12,14,1,13,5,9,15,10,3,16,12,2,6$1.0
984$11,4,7,5,14,1,13,5,9,15,10,3,16,12,2,6$1.0
985$11,4,7,12,14,1,13,5,9,15,10,3,16,12,2,6$1.0
986$11,4,7,12,14,1,13,5,9,15,10,3,16,3,8,6$1.0
987$11,4,7,5,14,1,13,5,9,15,10,3,16,12,2,6$1.0
988$11,4,7,12,14,1,13,5,9,15,10,3,16,12,2,6$1.0
989$11,4,7,12,14,1,13,5,9,15,10,3,16,12,8,6$1.0
990$11,4,7,5,14,1,13,16,9,15,10,3,16,12,2,6$1.0
991$11,4,7,5,14,1,13,5,9,15,10,3,16,12,2,6$1.0
992$11,4,7,12,14,1,13,5,9,15,10,3,16,12,2,6$1.0
993$11,4,7,5,14,1,13,5,9,15,10,3,16,12,2,8$1.0
994$11,4,7,5,14,1,13,5,9,15,10,3,16,12,2,8$1.0
995$11,4,7,5,14,1,13,16,9,15,10,3,16,12,8,6$1.0
996$11,4,7,5,14,1,13,5,9,15,10,3,16,12,2,6$1.0
997$11,4,7,5,14,1,13,5,9,15,10,3,16,12,2,6$1.0
998$11,4,7,5,14,1,13,5,9,15,10,3,16,12,2,6$1.0
999$11,4,7,5,14,1,13,5,9,15,10,3,16,12,8,6$1.0
1000$11,4,7,12,14,1,13,5,9,15,10,3,16,12,8,6$1.0
1001$11,4,7,5,14,1,13,5,9,15,10,3,16,12,2,6$1.0
1002$11,4,7,12,14,1,13,5,9,15,10,3,16,12,2,6$1.0
1003$11,4,7,12,14,1,13,5,9,15,10,3,16,12,2,6$1.0
1004$11,4,7,5,14,1,13,5,9,15,10,3,16,12,8,6$1.0
1005$11,4,7,5,14,1,13,5,9,15,10,3,16,12,8,6$1.0
1006$11,4,7,5,14,1,13,5,9,15,10,3,16,12,8,6$1.0
1007$11,4,7,5,14,1,13,5,9,15,10,3,16,12,2,6$1.0
1008$11,4,7,12,14,1,13,5,9,15,10,3,16,12,8,6$1.0
1009$11,4,7,12,14,1,13,5,9,15,10,3,16,12,8,6$1.0
1010$11,4,7,5,14,1,13,5,9,15,10,3,16,12,8,6$1.0
1011$11,4,7,12,14,1,13,5,9,15,10,3,16,12,8,6$1.0
1012$11,4,7,5,14,1,13,5,9,15,10,3,16,12,8,6$1.0
1013$11,4,7,12,14,1,13,5,9,15,10,3,16,12,8,6$1.0
1014$11,4,7,12,14,1,13,5,9,15,10,3,16,12,8,6$1.0
1015$11,4,7,12,14,1,13,5,9,15,10,3,16,12,8,6$1.0
1016$11,4,7,12,14,1,13,5,9,15,10,3,16,12,8,6$1.0
1017$11,4,7,5,14,1,13,5,9,15,10,3,16,12,2,6$1.0
1018$11,4,7,5,14,1,13,5,9,15,10,3,16,12,8,6$1.0
1019$11,4,7,12,14,1,13,5,9,15,10,3,16,12,8,6$1.0
1020$11,4,7,12,14,1,13,5,9,15,10,3,16,12,8,6$1.0
1021$11,4,7,12,14,2,13,5,9,15,10,3,1,12,8,6$1.0
1022$11,4,7,12,14,1,13,5,9,15,10,3,16,12,8,6$1.0
1023$11,4,7,5,14,1,13,5,9,15,10,3,16,12,8,6$1.0
1024$11,4,7,12,14,1,13,5,9,15,10,3,16,12,8,6$1.0
1025$11,4,7,12,14,1,13,5,9,15,10,3,16,12,8,6$1.0
1026$11,4,7,5,14,1,13,5,9,15,10,3,16,12,8,6$1.0
1027$11,4,7,12,14,1,13,5,9,15,10,3,16,12,8,6$1.0
1028$11,4,7,12,14,1,13,5,9,15,10,3,16,12,8,6$1.0
1029$11,4,7,12,14,1,13,5,9,15,10,3,16,12,8,6$1.0
1030$11,4,7,5,14,1,13,5,9,15,10,3,16,12,8,6$1.0
1031$11,4,7,5,14,1,13,5,9,15,10,3,16,12,8,6$1.0
1032$11,4,7,12,14,1,13,5,9,15,10,3,16,12,8,6$1.0
1033$11,4,7,12,14,1,13,5,9,15,10,3,16,12,8,6$1.0
1034$11,4,7,12,14,1,13,5,9,15,10,3,16,12,8,6$1.0
1035$11,4,7,12,14,1,13,5,9,15,10,3,16,12,8,6$1.0
1036$11,4,7,12,14,1,13,5,9,15,10,3,16,12,8,6$1.0
1037$11,4,7,12,14,1,13,5,9,15,10,3,16,12,8,6$1.0
1038$11,4,7,12,14,1,13,5,9,15,10,3,16,10,8,6$1.0
1039$11,4,7,12,14,1,13,5,9,15,10,3,16,12,2,6$1.0
1040$11,4,7,12,14,1,13,5,9,15,10,3,16,12,8,6$1.0
1041$11,4,7,12,14,1,13,5,9,15,10,3,16,12,8,6$1.0
1042$11,4,7,12,14,1,13,5,9,15,10,3,16,12,8,6$1.0
1043$11,4,7,12,14,1,13,5,9,15,10,3,16,10,8,6$1.0
1044$11,4,7,12,14,1,13,5,9,15,10,3,16,10,8,6$1.0
1045$11,4,7,12,14,1,13,5,9,15,10,3,16,12,8,6$1.0
1046$11,4,7,12,14,1,13,5,9,15,10,3,16,10,8,6$1.0
1047$11,4,7,12,14,1,13,5,9,15,10,3,16,12,8,6$1.0
1048$11,4,7,12,14,1,13,5,9,15,10,3,16,12,8,6$1.0
1049$11,4,7,12,14,1,13,5,9,15,10,3,16,12,8,6$1.0
1050$11,4,7,12,14,1,13,5,9,15,10,3,16,12,8,6$1.0
1051$11,4,7,12,14,1,13,5,9,15,10,3,16,12,8,6$1.0
1052$11,4,7,12,14,1,13,5,9,15,10,3,16,12,8,6$1.0
1053$11,4,7,12,14,1,13,5,9,15,10,3,16,12,8,6$1.0
1054$11,4,7,12,14,1,13,5,9,15,10,3,16,10,8,6$1.0
1055$11,4,7,12,14,1,13,5,9,15,10,3,16,12,8,6$1.0
1056$11,4,7,12,14,1,13,5,9,15,10,3,16,10,8,6$1.0
1057$11,4,7,12,14,1,13,5,9,15,10,3,16,12,8,6$1.0
1058$11,4,7,12,14,1,13,5,9,15,10,3,16,10,8,6$1.0
1059$11,4,7,12,14,1,13,5,9,15,10,3,16,10,8,6$1.0
1060$11,4,7,12,14,1,13,5,9,15,10,3,16,10,8,6$1.0
1061$11,4,7,12,14,1,13,5,9,15,10,3,16,10,8,6$1.0
1062$11,4,7,12,14,1,13,5,9,15,10,3,16,10,8,6$1.0
1063$11,4,7,12,14,1,13,5,9,15,10,3,16,12,8,6$1.0
1064$11,4,7,12,14,1,13,5,9,15,10,3,16,10,8,6$1.0
1065$11,4,7,12,14,1,13,5,9,15,10,3,16,12,8,6$1.0
1066$11,4,7,12,14,1,13,5,9,15,10,3,16,10,8,6$1.0
1067$11,4,7,12,14,1,13,5,9,15,10,3,16,10,8,6$1.0
1068$11,4,7,12,14,1,13,5,9,15,10,3,16,12,2,6$1.0
1069$11,4,7,12,14,1,13,5,9,15,10,3,16,10,8,6$1.0
1070$11,4,7,12,14,1,13,5,9,15,10,3,16,12,2,6$1.0
1071$11,4,7,12,14,1,13,5,9,15,10,3,16,10,8,6$1.0
1072$11,4,7,12,14,1,13,5,9,15,10,3,16,10,8,6$1.0
1073$11,4,7,12,14,1,13,5,9,15,10,3,16,10,8,6$1.0
1074$2,4,7,12,14,1,13,5,9,15,10,3,16,10,8,6$1.0
1075$11,4,7,12,14,1,13,5,9,15,10,3,16,10,8,6$1.0
1076$11,4,7,12,14,1,13,5,9,15,10,3,16,12,8,6$1.0
1077$11,4,7,12,14,1,13,5,9,15,10,3,16,12,8,6$1.0
1078$11,4,7,12,14,1,13,5,9,15,10,3,16,12,8,6$1.0
1079$11,4,7,12,14,1,13,5,9,15,10,3,16,12,8,6$1.0
1080$11,4,7,12,14,1,13,5,9,15,10,3,16,10,8,6$1.0
1081$11,4,7,12,14,1,13,5,9,15,10,3,16,12,8,6$1.0
1082$11,4,7,12,14,1,13,5,9,15,10,3,16,10,8,6$1.0
1083$11,4,7,12,14,1,13,5,9,15,10,3,16,12,8,6$1.0
1084$11,4,7,12,14,1,13,5,9,15,10,3,16,12,8,6$1.0
1085$11,4,7,5,14,1,13,5,9,15,10,3,16,12,8,6$1.0
1086$11,4,7,12,14,1,13,5,9,15,10,3,16,12,8,6$1.0
1087$2,4,7,12,14,1,13,5,9,15,10,3,16,10,8,6$1.0
1088$11,4,7,12,14,1,13,5,9,15,10,3,16,3,8,6$1.0
1089$11,4,7,12,14,1,13,5,9,15,10,3,16,10,8,6$1.0
1090$11,4,7,12,14,1,13,5,9,15,10,3,16,10,8,6$1.0
1091$11,4,7,12,14,1,13,5,9,15,10,3,16,10,2,6$1.0
1092$11,4,7,12,14,1,13,5,9,15,10,3,16,12,8,6$1.0
1093$11,4,7,12,14,1,13,5,9,15,10,3,16,12,8,6$1.0
1094$11,4,7,12,14,1,13,5,9,15,10,3,16,12,8,6$1.0
1095$11,4,7,5,14,1,13,5,9,15,10,3,16,12,8,6$1.0
1096$11,4,7,12,14,1,13,5,9,15,10,3,16,12,8,6$1.0
1097$11,4,7,12,14,1,13,5,9,15,10,3,16,12,8,6$1.0
1098$11,4,7,12,14,1,13,5,9,15,10,3,16,10,8,6$1.0
1099$11,4,7,12,14,1,13,5,9,15,10,3,16,12,8,6$1.0
1100$11,4,7,5,14,1,13,5,9,15,10,3,16,12,8,6$1.0
1101$11,4,7,12,14,1,13,5,9,15,10,3,16,10,8,6$1.0
1102$11,4,7,12,14,1,13,5,9,15,10,3,16,3,8,6$1.0
1103$11,4,7,12,14,1,13,5,9,15,10,3,16,3,8,6$1.0
1104$11,4,7,12,14,1,13,5,9,15,10,3,16,10,8,6$1.0
1105$11,4,7,12,14,1,13,5,9,15,10,3,16,10,8,6$1.0
1106$11,4,7,12,14,1,13,5,9,15,10,3,16,10,8,6$1.0
1107$11,4,7,12,14,1,13,5,9,15,10,3,16,12,8,6$1.0
1108$11,4,7,12,14,1,13,5,9,15,10,3,16,10,8,6$1.0
1109$11,4,7,12,14,1,13,5,9,15,10,3,16,10,8,6$1.0
1110$11,4,7,12,14,2,13,5,9,15,10,3,16,12,8,6$1.0
1111$11,4,7,12,14,2,13,5,9,15,10,3,16,12,8,6$1.0
1112$11,4,7,12,14,1,13,5,9,15,10,3,16,3,8,6$1.0
1113$11,4,7,12,14,1,13,5,9,15,10,3,16,3,8,6$1.0
1114$11,4,7,12,14,1,13,5,9,15,10,3,16,10,8,6$1.0
1115$11,4,7,12,14,1,13,5,9,15,10,3,16,12,8,6$1.0
1116$11,4,7,12,14,1,13,5,9,15,10,3,16,12,8,6$1.0
1117$11,4,7,12,14,1,13,5,9,15,10,3,16,3,8,6$1.0
1118$11,4,7,12,14,1,13,5,9,15,10,3,16,12,8,6$1.0
1119$11,4,7,12,14,1,13,5,9,15,10,3,16,12,8,6$1.0
1120$11,4,7,12,14,1,13,5,9,15,10,3,16,12,8,6$1.0
1121$11,4,7,12,14,1,13,5,9,15,10,3,16,12,8,6$1.0
1122$11,4,7,12,14,1,13,5,9,15,10,3,16,12,8,6$1.0
1123$11,4,7,12,14,1,13,5,9,15,10,3,16,10,8,6$1.0
1124$11,4,7,12,14,1,13,5,9,15,10,3,16,12,8,6$1.0
1125$11,4,7,12,14,1,13,5,9,15,10,3,16,12,8,6$1.0
1126$11,4,7,12,14,1,13,5,9,15,10,3,16,12,8,6$1.0
1127$11,4,7,12,14,1,13,5,9,15,10,3,16,12,8,6$1.0
1128$11,4,7,12,14,1,13,5,9,15,10,3,16,12,8,6$1.0
1129$11,4,7,12,14,1,13,5,9,15,10,3,16,12,8,6$1.0
1130$11,4,7,12,14,1,13,5,9,15,10,3,16,12,8,6$1.0
1131$11,4,7,12,14,2,13,5,9,15,10,3,16,12,8,6$1.0
1132$11,4,7,12,14,1,13,5,9,15,10,3,16,12,8,6$1.0
1133$11,4,7,12,14,1,13,5,9,15,10,3,16,12,8,6$1.0
1134$11,4,7,12,14,1,13,5,9,15,10,3,16,12,8,6$1.0
1135$11,4,7,12,14,1,13,5,9,15,10,3,16,12,8,6$1.0
1136$11,4,7,12,14,1,13,5,9,15,10,3,16,12,8,6$1.0
1137$11,4,7,12,14,1,13,5,9,15,10,3,16,12,8,6$1.0
1138$11,4,7,12,14,1,13,5,9,15,10,3,16,12,8,6$1.0
1139$11,4,7,12,14,1,13,5,9,15,10,3,16,10,8,6$1.0
1140$11,4,7,12,14,1,13,5,9,15,10,3,16,10,8,6$1.0
1141$11,4,7,12,14,1,13,5,9,15,10,3,16,12,8,6$1.0
1142$11,4,7,12,14,1,13,5,9,15,10,3,16,12,8,6$1.0
1143$11,4,7,12,14,1,13,5,9,15,10,3,16,10,8,6$1.0
1144$11,4,7,12,14,1,13,5,9,15,10,3,16,12,8,6$1.0
1145$11,4,7,12,14,1,13,5,9,15,10,3,16,12,8,6$1.0
1146$11,4,7,12,14,1,13,5,9,15,10,3,16,12,8,6$1.0
1147$11,4,7,12,14,1,13,5,9,15,10,3,16,12,8,6$1.0
1148$11,4,7,12,14,1,13,5,9,15,10,3,16,12,8,6$1.0
1149$11,4,7,12,14,1,13,5,9,15,10,3,16,12,2,6$1.0
1150$11,4,7,12,14,1,13,5,9,15,10,3,16,12,2,6$1.0
1151$11,4,7,12,14,1,13,5,9,15,10,3,16,12,2,6$1.0
1152$11,4,7,12,14,1,13,5,9,15,10,3,16,12,8,6$1.0
1153$11,4,7,12,14,1,13,5,9,15,10,3,16,12,2,6$1.0
1154$11,4,7,12,14,1,13,5,9,15,10,3,16,12,8,6$1.0
1155$11,4,7,12,14,1,13,5,9,15,10,3,16,12,2,6$1.0
1156$11,4,7,12,14,1,13,5,9,15,10,3,16,12,8,6$1.0
1157$11,4,7,12,14,1,13,5,9,15,10,3,16,12,2,6$1.0
1158$11,4,7,12,14,1,13,5,9,15,10,3,16,12,2,6$1.0
1159$11,4,7,12,14,1,13,5,9,15,10,3,16,12,8,6$1.0
1160$11,4,7,12,14,1,13,5,9,15,10,3,16,12,8,6$1.0
1161$11,4,7,12,14,1,13,5,9,15,10,3,16,12,2,6$1.0
1162$11,4,7,12,14,2,13,5,9,15,10,3,16,12,8,6$1.0
1163$11,4,7,12,14,1,13,5,9,15,10,3,16,12,8,6$1.0
1164$11,4,7,12,14,1,13,5,9,15,10,3,16,12,8,6$1.0
1165$11,4,7,12,14,2,13,5,9,15,10,3,16,3,8,6$1.0
1166$11,4,7,12,14,1,13,5,9,15,10,3,16,12,8,6$1.0
1167$11,4,7,12,14,1,13,5,9,15,10,3,16,12,8,6$1.0
1168$11,4,7,12,14,1,13,5,9,15,10,3,16,10,8,6$1.0
1169$11,4,7,12,14,1,13,5,9,15,10,3,16,10,8,6$1.0
1170$11,4,7,12,14,1,13,5,9,15,10,3,16,12,8,6$1.0
1171$11,4,7,12,14,1,13,5,9,15,10,3,16,10,8,6$1.0
1172$11,4,7,12,14,1,13,5,9,15,10,3,16,12,8,6$1.0
1173$11,4,7,12,14,1,13,5,9,15,10,3,16,12,8,6$1.0
1174$11,4,7,12,14,1,13,5,9,15,10,3,16,12,8,6$1.0
1175$11,4,7,12,14,1,13,5,9,15,10,3,16,12,8,6$1.0
1176$11,4,7,12,14,1,13,5,9,15,10,3,16,12,8,6$1.0
1177$11,4,7,12,14,1,13,5,9,15,10,3,16,12,8,6$1.0
1178$11,4,7,12,14,1,13,5,9,15,10,3,16,10,8,6$1.0
1179$11,4,7,12,14,1,13,5,9,15,10,3,16,12,8,6$1.0
1180$11,4,7,12,14,1,13,5,9,15,10,3,16,10,8,6$1.0
1181$11,4,7,12,14,1,13,5,9,15,10,3,16,12,8,6$1.0
1182$11,4,7,12,14,1,13,5,9,15,10,3,16,12,8,6$1.0
1183$11,4,7,12,14,1,13,5,9,15,10,3,16,12,8,6$1.0
1184$11,4,7,5,14,1,13,5,9,15,10,3,16,12,8,6$1.0
1185$11,4,7,12,14,1,13,5,9,15,10,3,16,12,8,6$1.0
1186$11,4,7,12,14,1,13,5,9,15,10,3,16,12,8,6$1.0
1187$11,4,7,12,14,1,13,5,9,15,10,3,16,12,8,6$1.0
1188$11,4,7,12,14,1,13,5,9,15,10,3,16,12,8,6$1.0
1189$11,4,7,12,14,1,13,5,9,15,10,3,16,12,8,6$1.0
1190$11,4,7,12,14,1,13,5,9,15,10,3,16,12,8,6$1.0
1191$11,4,7,12,14,1,13,5,9,15,10,3,16,12,8,6$1.0
1192$11,4,7,12,14,1,13,5,9,15,10,3,16,12,2,6$1.0
1193$11,4,7,12,14,1,13,5,9,15,10,3,16,12,8,6$1.0
1194$11,4,7,12,14,1,13,5,9,15,10,3,16,12,8,6$1.0
1195$11,4,7,12,14,1,13,5,9,15,10,3,16,12,8,6$1.0
1196$11,4,7,12,14,1,13,5,9,15,10,3,16,12,8,6$1.0
1197$11,4,7,12,14,1,13,5,9,15,10,3,16,12,8,6$1.0
1198$11,4,7,12,14,1,13,5,9,15,10,3,16,12,8,6$1.0
1199$11,4,7,12,14,1,13,5,9,15,10,3,16,12,8,6$1.0
1200$11,4,7,12,14,1,13,5,9,15,10,3,16,12,8,6$1.0
1201$11,4,7,12,14,1,13,5,9,15,10,3,16,12,8,6$1.0
1202$11,4,7,12,14,1,13,5,9,15,10,3,16,12,8,6$1.0
1203$11,4,7,12,14,1,13,5,9,15,10,3,16,12,8,6$1.0
1204$11,4,7,12,14,1,13,5,9,15,10,3,16,12,8,6$1.0
1205$11,4,7,12,14,1,13,5,9,15,10,3,16,12,8,6$1.0
1206$11,4,7,12,14,1,13,5,9,15,10,3,16,10,8,6$1.0
1207$11,4,7,12,14,1,13,5,9,15,10,3,16,12,8,6$1.0
1208$11,4,7,12,14,1,13,5,9,15,10,3,16,12,8,6$1.0
1209$11,4,7,12,14,1,13,5,9,15,10,3,16,12,8,6$1.0
1210$11,4,7,12,14,1,13,5,9,15,10,3,16,12,8,6$1.0
1211$11,4,7,12,14,1,13,5,9,15,10,3,16,12,8,6$1.0
1212$11,4,7,12,14,2,13,5,9,15,10,3,16,12,8,1$1.0
1213$11,4,7,12,14,1,13,5,9,15,10,3,16,12,8,6$1.0
1214$11,4,7,12,14,2,13,5,9,15,10,3,16,12,8,6$1.0
1215$11,4,7,12,14,2,13,5,9,15,10,3,16,12,8,6$1.0
1216$11,4,7,12,14,1,13,5,9,15,10,3,16,12,8,6$1.0
1217$11,4,7,12,14,1,13,5,9,15,10,3,16,12,8,6$1.0
1218$11,4,7,12,14,1,13,5,9,15,10,3,16,12,8,6$1.0
1219$11,4,7,12,14,1,13,5,9,15,10,3,16,12,8,6$1.0
1220$11,4,7,12,14,1,13,5,9,15,10,3,16,12,8,6$1.0
1221$11,4,7,12,14,1,13,5,9,15,10,3,16,10,8,6$1.0
1222$11,4,7,12,14,1,13,5,9,15,10,3,16,12,8,6$1.0
1223$11,4,7,12,14,1,13,5,9,15,10,3,16,10,8,6$1.0
1224$11,4,7,12,14,2,13,5,9,15,10,3,16,12,8,6$1.0
1225$11,4,7,12,14,2,13,5,9,15,10,3,16,12,8,6$1.0
1226$11,4,7,12,14,1,13,5,9,15,10,3,16,12,8,6$1.0
1227$11,4,7,12,14,2,13,5,9,15,10,3,16,12,8,6$1.0
1228$11,4,7,12,14,2,13,5,9,15,10,3,16,12,8,6$1.0
1229$11,4,7,12,14,1,13,5,9,15,10,3,16,10,8,6$1.0
1230$11,4,7,12,14,1,13,5,9,15,10,3,16,12,8,6$1.0
1231$11,4,7,12,14,1,13,5,9,15,10,3,16,10,8,6$1.0
1232$11,4,7,12,14,2,13,5,9,15,10,3,16,12,8,6$1.0
1233$11,4,7,12,14,2,13,5,9,15,10,3,16,12,8,6$1.0
1234$11,4,7,12,14,1,13,5,9,15,10,3,16,12,8,6$1.0
1235$11,4,7,12,14,1,13,5,9,15,10,3,16,10,8,6$1.0
1236$11,4,7,12,14,2,13,5,9,15,10,3,16,12,8,6$1.0
1237$11,4,7,12,14,1,13,5,9,15,10,3,16,12,8,6$1.0
1238$11,4,7,12,14,1,13,5,9,15,10,3,16,12,8,6$1.0
1239$11,4,7,12,14,1,13,5,9,15,10,3,16,12,8,6$1.0
1240$11,4,7,12,14,1,13,5,9,15,10,3,16,10,8,6$1.0
1241$11,4,7,12,14,1,13,5,9,15,10,3,16,10,8,6$1.0
1242$11,4,7,12,14,1,13,5,9,15,10,3,16,10,8,6$1.0
1243$11,4,7,12,14,1,13,5,9,15,10,3,16,10,8,6$1.0
1244$11,4,7,12,14,1,13,5,9,15,10,3,16,12,8,6$1.0
1245$11,4,7,12,14,1,13,5,9,15,10,3,16,10,8,6$1.0
1246$11,4,7,12,14,1,13,5,9,15,10,3,16,10,8,6$1.0
1247$11,4,7,12,14,1,13,5,9,15,10,3,16,10,8,6$1.0
1248$11,4,7,12,14,1,13,5,9,15,10,3,16,12,8,6$1.0
1249$11,4,7,12,14,1,13,5,9,15,10,3,16,12,8,6$1.0
1250$11,4,7,12,14,1,13,5,9,15,10,3,16,10,8,6$1.0
1251$11,4,7,12,14,1,13,5,9,15,10,3,16,10,8,6$1.0
1252$11,4,7,12,14,1,13,5,9,15,10,3,16,10,8,6$1.0
1253$11,4,7,12,14,1,13,5,9,15,10,3,16,3,8,6$1.0
1254$11,4,7,12,14,1,13,5,9,15,10,3,16,3,8,6$1.0
1255$11,4,7,12,14,1,13,5,9,15,10,3,16,10,8,6$1.0
1256$2,4,7,12,14,1,13,5,9,15,10,3,16,12,8,6$1.0
1257$11,4,7,12,14,1,13,5,9,15,10,3,16,10,8,6$1.0
1258$2,4,7,12,14,1,13,5,9,15,10,3,16,3,8,6$1.0
1259$2,4,7,12,14,1,13,5,9,15,10,3,16,10,8,6$1.0
1260$11,4,7,12,14,1,13,5,9,15,10,3,16,3,8,6$1.0
1261$11,4,7,12,14,1,13,5,9,15,10,3,16,10,8,6$1.0
1262$2,4,7,12,14,1,13,5,9,15,10,3,16,10,8,6$1.0
1263$11,4,7,12,14,1,13,5,9,15,10,3,16,10,8,6$1.0
1264$11,4,7,12,14,1,13,5,9,15,10,3,16,10,8,6$1.0
1265$11,4,7,12,14,1,13,5,9,15,10,3,16,10,8,6$1.0
1266$2,4,7,12,14,1,13,5,9,15,10,3,16,10,8,6$1.0
1267$2,4,7,12,14,1,13,5,9,15,3,3,16,10,8,6$1.0
1268$2,4,7,12,14,1,13,5,9,15,10,3,16,12,8,6$1.0
1269$11,4,7,12,14,1,13,5,9,15,10,3,16,10,8,6$1.0
1270$2,4,7,12,14,1,13,5,9,15,10,3,16,12,8,6$1.0
1271$11,4,7,12,14,1,13,5,9,15,10,3,16,10,8,6$1.0
1272$2,4,7,12,14,1,13,5,9,15,10,3,16,12,8,6$1.0
1273$2,4,7,12,14,1,13,5,9,15,10,3,16,10,8,6$1.0
1274$11,4,7,12,14,1,13,5,9,15,3,3,16,10,8,6$1.0
1275$11,4,7,12,14,1,13,5,9,15,10,3,16,10,8,6$1.0
1276$11,4,7,12,14,1,13,5,9,15,10,3,16,10,8,6$1.0
1277$11,4,7,12,14,1,13,5,9,15,10,3,16,10,8,6$1.0
1278$11,4,7,12,14,1,13,5,9,15,10,3,16,10,8,6$1.0
1279$11,4,7,12,14,1,13,5,9,15,10,3,16,10,8,6$1.0
1280$11,4,7,12,14,1,13,5,9,15,3,3,16,10,8,6$1.0
1281$11,4,7,12,14,1,13,5,9,15,10,3,16,12,8,6$1.0
1282$11,4,7,12,14,1,13,5,9,15,3,3,16,10,8,6$1.0
1283$11,4,7,12,14,1,13,5,9,15,10,3,16,10,8,6$1.0
1284$11,4,7,12,14,1,13,5,9,15,10,3,16,10,8,6$1.0
1285$11,4,7,12,14,1,13,5,9,15,10,3,16,10,8,6$1.0
1286$11,4,7,12,14,1,13,5,9,15,10,3,16,10,8,6$1.0
1287$11,4,7,12,14,1,13,5,9,15,10,3,16,12,8,6$1.0
1288$2,4,7,12,14,1,13,5,9,15,10,3,16,10,8,6$1.0
1289$11,4,7,12,14,1,13,5,9,15,10,3,16,10,8,6$1.0
1290$11,4,7,12,14,1,13,5,9,15,10,3,16,10,8,6$1.0
1291$11,4,7,12,14,1,13,5,9,15,10,3,16,10,8,6$1.0
1292$11,4,7,12,14,1,13,5,9,15,10,3,16,10,8,6$1.0
1293$11,4,7,12,14,1,13,5,9,15,10,3,16,10,8,6$1.0
1294$2,4,7,12,14,1,13,5,9,15,10,3,16,10,8,6$1.0
1295$11,4,7,12,14,1,13,5,9,15,10,3,16,10,8,6$1.0
1296$11,4,7,12,14,1,13,5,9,15,3,3,16,10,8,6$1.0
1297$11,4,7,12,14,1,13,5,9,15,3,3,16,10,2,6$1.0
1298$2,4,7,12,14,1,13,5,9,15,10,3,16,10,8,6$1.0
1299$11,4,7,12,14,1,13,5,9,15,3,3,16,10,8,6$1.0
1300$2,4,7,12,14,1,13,5,9,15,10,3,16,10,8,6$1.0
1301$11,4,7,12,14,1,13,5,9,15,3,3,16,10,8,6$1.0
1302$11,4,7,12,14,1,13,5,9,15,3,3,16,10,8,6$1.0
1303$11,4,7,12,14,1,13,5,9,15,3,3,16,10,8,6$1.0
1304$11,4,7,12,14,1,13,5,9,15,10,3,16,10,8,6$1.0
1305$11,4,7,12,14,1,13,5,9,15,3,3,16,10,8,6$1.0
1306$11,4,7,12,14,1,13,5,9,15,3,3,16,10,8,6$1.0
1307$11,4,7,12,14,1,13,5,9,15,3,3,16,10,8,6$1.0
1308$11,4,7,12,14,1,13,5,9,15,3,3,16,10,8,6$1.0
1309$2,4,7,12,14,1,13,5,9,15,3,3,16,10,8,6$1.0
1310$11,4,7,12,14,1,13,5,9,15,3,3,16,10,8,6$1.0
1311$11,4,7,12,14,1,13,5,9,15,3,3,16,10,8,6$1.0
1312$2,4,7,12,14,1,13,5,9,15,10,3,16,10,8,6$1.0
1313$2,4,7,12,14,1,13,5,9,15,3,3,16,10,8,6$1.0
1314$11,4,7,12,14,1,13,5,9,15,3,3,16,10,8,6$1.0
1315$11,4,7,12,14,1,13,5,9,15,3,3,16,10,8,6$1.0
1316$2,4,7,12,14,1,13,5,9,15,3,3,16,10,8,6$1.0
1317$2,4,7,12,14,1,13,5,9,15,3,3,16,10,8,6$1.0
1318$2,4,7,12,14,1,13,5,9,15,3,3,16,10,8,6$1.0
1319$2,4,7,12,14,1,13,5,9,15,10,3,16,10,8,6$1.0
1320$11,4,7,12,14,1,13,5,9,15,3,3,16,10,8,6$1.0
1321$2,4,7,12,14,1,13,5,9,15,3,3,16,10,8,6$1.0
1322$11,4,7,12,14,1,13,5,9,15,3,3,16,10,8,6$1.0
1323$2,4,7,12,14,1,13,5,9,15,10,3,16,10,8,6$1.0
1324$2,4,7,12,14,1,13,5,9,15,3,3,16,10,8,6$1.0
1325$2,4,7,12,14,1,13,5,9,15,10,3,16,10,8,6$1.0
1326$11,4,7,12,14,1,13,5,9,15,3,3,16,10,8,6$1.0
1327$11,4,7,12,14,1,13,5,9,15,3,3,16,10,8,6$1.0
1328$11,4,7,12,14,1,13,5,9,15,10,3,16,10,8,6$1.0
1329$2,4,7,12,14,1,13,5,9,15,10,3,16,10,8,6$1.0
1330$2,4,7,12,14,1,13,5,9,15,10,3,16,10,8,6$1.0
1331$11,4,7,12,14,1,13,5,9,15,3,3,16,10,8,6$1.0
1332$2,4,7,12,14,1,13,5,9,15,10,3,16,10,8,6$1.0
1333$2,4,7,12,14,1,13,5,9,15,10,3,16,10,8,6$1.0
1334$2,4,7,12,14,1,13,5,9,15,3,3,16,10,8,6$1.0
1335$2,4,7,12,14,1,13,5,9,15,10,3,16,10,8,6$1.0
1336$2,4,7,12,14,1,13,5,9,15,3,3,16,10,8,6$1.0
1337$2,4,7,12,14,1,13,5,9,15,10,3,16,10,8,6$1.0
1338$2,4,7,12,14,1,13,5,9,15,10,3,16,10,8,6$1.0
1339$2,4,7,12,14,1,13,5,9,15,10,3,16,10,8,6$1.0
1340$2,4,7,12,14,1,13,5,9,15,10,3,16,10,8,6$1.0
1341$2,4,7,12,14,1,13,5,9,15,10,3,16,10,8,6$1.0
1342$2,4,7,12,14,1,13,5,9,15,10,3,16,10,8,6$1.0
1343$11,4,7,12,14,1,13,5,9,15,10,3,16,10,8,6$1.0
1344$2,4,7,12,14,1,13,5,9,15,10,3,16,10,8,6$1.0
1345$2,4,7,12,14,1,13,5,9,15,10,3,16,10,8,6$1.0
1346$2,4,7,12,14,1,13,5,9,15,10,3,16,10,8,6$1.0
1347$2,4,7,12,14,1,13,5,9,15,10,3,16,10,8,6$1.0
1348$11,4,7,12,14,1,13,5,9,15,10,3,16,10,8,6$1.0
1349$2,4,7,12,14,1,13,5,9,15,10,3,16,10,8,6$1.0
1350$2,4,7,12,14,1,13,5,9,15,10,3,16,10,8,6$1.0
1351$2,4,7,12,14,1,13,5,9,15,10,3,16,10,8,6$1.0
1352$2,4,7,12,14,1,13,5,9,15,10,3,16,10,8,6$1.0
1353$2,4,7,12,14,1,13,5,9,15,3,3,16,10,8,6$1.0
1354$2,4,7,12,14,1,13,5,9,15,3,3,16,10,8,6$1.0
1355$2,4,7,12,14,1,13,5,9,15,10,3,16,10,8,6$1.0
1356$2,4,7,12,14,1,13,5,9,15,10,3,16,10,8,6$1.0
1357$2,4,7,12,14,1,13,5,9,15,10,3,16,10,8,6$1.0
1358$11,4,7,12,14,1,13,5,9,15,10,3,16,10,8,6$1.0
1359$2,4,7,12,14,1,13,5,9,15,3,3,16,10,8,6$1.0
1360$2,4,7,12,14,1,13,5,9,15,3,3,16,10,8,6$1.0
1361$2,4,7,12,14,1,13,5,9,15,10,3,16,10,8,6$1.0
1362$11,4,7,12,14,1,13,5,9,15,10,3,16,10,8,6$1.0
1363$2,4,7,12,14,1,13,5,9,15,10,3,16,10,8,6$1.0
1364$11,4,7,12,14,1,13,5,9,15,10,3,16,10,8,6$1.0
1365$2,4,7,12,14,1,13,5,9,15,10,3,16,10,8,6$1.0
1366$2,4,7,12,14,1,13,5,9,15,10,3,16,10,8,6$1.0
1367$2,4,7,12,14,1,13,5,9,15,10,3,16,10,8,6$1.0
1368$11,4,7,12,14,1,13,5,9,15,3,3,16,10,8,6$1.0
1369$2,4,7,12,14,1,13,5,9,15,10,3,16,10,8,6$1.0
1370$2,4,7,12,14,1,13,5,9,15,3,3,16,10,8,6$1.0
1371$2,4,7,12,14,1,13,5,9,15,3,3,16,10,8,6$1.0
1372$2,4,7,12,14,1,13,5,9,15,10,3,16,10,8,6$1.0
1373$2,4,7,12,14,1,13,5,9,15,3,3,16,10,8,6$1.0
1374$11,4,7,12,14,1,13,5,9,15,10,3,16,10,8,6$1.0
1375$2,4,7,12,14,1,13,5,9,15,10,3,16,10,8,6$1.0
1376$2,4,7,12,14,1,13,5,9,15,3,3,16,10,8,6$1.0
1377$2,4,7,12,14,1,13,5,9,15,10,3,16,3,8,6$1.0
1378$2,4,7,12,14,1,13,5,9,15,3,3,16,10,8,6$1.0
1379$2,4,7,12,14,1,13,5,9,15,10,3,16,10,8,6$1.0
1380$11,4,7,12,14,1,13,5,9,15,3,3,16,10,8,6$1.0
1381$2,4,7,12,14,1,13,5,9,15,10,3,16,10,8,6$1.0
1382$2,4,7,12,14,1,13,5,9,15,10,3,16,3,8,6$1.0
1383$2,4,7,12,14,1,13,5,9,15,3,3,16,10,8,6$1.0
1384$2,4,7,12,14,1,13,5,9,15,3,3,16,10,8,6$1.0
1385$2,4,7,12,14,1,13,5,9,15,10,3,16,10,8,6$1.0
1386$2,4,7,12,14,1,13,5,9,15,10,3,16,10,8,6$1.0
1387$2,4,7,12,14,1,13,5,9,15,10,3,16,10,8,6$1.0
1388$2,4,7,12,14,1,13,5,9,15,10,3,16,10,8,6$1.0
1389$11,4,7,12,14,1,13,5,9,15,10,3,16,10,8,6$1.0
1390$11,4,7,12,14,1,13,5,9,15,3,3,16,10,8,6$1.0
1391$11,4,7,12,14,1,13,5,9,15,10,3,16,10,8,6$1.0
1392$2,4,7,12,14,1,13,5,9,15,10,3,16,10,8,6$1.0
1393$11,4,7,12,14,1,13,5,9,15,3,3,16,10,8,6$1.0
1394$2,4,7,12,14,1,13,5,9,15,10,3,16,10,8,6$1.0
1395$2,4,7,12,14,1,13,5,9,15,10,3,16,10,8,6$1.0
1396$2,4,7,12,14,1,13,5,9,15,3,3,16,10,8,6$1.0
1397$2,4,7,12,14,1,13,5,9,15,10,3,16,10,8,6$1.0
1398$2,4,7,12,14,1,13,5,9,15,10,3,16,10,8,6$1.0
1399$2,4,7,12,14,1,13,5,9,15,10,3,16,10,8,6$1.0
1400$11,4,7,12,14,1,13,5,9,15,3,3,16,10,8,6$1.0
1401$2,4,7,12,14,1,13,5,9,15,3,3,16,10,8,6$1.0
1402$2,4,7,12,14,1,13,5,9,15,3,3,16,10,8,6$1.0
1403$2,4,7,12,14,1,13,5,9,15,3,3,16,10,8,6$1.0
1404$2,4,7,12,14,1,13,5,9,15,10,3,16,10,8,6$1.0
1405$11,4,7,12,14,1,13,5,9,15,10,3,16,12,8,6$1.0
1406$2,4,7,12,14,1,13,5,9,15,10,3,16,10,8,6$1.0
1407$2,4,7,12,14,1,13,5,9,15,3,3,16,10,8,6$1.0
1408$2,4,7,12,14,1,13,5,9,15,10,3,16,12,8,6$1.0
1409$2,4,7,12,14,1,13,5,9,15,10,3,16,10,8,6$1.0
1410$2,4,7,12,14,1,13,5,9,15,10,3,16,10,8,6$1.0
1411$2,4,7,12,14,1,13,5,9,15,10,3,16,12,8,6$1.0
1412$2,4,7,12,14,1,13,5,9,15,10,3,16,10,8,6$1.0
1413$2,4,7,12,14,1,13,5,9,15,10,3,16,10,8,6$1.0
1414$2,4,7,12,14,1,13,5,9,15,10,3,16,10,8,6$1.0
1415$2,4,7,12,14,1,13,5,9,15,10,3,16,12,8,6$1.0
1416$2,4,7,12,14,1,13,5,9,15,10,3,16,10,8,6$1.0
1417$2,4,7,12,14,1,13,5,9,15,10,3,16,10,8,6$1.0
1418$2,4,7,12,14,1,13,5,9,15,10,3,16,10,8,6$1.0
1419$2,4,7,12,14,1,13,5,9,15,10,3,16,10,8,6$1.0
1420$2,4,7,12,14,1,13,5,9,15,10,3,16,10,8,6$1.0
1421$2,4,7,12,14,1,13,5,9,15,10,3,16,10,8,6$1.0
1422$2,4,7,12,14,1,13,5,9,15,10,3,16,10,8,6$1.0
1423$2,4,7,12,14,1,13,5,9,15,10,3,16,12,8,6$1.0
1424$2,4,7,12,14,1,13,5,9,15,10,3,16,10,8,6$1.0
1425$2,4,7,12,14,1,13,5,9,15,10,3,16,10,8,6$1.0
1426$2,4,7,12,14,1,13,5,9,15,10,3,16,12,8,6$1.0
1427$2,4,7,12,14,1,13,5,9,15,10,3,16,10,8,6$1.0
1428$2,4,7,12,14,1,13,5,9,15,10,3,16,12,8,6$1.0
1429$2,4,7,12,14,1,13,5,9,15,10,3,16,3,8,6$1.0
1430$2,4,7,12,14,1,13,5,9,15,10,3,16,10,8,6$1.0
1431$2,4,7,12,14,1,13,5,9,15,10,3,16,10,8,6$1.0
1432$2,4,7,12,14,1,13,5,9,15,10,3,16,12,8,6$1.0
1433$2,4,7,12,14,1,13,5,9,15,10,3,16,10,8,6$1.0
1434$2,4,7,12,14,1,13,5,9,15,10,3,16,10,8,6$1.0
1435$11,4,7,12,14,1,13,5,9,15,10,3,16,12,8,6$1.0
1436$2,4,7,12,14,1,13,5,9,15,10,3,16,10,8,6$1.0
1437$2,4,7,12,14,1,13,5,9,15,10,3,16,10,8,6$1.0
1438$2,4,7,12,14,1,13,5,9,15,10,3,16,12,8,6$1.0
1439$2,4,7,12,14,1,13,5,9,15,10,3,16,10,8,6$1.0
1440$2,4,7,12,14,1,13,5,9,15,10,3,16,10,8,6$1.0
1441$2,4,7,12,14,1,13,5,9,15,10,3,16,3,8,6$1.0
1442$2,4,7,12,14,1,13,5,9,15,10,3,16,12,8,6$1.0
1443$2,4,7,12,14,1,13,5,9,15,10,3,16,10,8,6$1.0
1444$2,4,7,12,14,1,13,5,9,15,10,3,16,12,8,6$1.0
1445$2,4,7,12,14,1,13,5,9,15,10,3,16,10,8,6$1.0
1446$2,4,7,12,14,1,13,5,9,15,10,3,16,3,8,6$1.0
1447$2,4,7,12,14,1,13,5,9,15,10,3,16,10,8,6$1.0
1448$2,4,7,12,14,1,13,5,9,15,10,3,16,10,8,6$1.0
1449$2,4,7,12,14,1,13,5,9,15,10,3,16,12,8,6$1.0
1450$2,4,7,12,14,1,13,5,9,15,10,3,16,12,8,6$1.0
1451$2,4,7,12,14,1,13,5,9,15,10,3,16,12,8,6$1.0
1452$2,4,7,12,14,1,13,5,9,15,10,3,16,12,8,6$1.0
1453$11,4,7,12,14,2,13,5,9,15,10,3,16,3,8,6$1.0
1454$2,4,7,12,14,1,13,5,9,15,10,3,16,3,8,6$1.0
1455$2,4,7,12,14,1,13,5,9,15,10,3,16,12,8,6$1.0
1456$11,4,7,12,14,1,13,5,9,15,10,3,16,3,8,6$1.0
1457$11,4,7,12,14,1,13,5,9,15,10,3,16,12,8,6$1.0
1458$2,4,7,12,14,1,13,5,9,15,10,3,16,12,8,6$1.0
1459$11,4,7,12,14,2,13,5,9,15,10,3,16,12,8,6$1.0
1460$11,4,7,12,14,1,13,5,9,15,10,3,16,3,8,6$1.0
1461$11,4,7,12,14,2,13,5,9,15,10,3,16,12,8,6$1.0
1462$11,4,7,12,14,2,13,5,9,15,10,3,16,12,8,6$1.0
1463$2,4,7,12,14,1,13,5,9,15,10,3,16,12,8,6$1.0
1464$2,4,7,12,14,1,13,5,9,15,10,3,16,12,8,6$1.0
1465$2,4,7,12,14,1,13,5,9,15,10,3,16,12,8,6$1.0
1466$11,4,7,12,14,1,13,5,9,15,10,3,16,12,8,6$1.0
1467$11,4,7,12,14,1,13,5,9,15,10,3,16,12,8,6$1.0
1468$2,4,7,12,14,1,13,5,9,15,10,3,16,12,8,6$1.0
1469$11,4,7,12,14,1,13,5,9,15,10,3,16,12,8,6$1.0
1470$11,4,7,12,14,1,13,5,9,15,10,3,16,12,8,6$1.0
1471$2,4,7,12,14,1,13,5,9,15,10,3,16,12,8,6$1.0
1472$11,4,7,12,14,1,13,5,9,15,10,3,16,12,8,6$1.0
1473$11,4,7,12,14,1,13,5,9,15,10,3,16,12,8,6$1.0
1474$2,4,7,12,14,1,13,5,9,15,10,3,16,12,8,6$1.0
1475$11,4,7,12,14,2,13,5,9,15,10,3,16,12,8,6$1.0
1476$2,4,7,12,14,1,13,5,9,15,10,3,16,12,8,6$1.0
1477$11,4,7,12,14,1,13,5,9,15,10,3,16,12,8,6$1.0
1478$11,4,7,12,14,2,13,5,9,15,10,3,16,12,8,6$1.0
1479$11,4,7,12,14,2,13,5,9,15,10,3,16,12,8,6$1.0
1480$11,4,7,12,14,2,13,5,9,15,10,3,16,12,8,6$1.0
1481$11,4,7,12,14,2,13,5,9,15,10,3,16,12,8,6$1.0
1482$11,4,7,12,14,2,13,5,9,15,10,3,16,12,8,6$1.0
1483$11,4,7,12,14,2,13,5,9,15,10,3,16,12,8,6$1.0
1484$11,4,7,12,14,1,13,5,9,15,10,3,16,12,8,6$1.0
1485$11,4,7,12,14,1,13,5,9,15,10,3,16,12,8,6$1.0
1486$11,4,7,12,14,1,13,5,9,15,10,3,16,12,8,6$1.0
1487$2,4,7,12,14,1,13,5,9,15,10,3,16,12,8,6$1.0
1488$11,4,7,12,14,1,13,5,9,15,3,3,16,10,8,6$1.0
1489$11,4,7,12,14,1,13,5,9,15,10,3,16,10,8,6$1.0
1490$11,4,7,12,14,2,13,5,9,15,10,3,16,12,8,6$1.0
1491$11,4,7,12,14,1,13,5,9,15,10,3,16,10,8,6$1.0
1492$2,4,7,12,14,1,13,5,9,15,10,3,16,3,8,6$1.0
1493$11,4,7,12,14,1,13,5,9,15,10,3,16,12,8,6$1.0
1494$2,4,7,12,14,1,13,5,9,15,10,3,16,3,8,6$1.0
1495$2,4,7,12,14,1,13,5,9,15,10,3,16,3,8,6$1.0
1496$2,4,7,12,14,1,13,5,9,15,10,3,16,3,8,6$1.0
1497$2,4,7,12,14,1,13,5,9,15,10,3,16,3,8,6$1.0
1498$2,4,7,12,14,1,13,5,9,15,10,3,16,12,8,6$1.0
1499$2,4,7,12,14,1,13,5,9,15,10,3,16,12,8,6$1.0
1500$2,4,7,12,14,1,13,5,9,15,10,3,16,12,8,6$1.0
1501$2,4,7,12,14,1,13,5,9,15,10,3,16,12,8,6$1.0
1502$11,4,7,12,14,1,13,5,9,15,10,3,16,3,8,6$1.0
1503$2,4,7,12,14,1,13,5,9,15,10,3,16,12,8,6$1.0
1504$2,4,7,12,14,1,13,5,9,15,10,3,16,3,8,6$1.0
1505$2,4,7,12,14,1,13,5,9,15,10,3,16,3,8,6$1.0
1506$11,4,7,12,14,1,13,5,9,15,10,3,16,12,8,6$1.0
1507$2,4,7,12,14,1,13,5,9,15,10,3,16,3,8,6$1.0
1508$2,4,7,12,14,1,13,5,9,15,10,3,16,12,8,6$1.0
1509$11,4,7,12,14,2,13,5,9,15,10,3,16,3,8,6$1.0
1510$11,4,7,12,14,1,13,5,9,15,10,3,16,12,8,6$1.0
1511$11,4,7,12,14,2,13,5,9,15,10,3,16,12,8,6$1.0
1512$11,4,7,12,14,2,13,5,9,15,10,3,16,3,8,6$1.0
1513$2,4,7,12,14,1,13,5,9,15,10,3,16,3,8,6$1.0
1514$2,4,7,12,14,1,13,5,9,15,10,3,16,3,8,6$1.0
1515$11,4,7,12,14,1,13,5,9,15,10,3,16,3,8,6$1.0
1516$11,4,7,12,14,1,13,5,9,15,10,3,16,3,8,6$1.0
1517$11,4,7,12,14,1,13,5,9,15,10,3,16,12,2,6$1.0
1518$11,4,7,12,14,1,13,5,9,15,10,3,16,12,2,6$1.0
1519$2,4,7,12,14,1,13,5,9,15,10,3,16,12,8,6$1.0
1520$2,4,7,12,14,1,13,5,9,15,10,3,16,12,8,6$1.0
1521$11,4,7,12,14,2,13,5,9,15,10,3,16,12,8,6$1.0
1522$2,4,7,12,14,1,13,5,9,15,10,3,16,3,8,6$1.0
1523$2,4,7,12,14,1,13,5,9,15,10,3,16,12,8,6$1.0
1524$11,4,7,12,14,2,13,5,9,15,10,3,16,12,8,6$1.0
1525$2,4,7,12,14,1,13,5,9,15,10,3,16,3,8,6$1.0
1526$2,4,7,12,14,1,13,5,9,15,10,3,16,3,8,6$1.0
1527$2,4,7,12,14,1,13,5,9,15,10,3,16,12,8,6$1.0
1528$2,4,7,12,14,1,13,5,9,15,10,3,16,10,8,6$1.0
1529$11,4,7,12,14,1,13,5,9,15,10,3,16,12,8,6$1.0
1530$2,4,7,12,14,1,13,5,9,15,10,3,16,3,8,6$1.0
1531$11,4,7,12,14,1,13,5,9,15,10,3,16,3,8,6$1.0
1532$11,4,7,12,14,1,13,5,9,15,10,3,16,12,8,6$1.0
1533$2,4,7,12,14,1,13,5,9,15,10,3,16,3,8,6$1.0
1534$11,4,7,12,14,1,13,5,9,15,10,3,16,12,8,6$1.0
1535$11,4,7,12,14,1,13,5,9,15,10,3,16,12,8,6$1.0
1536$2,4,7,12,14,1,13,5,9,15,10,3,16,3,8,6$1.0
1537$11,4,7,12,14,1,13,5,9,15,10,3,16,12,8,6$1.0
1538$11,4,7,12,14,1,13,5,9,15,10,3,16,3,8,6$1.0
1539$2,4,7,12,14,1,13,5,9,15,10,3,16,12,8,6$1.0
1540$2,4,7,12,14,1,13,5,9,15,10,3,16,12,8,6$1.0
1541$11,4,7,12,14,1,13,5,9,15,10,3,16,3,8,6$1.0
1542$2,4,7,12,14,1,13,5,9,15,10,3,16,3,8,6$1.0
1543$2,4,7,12,14,1,13,5,9,15,10,3,16,12,8,6$1.0
1544$2,4,7,12,14,1,13,5,9,15,10,3,16,3,8,6$1.0
1545$2,4,7,12,14,1,13,5,9,15,10,3,16,12,8,6$1.0
1546$2,4,7,12,14,1,13,5,9,15,10,3,16,3,8,6$1.0
1547$2,4,7,12,14,1,13,5,9,15,10,3,16,3,8,6$1.0
1548$2,4,7,12,14,1,13,5,9,15,10,3,16,3,8,6$1.0
1549$2,4,7,12,14,1,13,5,9,15,10,3,16,12,8,6$1.0
1550$2,4,7,12,14,1,13,5,9,15,10,3,16,12,8,6$1.0
1551$2,4,7,12,14,1,13,5,9,15,10,3,16,12,8,6$1.0
1552$2,4,7,12,14,1,13,5,9,15,10,3,16,3,8,6$1.0
1553$2,4,7,12,14,1,13,5,9,15,10,3,16,12,8,6$1.0
1554$2,4,7,12,14,1,13,5,9,15,10,3,16,12,8,6$1.0
1555$2,4,7,12,14,1,13,5,9,15,10,3,16,12,8,6$1.0
1556$2,4,7,12,14,1,13,5,9,15,10,3,16,12,8,6$1.0
1557$2,4,7,12,14,1,13,5,9,15,10,3,16,12,8,6$1.0
1558$2,4,7,12,14,1,13,5,9,15,10,3,16,12,8,6$1.0
1559$2,4,7,12,14,1,13,5,9,15,10,3,16,12,8,6$1.0
1560$2,4,7,12,14,1,13,5,9,15,10,3,16,12,8,6$1.0
1561$2,4,7,12,14,1,13,5,9,15,10,3,16,12,8,6$1.0
1562$2,4,7,12,14,1,13,5,9,15,10,3,16,3,8,6$1.0
1563$2,4,7,12,14,1,13,5,9,15,10,3,16,3,8,6$1.0
1564$2,4,7,12,14,1,13,5,9,15,10,3,16,12,8,6$1.0
1565$2,4,7,12,14,1,13,5,9,15,10,3,16,12,8,6$1.0
1566$2,4,7,12,14,1,13,5,9,15,10,3,16,12,8,6$1.0
1567$2,4,7,12,14,1,13,5,9,15,10,3,16,12,8,6$1.0
1568$2,4,7,12,14,1,13,5,9,15,10,3,16,3,8,6$1.0
1569$2,4,7,12,14,1,13,5,9,15,10,3,16,12,8,6$1.0
1570$2,4,7,12,14,1,13,5,9,15,10,3,16,12,8,6$1.0
1571$2,4,7,12,14,1,13,5,9,15,10,3,16,3,8,6$1.0
1572$2,4,7,12,14,1,13,5,9,15,10,3,16,12,8,6$1.0
1573$2,4,7,12,14,1,13,5,9,15,10,3,16,12,8,6$1.0
1574$2,4,7,12,14,1,13,5,9,15,10,3,16,12,8,6$1.0
1575$2,4,7,12,14,1,13,5,9,15,10,3,16,12,8,6$1.0
1576$2,4,7,12,14,1,13,5,9,15,10,3,16,3,8,6$1.0
1577$2,4,7,12,14,1,13,5,9,15,10,3,16,12,8,6$1.0
1578$2,4,7,12,14,1,13,5,9,15,10,3,16,3,8,6$1.0
1579$2,4,7,12,14,1,13,5,9,15,10,3,16,12,8,6$1.0
1580$2,4,7,12,14,1,13,5,9,15,10,3,16,12,8,6$1.0
1581$2,4,7,12,14,1,13,5,9,15,10,3,16,12,8,6$1.0
1582$2,4,7,12,14,1,13,5,9,15,10,3,16,12,8,6$1.0
1583$2,4,7,12,14,1,13,5,9,15,10,3,16,3,8,6$1.0
1584$2,4,7,12,14,1,13,5,9,15,10,3,16,12,8,6$1.0
1585$2,4,7,12,14,1,13,5,9,15,10,3,16,12,8,6$1.0
1586$2,4,7,12,14,1,13,5,9,15,10,3,16,12,8,6$1.0
1587$2,4,7,12,14,1,13,5,9,15,10,3,16,3,8,6$1.0
1588$2,4,7,12,14,1,13,5,9,15,10,3,16,12,8,6$1.0
1589$2,4,7,12,14,1,13,5,9,15,10,3,16,12,8,6$1.0
1590$2,4,7,12,14,1,13,5,9,15,10,3,16,3,8,6$1.0
1591$2,4,7,12,14,1,13,5,9,15,10,3,16,12,8,6$1.0
1592$2,4,7,12,14,1,13,5,9,15,10,3,16,12,8,6$1.0
1593$2,4,7,12,14,1,13,5,9,15,10,3,16,3,8,6$1.0
1594$2,4,7,12,14,1,13,5,9,15,10,3,16,3,8,6$1.0
1595$2,4,7,12,14,1,13,5,9,15,10,3,16,3,8,6$1.0
1596$2,4,7,12,14,1,13,5,9,15,10,3,16,3,8,6$1.0
1597$2,4,7,12,14,1,13,5,9,15,10,3,16,3,8,6$1.0
1598$2,4,7,12,14,1,13,5,9,15,10,3,16,3,8,6$1.0
1599$11,4,7,12,14,1,13,5,9,15,10,3,16,12,8,6$1.0
1600$11,4,7,12,14,1,13,5,9,15,10,3,16,3,8,6$1.0
1601$2,4,7,12,14,1,13,5,9,15,10,3,16,12,8,6$1.0
1602$11,4,7,12,14,1,13,5,9,15,10,3,16,3,8,6$1.0
1603$11,4,7,12,14,1,13,5,9,15,10,3,16,12,8,6$1.0
1604$2,4,7,12,14,1,13,5,9,15,10,3,16,12,8,6$1.0
1605$2,4,7,12,14,1,13,5,9,15,10,3,16,12,8,6$1.0
1606$11,4,7,12,14,1,13,5,9,15,10,3,16,3,8,6$1.0
1607$2,4,7,12,14,1,13,5,9,15,10,3,16,3,8,6$1.0
1608$2,4,7,12,14,1,13,5,9,15,10,3,16,12,8,6$1.0
1609$2,4,7,12,14,1,13,5,9,15,10,3,16,12,8,6$1.0
1610$2,4,7,12,14,1,13,5,9,15,10,3,16,3,8,6$1.0
1611$2,4,7,12,14,1,13,5,9,15,10,3,16,3,8,6$1.0
1612$2,4,7,12,14,1,13,5,9,15,10,3,16,12,8,6$1.0
1613$2,4,7,12,14,1,13,5,9,15,10,3,16,3,8,6$1.0
1614$11,4,7,12,14,1,13,5,9,15,10,3,16,3,8,6$1.0
1615$2,4,7,12,14,1,13,5,9,15,10,3,16,3,8,6$1.0
1616$2,4,7,12,14,1,13,5,9,15,10,3,16,10,8,6$1.0
1617$2,4,7,12,14,1,13,5,9,15,10,3,16,3,8,6$1.0
1618$2,4,7,12,14,1,13,5,9,15,10,3,16,12,8,6$1.0
1619$2,4,7,12,14,1,13,5,9,15,10,3,16,3,8,6$1.0
1620$2,4,7,12,14,1,13,5,9,15,10,3,16,3,8,6$1.0
1621$2,4,7,12,14,1,13,5,9,15,10,3,16,3,8,6$1.0
1622$2,4,7,12,14,1,13,5,9,15,10,3,16,3,8,6$1.0
1623$2,4,7,12,14,1,13,5,9,15,10,3,16,3,8,6$1.0
1624$2,4,7,12,14,1,13,5,9,15,10,3,16,3,8,6$1.0
1625$2,4,7,12,14,1,13,5,9,15,10,3,16,3,8,6$1.0
1626$2,4,7,12,14,1,13,5,9,15,10,3,16,3,8,6$1.0
1627$2,4,7,12,14,1,13,5,9,15,10,3,16,3,8,6$1.0
1628$2,4,7,12,14,1,13,5,9,15,10,3,16,3,11,6$1.0
1629$2,4,7,12,14,1,13,5,9,15,10,3,16,3,8,6$1.0
1630$11,4,7,12,14,1,13,5,9,15,10,3,16,3,8,6$1.0
1631$2,4,7,12,14,1,13,5,9,15,10,3,16,3,8,6$1.0
1632$11,4,7,12,14,1,13,5,9,15,10,3,16,3,8,6$1.0
1633$2,4,7,12,14,1,13,5,9,15,10,3,16,3,8,6$1.0
1634$2,4,7,12,14,1,13,5,9,15,10,3,16,3,11,6$1.0
1635$2,4,7,12,14,1,13,5,9,15,10,3,16,12,8,6$1.0
1636$2,4,7,12,14,1,13,5,9,15,10,3,16,3,8,6$1.0
1637$2,4,7,12,14,1,13,5,9,15,10,3,16,3,8,6$1.0
1638$2,4,7,12,14,1,13,5,9,15,10,3,16,3,11,6$1.0
1639$8,4,7,12,14,1,13,5,9,15,10,3,16,3,11,6$1.0
1640$2,4,7,12,14,1,13,5,9,15,10,3,16,3,11,6$1.0
1641$2,4,7,12,14,1,13,5,9,15,10,3,16,3,11,6$1.0
1642$2,4,7,12,14,1,13,5,9,15,10,3,16,3,11,6$1.0
1643$2,4,7,12,14,1,13,5,9,15,10,3,16,3,8,6$1.0
1644$2,4,7,12,14,1,13,5,9,15,10,3,16,3,11,6$1.0
1645$2,4,7,12,14,1,13,5,9,15,10,3,16,3,11,6$1.0
1646$2,4,7,12,14,1,13,5,9,15,10,3,16,3,11,6$1.0
1647$2,4,7,12,14,1,13,5,9,15,10,3,16,3,11,6$1.0
1648$2,4,7,12,14,1,13,5,9,15,10,3,16,12,8,6$1.0
1649$2,4,7,12,14,1,13,5,9,15,10,3,16,12,8,6$1.0
1650$2,4,7,12,14,1,13,5,9,15,10,3,16,12,8,6$1.0
1651$2,4,7,12,14,1,13,5,9,15,10,3,16,12,8,6$1.0
1652$2,4,7,12,14,1,13,5,9,15,10,3,16,3,11,6$1.0
1653$2,4,7,12,14,1,13,5,9,15,10,3,16,3,11,6$1.0
1654$2,4,7,12,14,1,13,5,9,15,10,3,16,12,8,6$1.0
1655$2,4,7,12,14,1,13,5,9,15,10,3,16,12,8,6$1.0
1656$2,4,7,12,14,1,13,5,9,15,10,3,16,12,8,6$1.0
1657$2,4,7,12,14,1,13,5,9,15,10,3,16,12,8,6$1.0
1658$2,4,7,12,14,1,13,5,9,15,10,3,16,12,8,6$1.0
1659$2,4,7,12,14,1,13,5,9,15,10,3,16,12,8,6$1.0
1660$2,4,7,12,14,1,13,5,9,15,10,3,16,12,8,6$1.0
1661$2,4,7,12,14,1,13,5,9,15,10,3,16,3,11,6$1.0
1662$11,4,7,12,14,1,13,5,9,15,10,3,16,12,8,6$1.0
1663$2,4,7,12,14,1,13,5,9,15,10,3,16,12,8,6$1.0
1664$2,4,7,12,14,1,13,5,9,15,10,3,16,3,11,6$1.0
1665$2,4,7,12,14,1,13,5,9,15,10,3,16,12,8,6$1.0
1666$2,4,7,12,14,1,13,5,9,15,10,3,16,12,8,6$1.0
1667$2,4,7,12,14,1,13,5,9,15,10,3,16,12,8,6$1.0
1668$2,4,7,12,14,1,13,5,9,15,10,3,16,12,8,6$1.0
1669$2,4,7,12,14,1,13,5,9,15,10,3,16,3,11,6$1.0
1670$2,4,7,12,14,1,13,5,9,15,10,3,16,12,8,6$1.0
1671$2,4,7,12,14,1,13,5,9,15,10,3,16,12,8,6$1.0
1672$2,4,7,12,14,1,13,5,9,15,10,3,16,12,8,6$1.0
1673$2,4,7,12,14,1,13,5,9,15,10,3,16,12,8,6$1.0
1674$11,4,7,12,14,1,13,5,9,15,10,3,16,12,8,6$1.0
1675$2,4,7,12,14,1,13,5,9,15,10,3,16,12,8,6$1.0
1676$2,4,7,12,14,1,13,5,9,15,10,3,16,12,8,6$1.0
1677$2,4,7,12,14,1,13,5,9,15,10,3,16,12,8,6$1.0
1678$2,4,7,12,14,1,13,5,9,15,10,3,16,12,8,6$1.0
1679$2,4,7,12,14,1,13,5,9,15,10,3,16,12,8,6$1.0
1680$2,4,7,12,14,1,13,5,9,15,10,3,16,12,8,6$1.0
1681$2,4,7,12,14,1,13,5,9,15,10,3,16,12,8,6$1.0
1682$2,4,7,12,14,1,13,5,9,15,10,3,16,12,8,6$1.0
1683$2,4,7,12,14,1,13,5,9,15,10,3,16,12,8,6$1.0
1684$2,15,7,12,14,1,13,5,9,4,10,3,16,12,8,6$1.0
1685$2,4,7,12,14,1,13,5,9,15,10,3,16,12,8,6$1.0
1686$2,4,7,12,14,1,13,5,9,15,10,3,16,12,8,6$1.0
1687$2,4,7,12,14,1,13,5,9,15,10,3,16,12,8,6$1.0
1688$2,4,7,12,14,1,13,5,9,15,10,3,16,12,8,6$1.0
1689$2,4,7,12,14,1,13,5,9,15,10,3,16,12,8,6$1.0
1690$2,4,7,12,14,1,13,5,9,15,10,3,16,12,8,6$1.0
1691$2,4,7,12,14,1,13,5,9,15,10,3,16,12,8,6$1.0
1692$2,4,7,12,14,1,13,5,9,15,10,3,16,12,8,6$1.0
1693$2,4,7,12,14,1,13,5,9,15,10,3,16,12,8,6$1.0
1694$2,4,7,12,14,1,13,5,9,15,10,3,16,12,8,6$1.0
1695$2,4,7,12,14,1,13,5,9,15,10,3,16,12,8,6$1.0
1696$2,4,7,12,14,1,13,5,9,15,10,3,16,12,8,6$1.0
1697$2,4,7,12,14,1,13,5,9,15,10,3,16,12,8,6$1.0
1698$2,4,7,12,14,1,13,5,9,15,10,3,16,10,8,6$1.0
1699$2,4,7,12,14,1,13,5,9,15,10,3,16,12,8,6$1.0
1700$2,4,7,12,14,1,13,5,9,15,10,3,16,12,8,6$1.0
1701$2,4,7,12,14,1,13,5,9,15,10,3,16,12,8,6$1.0
1702$2,4,7,12,14,1,13,5,9,15,10,3,16,12,8,6$1.0
1703$2,4,7,12,14,1,13,5,9,15,10,3,16,12,8,6$1.0
1704$2,4,7,12,14,1,13,5,9,15,10,3,16,12,8,6$1.0
1705$2,4,7,12,14,1,13,5,9,15,10,3,16,12,8,6$1.0
1706$2,4,7,12,14,1,13,5,9,15,10,3,16,12,8,6$1.0
1707$2,4,7,12,14,1,13,5,9,15,10,3,16,12,8,6$1.0
1708$2,4,7,12,14,1,13,5,9,15,10,3,16,12,8,6$1.0
1709$2,4,7,12,14,1,13,5,9,15,10,3,16,12,8,6$1.0
1710$11,4,7,12,14,1,13,5,9,15,10,3,16,12,8,6$1.0
1711$11,4,7,12,14,1,13,5,9,15,10,3,16,12,8,6$1.0
1712$2,4,7,12,14,1,13,5,9,15,10,3,16,12,8,6$1.0
1713$2,4,7,12,14,1,13,5,9,15,10,3,16,12,8,6$1.0
1714$2,4,7,12,14,1,13,5,9,15,10,3,16,12,8,6$1.0
1715$2,4,7,12,14,1,13,5,9,15,10,3,16,12,8,6$1.0
1716$2,4,7,12,14,1,13,5,9,15,10,3,16,12,8,6$1.0
1717$2,4,7,12,14,1,13,5,9,15,10,3,16,12,8,6$1.0
1718$11,4,7,12,14,1,13,5,9,15,10,3,16,12,8,6$1.0
1719$2,4,7,12,14,1,13,5,9,15,10,3,16,12,8,6$1.0
1720$2,4,7,12,14,1,13,5,9,15,10,3,16,12,8,6$1.0
1721$2,4,7,12,14,1,13,5,9,15,10,3,16,12,8,6$1.0
1722$2,4,7,12,14,1,13,5,9,15,10,3,16,12,8,6$1.0
1723$2,4,7,12,14,1,13,5,9,15,10,3,16,12,8,6$1.0
1724$2,4,7,12,14,1,13,5,9,15,10,3,16,12,8,6$1.0
1725$2,4,7,12,14,1,13,5,9,15,10,3,16,3,8,6$1.0
1726$2,4,7,12,14,1,13,5,9,15,10,3,16,12,8,6$1.0
1727$2,4,7,12,14,1,13,5,9,15,10,3,16,12,8,6$1.0
1728$2,4,7,12,14,1,13,5,9,15,10,3,16,12,8,6$1.0
1729$2,4,7,12,14,1,13,5,9,15,10,3,16,12,8,6$1.0
1730$2,4,7,12,14,1,13,5,9,15,10,3,16,3,8,6$1.0
1731$11,4,7,12,14,1,13,5,9,15,10,3,16,12,8,6$1.0
1732$11,4,7,12,14,1,13,5,9,15,10,3,16,12,8,6$1.0
1733$2,4,7,12,14,1,13,5,9,15,10,3,16,3,8,6$1.0
1734$2,4,7,12,14,1,13,5,9,15,10,3,16,3,8,6$1.0
1735$11,4,7,12,14,1,13,5,9,15,10,3,16,12,8,6$1.0
1736$11,4,7,12,14,1,13,5,9,15,10,3,16,3,8,6$1.0
1737$11,4,7,12,14,1,13,5,9,15,10,3,16,3,8,6$1.0
1738$2,4,7,12,14,1,13,5,9,15,10,3,16,3,8,6$1.0
1739$2,4,7,12,14,1,13,5,9,15,10,3,16,12,8,6$1.0
1740$2,4,7,12,14,1,13,5,9,15,10,3,16,12,8,6$1.0
1741$2,4,7,12,14,1,13,5,9,15,10,3,16,12,8,6$1.0
1742$2,4,7,12,14,1,13,5,9,15,10,3,16,12,8,6$1.0
1743$2,4,7,12,14,1,13,5,9,15,10,3,16,3,8,6$1.0
1744$2,4,7,12,14,1,13,5,9,15,10,3,16,12,8,6$1.0
1745$11,4,7,12,14,1,13,5,9,15,10,3,16,12,8,6$1.0
1746$11,4,7,12,14,1,13,5,9,15,10,3,16,10,8,6$1.0
1747$2,4,7,12,14,1,13,5,9,15,10,3,16,12,8,6$1.0
1748$11,4,7,12,14,1,13,5,9,15,10,3,16,12,8,6$1.0
1749$11,4,7,12,14,1,13,5,9,15,10,3,16,10,8,6$1.0
1750$2,4,7,12,14,1,13,5,9,15,10,3,16,10,8,6$1.0
1751$11,4,7,12,14,1,13,5,9,15,10,3,16,12,8,6$1.0
1752$11,4,7,12,14,1,13,5,9,15,10,3,16,10,8,6$1.0
1753$11,4,7,12,14,1,13,5,9,15,10,3,16,10,8,6$1.0
1754$2,4,7,12,14,1,13,5,9,15,10,3,16,10,8,6$1.0
1755$11,4,7,12,14,1,13,5,9,15,10,3,16,10,8,6$1.0
1756$11,4,7,12,14,1,13,5,9,15,10,3,16,12,8,6$1.0
1757$11,4,7,12,14,2,13,5,9,15,10,3,16,12,8,6$1.0
1758$11,4,7,12,14,2,13,5,9,15,10,3,16,12,8,6$1.0
1759$11,4,7,12,14,1,13,5,9,15,10,3,16,10,8,6$1.0
1760$11,4,7,12,14,1,13,5,9,15,10,3,16,12,2,6$1.0
1761$11,4,7,12,14,1,13,5,9,15,10,3,16,10,8,6$1.0
1762$11,4,7,12,14,1,13,5,9,15,10,3,16,10,8,6$1.0
1763$11,4,7,12,14,1,13,5,9,15,10,3,16,12,8,6$1.0
1764$2,4,7,12,14,1,13,5,9,15,10,3,16,10,8,6$1.0
1765$11,4,7,12,14,1,13,5,9,15,10,3,16,10,8,6$1.0
1766$11,4,7,12,14,1,13,5,9,15,10,3,16,10,8,6$1.0
1767$11,4,7,12,14,1,13,5,9,15,10,3,16,10,8,6$1.0
1768$11,4,7,12,14,1,13,5,9,15,10,3,16,10,8,6$1.0
1769$11,4,7,12,14,1,13,5,9,15,10,3,16,10,8,6$1.0
1770$11,4,7,12,14,1,13,5,9,15,10,3,16,10,8,6$1.0
1771$11,4,7,12,14,1,13,5,9,15,10,3,16,10,8,6$1.0
1772$11,4,7,12,14,1,13,5,9,15,10,3,16,10,8,6$1.0
1773$11,4,7,12,14,1,13,5,9,15,10,3,16,10,8,6$1.0
1774$11,4,7,12,14,1,13,5,9,15,10,3,16,10,8,6$1.0
1775$11,4,7,12,14,1,13,5,9,15,10,3,16,3,8,6$1.0
1776$11,4,7,12,14,1,13,5,9,15,10,3,16,10,8,6$1.0
1777$11,4,7,12,14,1,13,5,9,15,10,3,16,10,8,6$1.0
1778$11,4,7,12,14,1,13,5,9,15,10,3,16,3,8,6$1.0
1779$11,4,7,12,14,1,13,5,9,15,10,3,16,10,8,6$1.0
1780$11,4,7,12,14,1,13,5,9,15,10,3,16,12,8,6$1.0
1781$11,4,7,12,14,1,13,5,9,15,10,3,16,10,8,6$1.0
1782$11,4,7,12,14,1,13,5,9,15,10,3,16,10,8,6$1.0
1783$11,4,7,12,14,1,13,5,9,15,10,3,16,10,8,6$1.0
1784$11,4,7,12,14,1,13,5,9,15,10,3,16,10,8,6$1.0
1785$11,4,7,12,14,1,13,5,9,15,10,3,16,12,8,6$1.0
1786$11,4,7,12,14,2,13,5,9,15,10,3,16,12,8,6$1.0
1787$11,4,7,12,14,1,13,5,9,15,10,3,16,3,8,6$1.0
1788$11,4,7,12,14,1,13,5,9,15,10,3,16,10,8,6$1.0
1789$11,4,7,12,14,1,13,5,9,15,10,3,16,12,8,6$1.0
1790$11,4,7,12,14,1,13,5,9,15,10,3,16,10,8,6$1.0
1791$11,4,7,12,14,1,13,5,9,15,10,3,16,3,8,6$1.0
1792$11,4,7,12,14,1,13,5,9,15,10,3,16,10,2,6$1.0
1793$11,4,7,12,14,1,13,5,9,15,10,3,16,12,8,6$1.0
1794$11,4,7,12,14,1,13,5,9,15,10,3,16,12,8,6$1.0
1795$2,4,7,12,14,1,13,5,9,15,10,3,16,12,8,6$1.0
1796$2,4,7,12,14,1,13,5,9,15,10,3,16,10,8,6$1.0
1797$2,4,7,12,14,1,13,5,9,15,10,3,16,3,8,6$1.0
1798$11,4,7,12,14,1,13,5,9,15,10,3,16,3,8,6$1.0
1799$11,4,7,12,14,1,13,5,9,15,10,3,16,3,8,6$1.0
1800$11,4,7,12,14,1,13,5,9,15,10,3,16,3,8,6$1.0
1801$11,4,7,12,14,1,13,5,9,15,10,3,16,3,8,6$1.0
1802$2,4,7,12,14,1,13,5,9,15,10,3,16,12,8,6$1.0
1803$11,4,7,12,14,1,13,5,9,15,10,3,16,3,8,6$1.0
1804$11,4,7,12,14,1,13,5,9,15,10,3,16,12,8,6$1.0
1805$11,4,7,12,14,1,13,5,9,15,10,3,16,3,8,6$1.0
1806$11,4,7,12,14,1,13,5,9,15,10,3,16,10,8,6$1.0
1807$11,4,7,12,14,1,13,5,9,15,10,3,16,10,8,6$1.0
1808$11,4,7,12,14,1,13,5,9,15,10,3,16,3,8,6$1.0
1809$11,4,7,12,14,1,13,5,9,15,10,3,16,3,8,6$1.0
1810$11,4,7,12,14,1,13,5,9,15,10,3,16,10,8,6$1.0
1811$11,4,7,5,14,1,13,5,9,15,10,3,16,12,8,6$1.0
1812$11,4,7,12,14,1,13,5,9,15,10,3,16,3,8,6$1.0
1813$11,4,7,12,14,1,13,5,9,15,10,3,16,3,8,6$1.0
1814$11,4,7,12,14,1,13,5,9,15,10,3,16,3,8,6$1.0
1815$11,4,7,12,14,1,13,5,9,15,10,3,16,12,8,6$1.0
1816$11,4,7,12,14,1,13,5,9,15,10,3,16,12,8,6$1.0
1817$2,4,7,12,14,1,13,5,9,15,10,3,16,3,8,6$1.0
1818$11,4,7,12,14,1,13,5,9,15,10,3,16,3,8,6$1.0
1819$2,4,7,12,14,1,13,5,9,15,10,3,16,3,8,6$1.0
1820$11,4,7,12,14,1,13,5,9,15,10,3,16,3,8,6$1.0
1821$11,4,7,12,14,1,13,5,9,15,10,3,16,10,8,6$1.0
1822$11,4,7,12,14,1,13,5,9,15,10,3,16,3,8,6$1.0
1823$11,4,7,12,14,1,13,5,9,15,10,3,16,3,8,6$1.0
1824$11,4,7,12,14,1,13,5,9,15,10,3,16,3,8,6$1.0
1825$11,4,7,12,14,1,13,5,9,15,10,3,16,3,8,6$1.0
1826$11,4,7,12,14,1,13,5,9,15,10,3,16,10,8,6$1.0
1827$11,4,7,12,14,1,13,5,9,15,10,3,16,3,8,6$1.0
1828$11,4,7,12,14,1,13,5,9,15,10,3,16,3,8,6$1.0
1829$11,4,7,12,14,1,13,5,9,15,10,3,16,3,8,6$1.0
1830$11,4,7,12,14,1,13,5,9,15,10,3,16,3,8,6$1.0
1831$11,4,7,12,14,1,13,5,9,15,10,3,16,3,8,6$1.0
1832$11,4,7,12,14,1,13,5,9,15,10,3,16,3,8,6$1.0
1833$11,4,7,12,14,1,13,5,9,15,10,3,16,3,8,6$1.0
1834$11,4,7,12,14,1,13,5,9,15,10,3,16,3,8,6$1.0
1835$11,4,7,12,14,1,13,5,9,15,10,2,16,3,8,14$1.0
1836$11,4,7,12,14,1,13,5,9,15,10,2,16,3,8,14$1.0
1837$11,4,7,12,14,1,13,5,9,15,10,3,16,10,8,6$1.0
1838$11,4,7,12,14,1,13,5,9,15,10,3,16,3,8,6$1.0
1839$11,4,7,12,14,1,13,5,9,15,10,3,16,10,8,6$1.0
1840$11,4,7,12,14,1,13,5,9,15,10,2,16,3,8,14$1.0
1841$11,4,7,12,14,1,13,5,9,15,10,3,16,10,2,6$1.0
1842$11,4,7,12,14,1,13,5,9,15,10,3,16,3,8,6$1.0
1843$11,4,7,12,14,1,13,5,9,15,10,3,16,10,8,6$1.0
1844$11,4,7,12,14,1,13,5,9,15,10,3,16,3,8,6$1.0
1845$11,4,7,12,14,1,13,5,9,15,10,3,16,10,2,6$1.0
1846$11,4,7,12,14,1,13,5,9,15,10,3,16,3,8,6$1.0
1847$11,4,7,12,14,1,13,5,9,15,10,3,16,10,2,6$1.0
1848$8,4,7,12,14,1,13,5,9,15,10,3,16,3,11,6$1.0
1849$11,4,7,12,14,1,13,5,9,15,10,3,16,3,8,6$1.0
1850$11,4,7,12,14,1,13,5,9,15,10,3,16,3,8,6$1.0
1851$11,4,7,12,14,1,13,5,9,15,10,3,16,3,8,6$1.0
1852$11,4,7,12,14,1,13,5,9,15,10,3,16,10,2,6$1.0
1853$11,4,7,12,14,1,13,5,9,15,10,3,16,10,2,6$1.0
1854$11,4,7,12,14,1,13,5,9,15,10,3,16,3,8,6$1.0
1855$11,4,7,12,14,1,13,5,9,15,10,3,16,3,8,6$1.0
1856$11,4,7,12,14,1,13,5,9,15,10,3,16,3,8,6$1.0
1857$2,4,7,12,14,1,13,5,9,15,10,3,16,10,8,6$1.0
1858$11,4,7,12,14,1,13,5,9,15,10,3,16,10,2,6$1.0
1859$11,4,7,12,14,1,13,5,9,15,12,3,16,10,2,6$1.0
1860$11,4,7,12,14,1,13,5,9,15,10,3,16,3,8,6$1.0
1861$11,4,7,12,14,1,13,5,9,15,10,3,16,10,2,6$1.0
1862$11,4,7,12,14,1,13,5,9,15,10,3,16,3,8,6$1.0
1863$11,4,7,12,14,1,13,5,9,15,10,3,16,3,8,6$1.0
1864$11,4,7,12,14,1,13,5,9,15,10,3,16,3,8,6$1.0
1865$11,4,7,12,14,1,13,5,9,15,10,3,16,10,8,6$1.0
1866$11,4,7,12,14,1,13,5,9,15,10,3,16,3,8,6$1.0
1867$11,4,7,12,14,1,13,5,9,15,3,3,16,10,8,6$1.0
1868$11,4,7,12,14,1,13,5,9,15,10,3,16,10,2,6$1.0
1869$11,4,7,12,14,1,13,5,9,15,10,3,16,3,8,6$1.0
1870$11,4,7,12,14,1,13,5,9,15,3,3,16,10,8,6$1.0
1871$11,4,7,12,14,1,13,5,9,15,10,3,16,10,8,6$1.0
1872$11,4,7,12,14,1,13,5,9,15,10,3,16,10,2,6$1.0
1873$11,4,7,12,14,1,13,5,9,15,10,3,16,10,2,6$1.0
1874$11,4,7,12,14,1,13,5,9,15,10,3,16,10,2,6$1.0
1875$11,4,7,12,14,1,13,5,9,15,10,3,16,12,2,6$1.0
1876$11,4,7,12,14,1,13,5,9,15,10,3,16,10,2,6$1.0
1877$11,4,7,12,14,1,13,5,9,15,10,3,16,10,2,6$1.0
1878$11,4,7,12,14,1,13,5,9,15,10,3,16,10,2,6$1.0
1879$11,4,7,12,14,1,13,5,9,15,10,3,16,10,2,6$1.0
1880$11,4,7,12,14,1,13,5,9,15,10,3,16,10,2,6$1.0
1881$11,4,7,12,14,1,13,5,9,15,3,3,16,10,2,6$1.0
1882$11,4,7,12,14,1,13,5,9,15,10,3,16,10,2,6$1.0
1883$11,4,7,12,14,1,13,5,9,15,3,3,16,10,2,6$1.0
1884$11,4,7,12,14,1,13,5,9,15,10,3,16,10,2,6$1.0
1885$11,4,7,12,14,1,13,5,9,15,3,3,16,10,2,6$1.0
1886$11,4,7,12,14,1,13,5,9,15,10,3,16,10,2,6$1.0
1887$11,4,7,12,14,1,13,5,9,15,3,3,16,10,2,6$1.0
1888$11,4,7,12,14,1,13,5,9,15,10,3,16,10,2,6$1.0
1889$11,4,7,12,14,1,13,5,9,15,3,3,16,10,2,6$1.0
1890$11,4,7,12,14,1,13,5,9,15,10,3,16,10,2,6$1.0
1891$8,4,7,12,14,1,13,5,9,15,10,3,16,12,2,6$1.0
1892$11,4,7,12,14,1,13,5,9,15,3,3,16,10,2,6$1.0
1893$8,4,7,12,14,1,13,5,9,15,3,3,16,10,2,6$1.0
1894$11,4,7,12,14,1,13,5,9,15,10,3,16,10,2,6$1.0
1895$11,4,7,12,14,1,13,5,9,15,3,3,16,10,2,6$1.0
1896$11,4,2,12,14,1,13,5,9,15,3,3,16,10,8,6$1.0
1897$11,4,7,12,14,1,13,5,9,15,3,3,16,10,2,6$1.0
1898$11,4,7,12,14,1,13,5,9,15,3,3,16,10,2,6$1.0
1899$11,4,7,12,14,1,13,5,9,15,3,3,16,10,2,6$1.0
1900$11,4,7,12,14,1,13,5,9,15,3,3,16,10,2,6$1.0
1901$11,4,7,12,14,1,13,5,9,15,10,3,16,10,2,6$1.0
1902$11,4,7,12,14,1,13,5,9,15,3,3,16,10,2,6$1.0
1903$11,4,7,12,14,1,13,5,9,15,3,3,16,10,2,6$1.0
1904$11,4,7,12,14,1,13,5,9,15,3,3,16,10,2,6$1.0
1905$11,4,7,12,14,1,13,5,9,15,3,3,16,10,2,6$1.0
1906$11,4,7,12,14,1,13,5,9,15,3,3,16,10,2,6$1.0
1907$11,4,7,12,14,1,13,5,9,15,3,3,16,10,2,6$1.0
1908$11,4,7,12,14,1,13,5,9,15,3,3,16,10,2,6$1.0
1909$11,4,7,12,14,1,13,5,9,15,3,11,16,10,2,6$1.0
1910$11,4,7,12,14,1,13,5,9,15,3,3,16,10,2,6$1.0
1911$11,4,7,12,14,1,13,5,9,15,3,11,16,10,2,6$1.0
1912$11,4,7,12,14,1,13,5,9,15,3,11,16,10,2,6$1.0
1913$11,4,7,12,14,1,13,5,9,15,3,3,16,10,2,6$1.0
1914$11,4,7,12,14,1,13,5,9,15,3,3,16,10,2,6$1.0
1915$11,4,7,12,14,1,13,5,9,15,3,11,16,10,2,6$1.0
1916$11,4,7,12,14,1,13,5,9,15,3,11,16,10,2,6$1.0
1917$11,4,7,12,14,1,13,5,9,15,3,11,16,10,2,6$1.0
1918$11,4,7,12,14,1,13,5,9,15,10,3,16,10,2,6$1.0
1919$11,4,7,12,14,1,13,5,9,15,3,11,16,10,2,6$1.0
1920$11,4,7,12,14,1,13,5,9,15,3,11,16,10,2,6$1.0
1921$11,4,7,12,14,1,13,5,9,15,3,3,16,10,2,6$1.0
1922$11,4,7,12,14,1,13,5,9,15,10,3,16,10,2,6$1.0
1923$11,4,7,12,14,1,13,5,9,15,3,11,16,10,2,6$1.0
1924$11,4,7,12,14,1,13,5,9,15,3,3,16,10,2,6$1.0
1925$11,4,7,12,14,1,13,5,9,15,3,3,16,10,2,6$1.0
1926$11,4,7,12,14,1,13,5,9,15,3,3,16,10,2,6$1.0
1927$11,4,7,12,14,1,13,5,9,15,3,3,16,10,2,6$1.0
1928$11,4,7,12,14,1,13,5,9,15,3,3,16,10,2,6$1.0
1929$11,4,7,12,14,1,13,5,9,15,3,3,16,10,2,6$1.0
1930$11,4,7,12,14,1,13,5,9,15,3,3,16,10,2,6$1.0
1931$11,4,7,12,14,1,13,5,9,15,3,3,16,10,2,6$1.0
1932$11,4,7,12,14,1,13,5,9,15,10,3,16,12,2,6$1.0
1933$11,4,7,12,14,1,13,5,9,15,3,3,16,10,2,6$1.0
1934$11,4,7,12,14,1,13,5,9,15,10,3,16,10,2,6$1.0
1935$11,4,7,12,14,1,13,5,9,15,10,3,16,10,2,6$1.0
1936$11,4,7,12,14,1,13,5,9,15,10,3,16,10,2,6$1.0
1937$11,4,7,12,14,1,13,5,9,15,3,3,16,10,2,6$1.0
1938$11,4,7,12,14,1,13,5,9,15,3,3,16,10,2,6$1.0
1939$11,4,7,12,14,1,13,5,9,15,10,3,16,10,2,6$1.0
1940$11,4,7,12,14,1,13,5,9,15,3,3,16,10,2,6$1.0
1941$11,4,7,12,14,1,13,5,9,15,10,3,16,10,2,6$1.0
1942$11,4,7,12,14,1,13,5,9,15,3,3,16,10,2,6$1.0
1943$11,4,7,12,14,1,13,5,9,15,3,3,16,10,2,6$1.0
1944$11,4,7,12,14,1,13,5,9,15,3,3,16,10,2,6$1.0
1945$11,4,7,12,14,1,13,5,9,15,3,3,16,10,2,6$1.0
1946$11,4,7,12,14,1,13,5,9,15,3,3,16,10,2,6$1.0
1947$11,4,7,12,14,1,13,5,9,15,3,11,16,10,2,6$1.0
1948$11,4,7,12,14,1,13,5,9,15,3,3,16,10,2,6$1.0
1949$8,4,7,12,14,1,13,5,9,15,3,11,16,10,2,6$0.0
1949$8,4,7,12,14,1,13,5,9,15,3,11,16,10,2,6$0.0
