16
0$4,8,13,2,16,6,10,16,3,4,16,11,6,10,7,13$15.0
0$11,9,4,13,7,11,1,6,6,12,4,16,13,3,6,9$21.0
0$11,9,12,5,7,14,16,9,15,6,5,9,1,13,7,13$16.0
0$4,8,13,2,16,6,10,16,3,4,16,11,6,10,7,13$15.0
1$11,9,12,3,7,14,11,9,15,6,5,1,8,11,5,10$13.0
1$5,5,1,11,16,14,11,14,9,4,1,4,12,3,13,9$14.0
1$11,9,12,3,7,14,11,9,15,6,5,1,8,11,5,10$13.0
2$4,8,12,5,7,14,1,6,8,2,5,16,10,10,4,2$9.0
2$4,8,12,5,7,14,1,6,8,2,5,16,10,10,4,2$9.0
3$13,8,16,9,6,9,1,6,8,2,5,16,10,10,4,2$12.0
4$11,9,16,6,10,14,11,14,9,4,1,4,12,3,13,9$12.0
5$1,10,2,5,16,14,11,14,1,4,16,11,6,10,7,13$13.0
6$4,8,1,9,16,14,8,6,8,2,5,16,9,3,10,13$9.0
7$4,8,1,9,16,14,8,6,8,2,5,16,10,10,4,2$9.0
8$8,5,7,9,16,14,1,6,8,2,5,16,10,10,4,9$9.0
9$8,5,7,9,16,14,1,6,8,13,4,16,10,10,4,6$11.0
10$8,5,7,9,16,14,1,6,8,2,5,16,10,10,4,6$9.0
11$4,9,14,5,7,14,1,6,8,2,16,16,10,10,4,9$9.0
12$4,8,12,5,7,14,1,6,9,2,16,16,10,10,4,9$6.0
12$4,8,12,5,7,14,1,6,9,2,16,16,10,10,4,9$6.0
13$8,5,7,9,16,14,2,6,8,2,5,13,10,10,4,2$8.0
14$9,5,3,9,16,12,1,6,8,2,13,16,6,3,10,13$7.0
15$9,5,3,9,16,12,1,6,8,2,13,16,6,3,10,13$7.0
16$8,5,3,9,16,12,1,6,8,2,13,16,6,3,10,13$7.0
17$14,5,7,9,16,12,1,6,8,2,13,16,6,3,10,13$7.0
18$14,5,7,9,16,12,1,6,8,2,13,16,6,3,10,13$7.0
19$14,5,7,9,16,12,1,6,8,2,13,16,6,3,10,13$7.0
20$4,9,12,5,1,14,1,6,8,13,2,16,3,11,4,2$5.0
20$4,9,12,5,1,14,1,6,8,13,2,16,3,11,4,2$5.0
21$16,9,12,5,1,14,1,6,8,13,2,16,3,11,4,2$5.0
22$4,8,12,5,1,14,1,6,8,2,13,16,6,3,10,13$6.0
23$14,5,7,9,16,14,1,3,8,2,13,16,6,2,15,6$6.0
24$4,9,12,5,1,14,1,6,8,2,13,16,6,2,15,6$5.0
25$4,9,12,5,1,14,1,6,12,2,13,16,6,3,10,13$6.0
26$4,9,12,5,1,14,1,6,8,2,13,16,6,3,10,13$5.0
27$4,9,12,5,1,14,1,6,8,2,13,16,6,3,10,13$5.0
28$4,9,12,5,1,14,1,6,8,2,13,16,6,3,10,13$5.0
29$4,9,12,5,1,14,1,6,8,2,13,16,6,3,10,13$5.0
30$4,9,12,5,1,14,1,6,8,2,13,16,6,7,10,13$5.0
31$4,9,12,5,1,14,1,6,8,2,13,16,6,3,10,13$5.0
32$4,9,12,5,1,14,1,6,14,2,13,16,6,3,10,13$4.0
32$4,9,12,5,1,14,1,6,14,2,13,16,6,3,10,13$4.0
33$4,9,12,5,1,14,1,6,8,2,13,16,6,2,10,13$4.0
34$4,9,12,5,1,14,1,6,8,2,13,16,6,3,10,13$5.0
35$4,9,12,5,1,14,1,6,8,2,16,16,6,2,15,13$4.0
36$4,9,12,5,1,14,1,6,8,2,16,16,6,2,15,13$4.0
37$4,9,12,5,1,14,1,6,8,2,16,16,6,2,15,13$4.0
38$4,9,12,5,1,14,1,6,8,2,13,16,3,7,10,13$2.0
38$4,9,12,5,1,14,1,6,8,2,13,16,3,7,10,13$2.0
39$4,9,12,5,1,14,1,6,8,2,13,16,3,7,10,13$2.0
40$4,9,12,5,1,14,1,6,8,2,16,16,3,7,10,13$2.0
41$4,9,12,5,1,14,1,6,8,2,16,16,3,7,10,13$2.0
42$4,9,12,5,1,14,1,6,8,2,16,16,3,7,10,13$2.0
43$4,9,12,5,1,14,1,6,8,2,16,16,3,7,10,13$2.0
44$4,9,12,5,1,14,1,6,8,2,16,16,3,7,10,13$2.0
45$4,9,12,5,1,14,1,6,8,2,16,16,3,7,10,13$2.0
46$4,9,12,5,1,14,1,6,8,2,16,16,3,7,10,13$2.0
47$4,9,12,5,1,14,1,6,8,2,16,16,3,7,10,13$2.0
48$4,9,12,5,1,14,1,6,8,2,16,16,3,7,10,13$2.0
49$4,9,12,5,1,14,1,6,8,2,16,16,3,7,10,13$2.0
50$4,9,12,5,5,14,1,6,8,2,16,16,3,7,10,13$2.0
51$4,9,12,5,1,14,1,6,8,2,16,14,3,7,10,13$2.0
52$4,9,12,5,1,14,1,6,8,2,16,16,3,7,10,13$2.0
53$4,9,12,5,1,14,1,6,8,2,11,16,3,7,10,13$1.0
53$4,9,12,5,1,14,1,6,8,2,11,16,3,7,10,13$1.0
54$4,9,12,5,1,14,1,6,8,2,11,16,3,7,10,13$1.0
55$4,9,12,5,1,14,1,6,8,2,11,16,3,7,10,13$1.0
56$4,9,12,5,1,14,1,6,8,2,11,16,3,7,10,13$1.0
57$4,9,12,5,1,14,1,6,8,2,11,16,3,7,10,13$1.0
58$4,9,12,5,1,14,1,6,8,2,11,16,3,7,10,13$1.0
59$4,9,12,5,1,14,1,6,8,2,11,16,3,7,10,13$1.0
60$4,9,12,5,1,14,1,6,8,2,11,16,3,7,10,13$1.0
61$4,9,12,5,1,14,1,6,8,2,11,16,3,7,10,13$1.0
62$4,9,12,5,1,14,1,6,8,2,11,16,3,7,10,13$1.0
63$4,9,12,5,1,14,1,6,8,2,11,16,3,7,10,13$1.0
64$4,9,12,5,1,14,1,6,8,2,11,16,3,7,10,13$1.0
65$4,9,12,5,1,14,1,6,8,2,11,16,3,7,10,13$1.0
66$4,9,12,5,1,14,1,6,8,2,11,16,3,7,10,13$1.0
67$4,9,12,5,1,14,1,6,8,2,11,16,3,7,10,13$1.0
68$4,9,12,5,1,14,1,6,8,2,11,16,3,7,10,13$1.0
69$4,9,12,5,1,14,1,6,8,2,11,16,3,7,10,13$1.0
70$4,9,12,5,1,14,1,6,8,2,11,16,3,7,10,13$1.0
71$4,9,12,5,1,14,1,6,8,2,11,16,3,7,10,13$1.0
72$4,9,12,5,1,14,1,6,8,2,11,16,3,7,10,13$1.0
73$4,9,12,5,1,14,1,6,8,2,11,16,3,7,10,13$1.0
74$4,9,12,5,1,14,1,6,8,2,11,16,3,7,10,13$1.0
75$4,9,12,5,1,14,1,6,8,2,11,16,3,7,10,13$1.0
76$4,9,12,5,1,14,1,6,8,2,11,16,3,7,10,13$1.0
77$4,9,12,5,1,14,1,6,8,2,11,16,3,7,10,13$1.0
78$4,9,12,5,1,14,1,6,8,2,11,16,3,7,10,13$1.0
79$4,9,12,5,1,14,1,6,8,2,11,16,3,7,10,13$1.0
80$4,9,12,5,1,14,1,6,8,2,11,16,3,7,10,13$1.0
81$4,9,12,5,1,14,1,6,8,2,11,16,3,7,10,13$1.0
82$4,9,12,5,1,14,1,6,8,2,11,16,3,7,10,13$1.0
83$4,9,12,5,1,14,1,6,8,2,11,16,3,7,10,13$1.0
84$4,9,12,5,1,14,1,6,8,2,11,16,3,7,10,13$1.0
85$4,9,12,5,1,14,1,6,8,2,11,16,3,7,10,13$1.0
86$4,9,12,5,1,14,1,6,8,2,11,16,3,7,10,13$1.0
87$4,9,12,5,1,14,1,6,8,2,11,16,3,7,10,13$1.0
88$4,9,12,5,1,14,1,6,8,2,11,16,3,7,10,13$1.0
89$4,9,12,5,1,14,1,6,8,2,11,16,3,7,10,13$1.0
90$4,9,12,5,1,14,1,6,8,2,11,16,3,7,10,13$1.0
91$4,9,12,5,1,14,1,6,8,2,11,16,3,7,10,13$1.0
92$4,9,12,5,1,14,1,6,8,2,11,16,3,7,10,13$1.0
93$4,9,12,5,1,14,1,6,8,2,11,16,3,7,10,13$1.0
94$4,9,12,5,1,14,1,6,8,2,11,16,3,7,10,13$1.0
95$4,9,12,5,1,14,1,6,8,2,11,16,3,7,10,13$1.0
96$4,9,12,15,1,14,1,6,8,2,11,16,3,7,10,13$1.0
97$4,9,12,5,1,14,1,6,8,2,11,16,3,7,10,13$1.0
98$4,9,12,5,1,14,1,6,8,2,11,16,3,7,10,13$1.0
99$4,9,12,5,1,14,1,6,8,2,11,16,3,7,10,13$1.0
100$4,9,12,15,1,14,1,6,8,2,11,16,3,7,10,13$1.0
101$4,9,12,5,1,14,1,6,8,2,11,16,3,7,10,13$1.0
102$4,9,12,5,15,12,1,6,8,2,11,14,3,7,10,13$1.0
103$4,9,12,5,1,14,12,6,8,2,11,16,3,7,10,13$1.0
104$4,9,12,5,1,14,12,6,8,2,11,16,3,7,10,13$1.0
105$4,9,12,5,1,14,1,6,8,2,11,16,3,7,10,13$1.0
106$4,9,12,5,1,14,1,6,8,2,11,16,3,7,10,13$1.0
107$4,9,5,5,1,14,12,6,8,2,11,16,3,7,10,13$1.0
108$4,9,12,5,1,14,1,6,8,2,11,16,3,7,10,13$1.0
109$4,9,12,5,1,14,1,6,15,2,11,16,3,7,10,13$1.0
110$4,9,12,15,1,14,1,6,8,2,11,16,3,7,10,13$1.0
111$4,9,12,15,1,14,1,6,8,2,11,16,3,7,10,13$1.0
112$4,9,12,5,1,14,1,6,8,2,11,16,3,7,10,13$1.0
113$4,9,12,5,1,14,1,6,8,2,11,16,3,7,10,13$1.0
114$4,9,12,5,1,14,1,6,8,2,11,16,3,7,10,13$1.0
115$4,9,12,15,1,14,1,6,8,2,11,16,3,7,10,13$1.0
116$4,9,12,5,1,14,1,6,8,2,11,16,3,7,10,13$1.0
117$4,9,12,5,1,14,1,6,8,2,11,16,3,7,10,13$1.0
118$4,9,12,15,1,14,1,6,8,2,11,16,3,7,10,13$1.0
119$4,9,12,5,1,14,1,6,8,2,11,16,3,7,10,13$1.0
120$4,9,12,5,1,14,12,6,8,2,11,16,3,7,10,13$1.0
121$4,9,12,5,1,14,1,6,8,2,11,16,3,7,10,13$1.0
122$4,9,12,5,1,14,1,6,8,2,11,16,3,7,10,13$1.0
123$4,9,12,5,1,14,1,6,8,2,11,16,3,7,10,13$1.0
124$4,9,12,5,1,14,1,6,8,2,11,16,3,7,10,13$1.0
125$4,9,12,5,1,14,1,6,8,2,11,16,3,7,10,13$1.0
126$4,9,12,5,1,14,1,6,8,2,11,16,3,7,10,13$1.0
127$4,9,12,5,1,14,1,6,8,2,11,16,3,7,10,13$1.0
128$4,9,12,5,1,14,1,6,8,2,11,16,3,7,10,13$1.0
129$4,9,12,5,1,14,1,6,8,2,11,16,3,7,10,13$1.0
130$4,9,12,5,1,14,1,6,8,2,11,16,3,7,10,13$1.0
131$4,9,12,5,1,14,12,6,8,2,11,16,3,7,10,13$1.0
132$4,9,12,5,1,14,1,6,8,2,11,16,3,7,10,13$1.0
133$12,9,15,5,1,14,1,6,8,2,11,16,3,7,10,13$1.0
134$4,9,12,5,1,14,1,6,8,2,11,16,3,7,10,13$1.0
135$4,9,12,5,1,14,1,6,8,2,11,16,3,7,10,13$1.0
136$4,9,15,5,14,14,1,6,8,2,11,16,3,7,10,13$1.0
137$4,9,15,5,1,14,12,6,8,2,11,16,3,7,10,13$0.0
137$4,9,15,5,1,14,12,6,8,2,11,16,3,7,10,13$0.0
