16
0$5,11,1,14,4,11,6,10,7,13,3,4,9,15,12,9$15.0
0$5,12,12,16,3,2,7,7,7,1,1,5,8,5,4,11$22.0
0$6,9,8,2,2,3,16,7,12,9,9,1,5,2,1,11$21.0
0$3,6,2,9,13,13,10,2,2,11,8,2,1,13,9,14$18.0
0$5,11,1,14,4,11,6,10,7,13,3,4,9,15,12,9$15.0
1$7,13,6,2,9,1,4,13,1,1,11,16,3,10,4,7$12.0
1$7,13,6,2,9,1,4,13,1,1,11,16,3,10,4,7$12.0
2$4,7,16,10,13,7,9,15,1,12,16,2,9,14,8,13$14.0
3$8,2,8,12,15,15,10,3,11,2,14,10,6,1,12,7$11.0
3$8,2,8,12,15,15,10,3,11,2,14,10,6,1,12,7$11.0
4$3,12,16,8,3,4,7,11,15,5,2,13,9,8,14,2$11.0
5$9,11,16,14,4,15,10,3,11,2,14,10,6,1,12,7$9.0
5$9,11,16,14,4,15,10,3,11,2,14,10,6,1,12,7$9.0
6$8,6,2,12,15,15,10,3,11,2,14,10,6,1,12,7$9.0
7$8,1,13,2,13,15,10,3,11,2,14,10,6,1,12,7$8.0
7$8,1,13,2,13,15,10,3,11,2,14,10,6,1,12,7$8.0
8$6,1,10,15,13,16,13,3,15,2,14,16,9,1,12,7$8.0
9$16,6,2,9,13,15,5,3,15,2,14,10,6,1,12,7$7.0
9$16,6,2,9,13,15,5,3,15,2,14,10,6,1,12,7$7.0
10$16,3,3,9,13,15,3,15,11,2,14,10,6,1,12,7$6.0
10$16,3,3,9,13,15,3,15,11,2,14,10,6,1,12,7$6.0
11$16,6,2,9,13,15,5,3,11,2,14,10,15,1,12,7$8.0
12$16,6,2,9,13,15,5,3,11,2,14,10,6,1,12,7$6.0
13$16,6,2,9,13,15,5,3,11,2,14,10,6,1,12,7$6.0
14$16,6,2,9,13,15,5,3,11,2,14,10,3,1,12,7$6.0
15$16,6,2,9,13,15,5,8,11,16,14,10,6,1,12,7$4.0
15$16,6,2,9,13,15,5,8,11,16,14,10,6,1,12,7$4.0
16$8,2,4,9,16,15,11,3,11,2,14,10,6,1,12,7$4.0
17$8,6,2,9,13,15,10,3,5,2,14,10,6,1,12,7$5.0
18$8,2,4,9,13,15,5,3,11,2,14,16,6,1,12,7$3.0
18$8,2,4,9,13,15,5,3,11,2,14,16,6,1,12,7$3.0
19$8,2,4,9,13,15,5,3,11,2,14,16,6,1,12,7$3.0
20$8,6,2,16,13,15,10,3,15,3,14,4,9,1,12,7$4.0
21$8,2,4,9,13,15,5,3,11,7,14,16,6,1,12,7$3.0
22$15,2,4,9,13,15,10,3,11,2,14,16,6,1,12,7$4.0
23$8,2,4,9,13,15,9,3,11,2,14,10,6,1,12,7$4.0
24$8,2,4,9,13,15,5,3,11,2,14,16,6,1,12,7$3.0
25$8,2,4,9,13,15,5,3,11,4,14,16,6,1,12,7$1.0
25$8,8,4,9,13,15,7,3,11,2,14,10,6,1,12,7$2.0
25$8,2,4,9,13,15,5,3,11,4,14,16,6,1,12,7$1.0
26$8,8,4,9,13,15,7,3,11,2,14,16,6,1,12,7$2.0
27$8,8,4,9,13,15,7,3,11,2,14,10,6,1,12,7$2.0
28$5,8,4,9,13,15,7,3,11,2,14,10,6,1,12,7$1.0
29$5,8,4,9,13,15,7,3,11,2,14,10,6,1,12,7$1.0
30$5,8,4,9,13,15,7,3,11,2,14,10,6,1,12,7$1.0
31$5,8,4,9,13,15,7,3,11,2,14,10,6,1,12,7$1.0
32$5,8,14,9,13,15,7,3,11,2,14,10,6,1,12,7$2.0
33$5,8,4,9,13,15,7,3,11,2,14,10,6,1,12,7$1.0
34$5,8,4,9,13,15,7,3,11,2,14,10,6,1,12,12$1.0
35$5,8,4,9,13,15,7,3,11,2,14,10,6,1,12,7$1.0
36$5,8,4,9,13,15,7,3,11,2,14,10,6,1,12,7$1.0
37$5,8,4,9,13,15,7,3,11,2,14,10,6,1,12,7$1.0
38$5,8,4,9,13,15,7,3,11,2,14,10,6,1,12,1$1.0
39$5,8,4,9,13,15,7,3,11,2,14,10,6,1,12,1$1.0
40$5,8,4,9,13,15,7,3,11,2,14,10,6,1,12,1$1.0
41$5,8,4,9,13,15,7,3,11,2,14,10,6,1,12,1$1.0
42$5,8,4,9,13,15,7,3,11,2,14,10,6,1,12,7$1.0
43$5,8,4,9,13,15,7,3,11,2,14,10,6,1,12,7$1.0
44$5,8,4,9,13,15,7,3,11,2,14,10,6,1,12,7$1.0
45$5,8,4,9,13,15,7,3,11,2,14,10,6,1,12,1$1.0
46$5,8,4,9,13,15,7,3,11,2,14,10,6,1,12,7$1.0
47$5,8,4,9,13,15,7,3,11,2,14,10,6,1,12,7$1.0
48$5,8,4,9,13,15,7,3,11,2,14,10,6,1,12,7$1.0
49$5,8,4,9,13,15,7,3,11,2,14,10,6,1,12,7$1.0
50$5,8,4,9,13,15,7,3,11,2,14,10,6,1,12,7$1.0
51$5,8,4,9,13,15,7,3,11,2,14,10,6,1,12,7$1.0
52$5,8,4,9,13,15,7,3,11,2,14,10,6,1,12,7$1.0
53$5,8,4,9,13,15,7,3,11,2,14,10,6,1,12,7$1.0
54$5,8,4,9,13,15,7,3,11,2,14,10,6,1,12,7$1.0
55$5,8,4,9,13,15,7,3,11,2,14,10,6,1,12,7$1.0
56$16,8,4,9,13,15,7,3,11,2,14,10,6,1,12,7$1.0
57$5,8,4,9,13,15,7,3,11,2,14,10,6,1,12,7$1.0
58$5,8,4,9,13,15,7,3,11,2,14,10,6,1,12,7$1.0
59$16,8,4,9,13,15,7,3,11,2,14,10,6,1,12,7$1.0
60$16,8,4,9,13,15,7,3,11,2,14,10,6,1,12,7$1.0
61$5,8,4,9,13,15,7,3,11,2,14,10,6,1,12,7$1.0
62$5,8,4,9,13,15,7,3,11,2,14,10,6,1,12,7$1.0
63$5,8,4,9,13,15,7,3,11,2,14,10,6,1,12,7$1.0
64$5,8,4,9,13,15,7,3,11,2,14,10,6,1,12,15$1.0
65$5,8,4,9,13,15,7,3,11,2,14,10,6,1,12,7$1.0
66$16,8,4,9,13,15,7,3,11,2,14,10,6,1,12,7$1.0
67$5,8,4,9,13,15,7,3,11,2,14,10,6,1,12,7$1.0
68$16,8,4,9,13,15,7,3,11,2,14,10,6,1,12,7$1.0
69$5,8,4,9,13,15,7,3,11,2,14,10,6,1,12,10$1.0
70$5,8,4,9,13,15,7,3,11,2,14,10,6,1,12,7$1.0
71$5,8,4,9,13,15,7,3,11,2,14,10,6,1,12,7$1.0
72$5,8,4,9,13,15,7,3,11,2,14,10,6,1,12,7$1.0
73$5,8,4,9,13,15,7,3,11,2,14,10,6,1,12,7$1.0
74$5,8,4,9,13,15,7,3,11,2,14,10,6,1,12,7$1.0
75$5,8,4,9,13,15,7,3,11,2,14,10,6,1,12,7$1.0
76$5,8,4,9,13,15,7,3,11,2,14,10,6,1,12,10$1.0
77$5,8,4,9,13,15,7,3,11,2,14,10,6,1,12,1$1.0
78$5,8,4,9,13,15,7,3,11,2,14,10,6,1,12,7$1.0
79$5,8,4,9,13,15,7,3,11,2,14,10,6,1,12,12$1.0
80$5,8,4,9,13,15,7,3,11,2,14,10,6,1,12,7$1.0
81$5,8,4,9,13,15,7,3,11,2,14,10,6,1,12,10$1.0
82$5,8,4,9,13,15,7,3,11,2,14,10,6,1,12,7$1.0
83$5,8,4,9,13,15,7,3,11,2,14,10,6,1,12,10$1.0
84$5,8,4,9,13,15,7,3,11,2,14,10,6,1,12,7$1.0
85$5,8,4,9,13,15,7,3,11,2,14,10,6,1,12,7$1.0
86$5,8,4,9,13,15,7,3,11,2,14,10,6,1,12,7$1.0
87$5,8,4,9,13,15,7,3,11,2,14,10,6,1,12,10$1.0
88$5,8,4,9,13,15,7,3,11,2,14,10,6,1,12,7$1.0
89$5,8,4,9,13,15,7,3,11,2,14,11,6,1,12,10$1.0
90$5,8,4,9,13,15,7,3,11,2,14,10,6,1,12,10$1.0
91$5,8,4,9,13,15,7,3,11,2,14,10,6,1,12,7$1.0
92$5,8,4,9,13,15,7,3,11,2,14,10,6,1,12,10$1.0
93$5,8,4,9,13,15,7,3,11,2,14,10,6,1,12,7$1.0
94$5,8,4,9,13,15,7,3,11,2,14,10,6,1,12,12$1.0
95$5,8,4,9,13,15,7,3,11,2,14,10,6,1,12,7$1.0
96$5,8,4,9,13,15,7,3,11,2,14,10,6,1,12,7$1.0
97$5,8,4,9,13,15,7,3,11,2,14,10,6,1,12,15$1.0
98$5,8,4,9,13,15,7,3,11,2,14,10,6,1,12,10$1.0
99$5,8,4,9,13,15,7,3,11,2,14,10,6,1,12,10$1.0
100$5,8,4,9,13,15,7,3,11,2,14,10,6,1,12,10$1.0
101$5,8,4,9,13,15,7,3,11,2,14,10,6,1,12,10$1.0
102$5,8,4,9,13,15,7,3,11,2,14,10,6,1,12,7$1.0
103$5,8,4,9,13,15,7,3,11,2,14,10,6,1,12,1$1.0
104$5,8,4,9,13,15,7,3,11,2,14,10,6,1,12,10$1.0
105$5,8,4,9,13,15,7,3,11,2,14,10,6,1,12,10$1.0
106$5,8,4,9,13,15,7,3,11,2,14,10,6,1,12,15$1.0
107$5,8,4,9,13,15,7,3,11,2,14,10,6,1,12,7$1.0
108$5,8,4,9,13,15,7,3,11,2,14,10,6,1,12,15$1.0
109$5,8,4,9,13,15,7,3,11,2,14,10,6,1,12,15$1.0
110$5,8,4,9,13,15,7,3,11,2,14,10,6,1,12,7$1.0
111$5,8,4,9,13,15,7,3,11,2,14,10,6,1,12,15$1.0
112$5,8,4,9,13,15,7,3,11,2,14,10,6,1,12,12$1.0
113$5,8,4,9,13,15,7,3,11,2,14,10,6,1,12,10$1.0
114$5,8,4,9,13,15,7,3,11,2,14,10,6,1,12,12$1.0
115$5,8,4,9,13,15,7,3,11,2,14,10,6,1,12,15$1.0
116$5,8,4,9,13,15,7,3,11,2,14,10,6,1,12,15$1.0
117$5,8,4,9,13,15,7,3,11,2,14,10,6,1,12,15$1.0
118$5,8,4,9,13,15,7,3,11,2,14,10,6,1,12,12$1.0
119$5,8,4,9,13,15,7,3,11,2,14,10,6,1,12,7$1.0
120$5,8,4,9,13,15,7,3,11,2,14,10,6,1,12,12$1.0
121$5,8,4,9,13,15,7,3,11,2,14,10,6,1,12,12$1.0
122$5,8,4,9,13,15,7,3,11,2,14,10,6,1,12,7$1.0
123$5,8,4,9,13,15,7,3,11,2,14,10,6,1,12,10$1.0
124$5,8,4,9,13,15,7,3,11,2,14,10,6,1,12,12$1.0
125$5,8,4,9,13,15,7,3,11,2,14,10,6,1,12,7$1.0
126$5,8,4,9,13,15,7,3,11,2,14,10,6,1,12,7$1.0
127$5,8,4,9,13,15,7,3,11,2,14,10,6,1,12,12$1.0
128$5,8,4,9,13,15,7,3,11,2,14,10,6,1,12,12$1.0
129$5,8,4,9,13,15,7,3,11,2,14,10,6,1,12,12$1.0
130$5,8,4,9,13,15,7,3,11,2,14,10,6,1,12,12$1.0
131$5,8,4,9,13,15,7,3,11,2,14,10,6,1,12,12$1.0
132$5,8,4,9,13,15,7,3,11,2,14,10,6,1,12,12$1.0
133$5,8,4,9,13,15,7,3,11,2,14,10,6,1,12,12$1.0
134$5,8,4,9,13,15,7,3,11,2,14,10,6,1,12,12$1.0
135$5,8,4,9,13,15,7,3,11,2,14,10,6,1,12,1$1.0
136$16,8,4,9,13,15,7,3,11,2,14,10,6,1,12,7$1.0
137$5,8,4,9,13,15,7,3,11,2,14,10,6,1,12,1$1.0
138$5,8,4,9,13,15,7,3,11,2,14,10,6,1,12,12$1.0
139$5,8,4,9,13,15,7,3,11,2,14,10,6,1,12,1$1.0
140$5,8,4,9,13,15,7,3,11,2,14,10,6,1,12,1$1.0
141$5,8,4,9,13,15,7,3,11,2,14,10,6,1,12,12$1.0
142$5,8,4,9,13,15,7,3,11,2,14,10,6,1,12,12$1.0
143$5,8,4,9,13,15,7,3,11,2,14,10,6,1,9,12$1.0
144$16,8,4,9,13,15,7,3,11,2,14,10,6,1,12,12$1.0
145$5,8,4,9,13,15,7,3,11,2,14,10,6,1,12,12$1.0
146$16,8,4,9,13,15,7,3,11,2,14,10,6,1,9,12$1.0
147$5,8,4,9,13,15,7,3,11,2,14,10,6,1,12,7$1.0
148$5,8,4,9,13,15,7,3,11,2,14,10,6,1,12,12$1.0
149$5,8,4,9,13,15,7,3,11,2,14,10,6,1,12,12$1.0
150$16,8,4,9,13,15,7,3,11,2,14,10,6,1,12,7$1.0
151$5,8,4,9,13,15,7,3,11,2,14,10,6,1,12,12$1.0
152$5,8,4,9,13,15,7,3,11,2,14,10,6,1,12,12$1.0
153$5,8,4,9,13,15,7,3,11,2,14,10,6,1,12,12$1.0
154$16,8,4,9,13,15,7,3,11,2,14,10,6,1,12,12$1.0
155$5,8,4,9,13,15,7,3,11,2,14,10,6,1,12,12$1.0
156$5,8,4,9,13,15,7,3,11,2,14,10,6,1,12,7$1.0
157$5,8,4,9,13,15,7,3,11,2,14,10,6,1,12,12$1.0
158$16,8,4,9,13,15,7,3,11,2,14,10,6,1,12,12$1.0
159$5,8,4,9,13,15,7,3,11,2,14,10,6,1,12,12$1.0
160$16,8,4,9,13,15,7,3,11,2,14,10,6,1,12,12$1.0
161$5,8,4,9,13,15,7,3,11,2,14,10,6,1,12,7$1.0
162$5,8,4,9,13,15,7,3,11,2,14,10,6,1,12,12$1.0
163$16,8,4,9,13,15,7,3,11,2,14,10,6,1,12,12$1.0
164$5,8,4,9,13,15,7,3,11,2,14,10,6,1,12,12$1.0
165$5,8,4,9,13,15,7,3,11,2,14,10,6,1,12,12$1.0
166$16,8,4,9,13,15,7,3,11,2,14,10,6,1,9,12$1.0
167$5,8,4,9,13,15,7,3,11,2,14,10,6,1,12,12$1.0
168$16,8,4,9,13,15,7,3,11,2,14,10,6,1,12,12$1.0
169$5,8,4,9,13,15,7,3,11,2,14,10,6,1,12,12$1.0
170$5,8,4,9,13,15,7,3,11,2,14,10,6,1,12,12$1.0
171$16,8,4,9,13,15,7,3,11,2,14,10,6,1,12,12$1.0
172$16,8,4,9,13,15,7,3,11,2,14,10,6,1,9,12$1.0
173$5,8,4,9,13,15,7,3,11,2,14,10,6,1,12,12$1.0
174$16,8,4,9,13,15,7,3,11,2,14,10,6,1,12,12$1.0
175$5,8,4,9,13,15,7,3,11,2,14,10,6,1,9,12$1.0
176$5,8,4,9,13,15,7,3,11,2,14,10,6,1,12,12$1.0
177$5,8,4,9,13,15,7,3,11,2,14,10,6,1,12,12$1.0
178$5,8,4,9,13,15,7,3,11,2,14,10,6,1,12,12$1.0
179$5,8,4,9,13,15,7,3,11,2,14,10,6,1,9,12$1.0
180$16,8,4,9,13,15,7,3,11,2,14,10,6,1,12,12$1.0
181$5,8,4,9,13,15,7,3,11,2,14,10,6,1,12,12$1.0
182$5,8,4,9,13,15,7,3,11,2,14,10,6,1,12,12$1.0
183$5,8,4,9,13,15,7,3,11,2,14,10,6,1,9,12$1.0
184$16,8,4,9,13,15,7,3,11,2,14,10,6,1,9,12$1.0
185$5,8,4,9,13,15,7,3,11,2,14,10,6,1,12,12$1.0
186$16,8,4,9,13,15,7,3,11,2,14,10,6,1,1,12$1.0
187$5,8,4,9,13,15,7,3,11,2,14,10,6,1,1,12$1.0
188$5,8,4,9,13,15,7,3,11,2,14,10,6,1,12,12$1.0
189$5,8,4,9,13,15,7,3,11,2,14,10,6,1,12,12$1.0
190$5,8,4,9,13,15,7,3,11,2,14,10,6,1,12,12$1.0
191$5,8,4,9,13,15,7,3,11,2,14,10,6,1,12,12$1.0
192$5,8,4,9,13,15,7,3,11,2,14,10,6,1,1,12$1.0
193$5,8,4,9,13,15,7,3,11,2,14,10,6,1,1,12$1.0
194$5,8,4,9,13,15,7,3,11,2,14,10,6,1,1,12$1.0
195$5,8,4,9,13,15,7,3,11,2,14,10,6,1,9,12$1.0
196$5,8,4,9,13,15,7,3,11,2,14,10,6,1,9,12$1.0
197$5,8,4,9,13,15,7,3,11,2,14,10,6,1,1,12$1.0
198$5,8,4,9,13,15,7,3,11,2,14,10,6,3,1,12$1.0
199$5,8,4,9,13,15,7,3,11,2,14,10,6,1,1,12$1.0
200$5,8,4,9,13,15,7,3,11,2,14,10,6,1,12,12$1.0
201$5,8,4,9,13,15,7,3,11,2,14,10,6,1,9,12$1.0
202$5,8,4,9,13,15,7,3,11,2,14,10,6,1,1,12$1.0
203$5,8,4,9,13,15,7,3,11,2,14,10,6,3,1,12$1.0
204$5,8,4,9,13,15,7,3,11,2,14,10,6,1,9,12$1.0
205$5,8,4,9,13,15,7,3,11,2,14,10,6,1,9,12$1.0
206$5,8,4,9,13,15,7,3,11,2,14,10,6,1,12,12$1.0
207$5,8,4,9,13,15,7,3,11,2,14,10,6,1,12,12$1.0
208$5,8,4,9,13,15,7,3,11,2,14,10,6,1,12,12$1.0
209$5,8,4,9,13,15,7,3,11,2,14,10,6,1,12,12$1.0
210$5,8,4,9,13,15,7,3,11,2,14,10,6,3,1,12$1.0
211$5,8,4,9,13,15,7,3,11,2,14,10,6,1,12,12$1.0
212$5,8,4,9,13,15,7,3,11,2,14,10,6,1,12,12$1.0
213$5,8,4,9,13,15,7,3,11,2,14,10,6,1,12,12$1.0
214$5,8,4,9,13,15,7,3,11,2,14,10,6,1,14,12$1.0
215$5,8,4,9,13,15,7,3,11,2,14,10,6,1,12,12$1.0
216$5,8,4,9,13,15,7,3,11,2,14,10,6,1,12,12$1.0
217$5,8,4,9,13,15,7,3,11,2,14,10,6,1,12,12$1.0
218$5,8,4,9,13,15,7,3,11,2,14,10,6,1,12,12$1.0
219$5,8,4,9,13,15,7,3,11,2,14,10,6,1,12,12$1.0
220$5,8,4,9,13,15,7,3,11,2,14,10,6,1,12,7$1.0
221$5,8,4,9,13,15,7,3,11,2,14,10,6,1,12,12$1.0
222$5,8,4,9,13,15,7,3,11,2,14,10,6,1,9,12$1.0
223$5,8,4,9,13,15,7,3,11,2,14,10,6,1,9,12$1.0
224$5,8,4,9,13,15,7,3,11,2,14,10,6,1,12,12$1.0
225$5,8,4,9,13,15,7,3,11,2,14,10,6,1,12,12$1.0
226$5,8,4,9,13,15,7,3,11,2,14,10,6,1,12,1$1.0
227$5,8,4,9,13,15,7,3,11,2,14,10,6,1,9,12$1.0
228$5,8,4,9,13,15,7,3,11,2,14,10,6,1,9,12$1.0
229$5,8,4,9,13,15,7,3,11,2,14,10,6,1,12,1$1.0
230$5,8,4,9,13,15,7,3,11,2,14,10,6,1,12,1$1.0
231$5,8,4,9,13,15,7,3,11,2,14,10,6,1,12,12$1.0
232$5,8,4,9,13,15,7,3,11,2,14,10,6,1,9,12$1.0
233$5,8,4,9,13,15,7,3,11,2,14,10,6,1,12,1$1.0
234$5,8,4,9,13,15,7,3,11,2,14,10,6,1,14,12$1.0
235$5,8,4,9,13,15,7,3,11,2,14,10,6,1,12,1$1.0
236$5,8,4,9,13,15,7,3,11,2,14,10,6,1,12,15$1.0
237$5,8,4,9,13,15,7,3,11,2,14,10,6,1,12,1$1.0
238$5,8,4,9,13,15,7,3,11,2,14,10,6,1,12,15$1.0
239$5,8,4,9,13,15,7,3,11,2,14,10,6,1,9,12$1.0
240$5,8,4,9,13,15,7,3,11,2,14,10,6,1,12,15$1.0
241$5,8,4,9,13,15,7,3,11,2,14,10,6,1,12,12$1.0
242$5,8,4,9,13,15,7,3,11,2,14,10,6,1,12,12$1.0
243$5,8,4,9,13,15,7,3,11,2,14,10,6,1,12,12$1.0
244$5,8,4,9,13,15,7,3,11,2,14,10,6,1,12,1$1.0
245$5,8,4,9,13,15,7,3,11,2,14,10,6,1,12,12$1.0
246$5,8,4,9,13,15,7,3,11,2,14,10,6,1,12,15$1.0
247$5,8,4,9,13,15,7,3,11,2,14,10,6,1,12,12$1.0
248$5,8,4,9,13,15,7,3,11,2,14,10,6,1,12,12$1.0
249$5,8,4,9,13,15,7,3,11,2,14,10,6,1,12,15$1.0
250$5,8,4,9,13,15,7,3,11,2,14,10,6,1,12,12$1.0
251$5,8,4,9,13,15,7,3,11,2,14,10,6,1,12,12$1.0
252$5,8,4,9,13,15,7,3,11,2,14,10,6,1,12,15$1.0
253$5,8,4,9,13,2,7,3,11,2,14,10,6,1,12,15$1.0
254$5,8,4,9,13,15,7,3,11,2,14,10,6,1,12,15$1.0
255$5,8,4,9,13,15,7,3,11,2,14,10,6,1,12,10$1.0
256$5,8,4,9,13,15,7,3,11,2,14,10,6,1,12,10$1.0
257$5,8,4,9,13,15,7,3,11,2,14,10,6,1,12,7$1.0
258$5,8,4,9,13,15,7,3,11,2,14,10,6,1,12,15$1.0
259$5,8,4,9,13,15,7,3,11,2,14,10,6,1,12,15$1.0
260$5,8,4,9,13,15,7,3,11,2,14,10,6,1,12,10$1.0
261$5,8,4,9,13,15,7,3,11,2,14,10,6,1,12,7$1.0
262$5,8,4,9,13,15,7,3,11,2,14,10,6,1,12,7$1.0
263$5,8,4,9,13,15,7,3,11,2,14,10,6,1,12,10$1.0
264$5,8,4,9,13,15,7,3,11,2,14,10,6,1,12,7$1.0
265$5,8,4,9,13,15,7,3,11,2,14,10,6,1,12,7$1.0
266$5,8,4,9,13,15,7,3,11,2,14,10,6,1,12,12$1.0
267$5,8,4,9,13,15,7,3,11,2,14,10,6,1,12,12$1.0
268$5,8,4,9,13,15,7,3,11,2,14,10,6,1,12,15$1.0
269$5,8,4,9,13,15,7,3,11,2,14,10,6,1,12,12$1.0
270$5,8,4,9,13,15,7,3,11,2,14,10,6,1,12,12$1.0
271$5,8,4,9,13,15,7,3,11,2,14,10,6,1,12,7$1.0
272$5,8,4,9,13,15,7,3,11,2,14,10,6,1,12,7$1.0
273$5,8,4,9,13,15,7,3,11,2,14,10,6,1,12,15$1.0
274$5,8,4,9,13,15,7,3,11,2,14,10,6,1,12,7$1.0
275$5,8,4,9,13,15,7,3,11,2,14,10,6,1,12,7$1.0
276$5,8,4,9,13,15,7,3,11,2,14,10,6,1,12,10$1.0
277$5,8,4,9,13,15,7,3,11,2,14,10,6,1,12,15$1.0
278$5,8,4,9,13,15,7,3,11,2,14,10,6,1,12,12$1.0
279$5,8,4,9,13,15,7,3,11,2,14,10,6,1,12,12$1.0
280$5,8,4,9,13,15,7,3,11,2,14,10,6,1,12,7$1.0
281$5,8,4,9,13,15,7,3,11,2,14,10,6,1,12,7$1.0
282$5,8,4,9,13,15,7,3,11,2,14,10,6,1,12,7$1.0
283$5,8,4,9,13,15,7,3,11,2,14,10,6,1,12,12$1.0
284$5,8,4,9,13,15,7,3,11,2,14,10,6,1,12,7$1.0
285$5,8,4,9,13,15,7,3,11,2,14,10,6,1,12,12$1.0
286$5,8,4,9,13,15,7,3,11,2,14,10,6,1,12,1$1.0
287$5,8,4,9,13,15,7,3,11,2,14,10,6,1,12,7$1.0
288$5,8,4,9,13,15,7,3,11,2,14,10,6,1,12,10$1.0
289$5,8,4,9,13,15,7,3,11,2,14,10,6,1,12,12$1.0
290$5,8,4,9,13,15,7,3,11,2,14,10,6,1,12,7$1.0
291$5,8,4,9,13,15,7,3,11,2,14,10,6,1,12,7$1.0
292$5,8,4,9,13,15,7,3,11,2,14,10,6,1,12,10$1.0
293$5,8,4,9,13,15,7,3,11,2,14,10,6,1,12,12$1.0
294$16,8,4,9,13,15,7,3,11,2,14,10,6,1,1,12$1.0
295$5,8,4,9,13,15,7,3,11,2,14,10,6,1,1,12$1.0
296$5,8,4,9,13,15,7,3,11,2,14,10,6,1,1,12$1.0
297$5,8,4,9,13,15,7,3,11,2,14,10,6,1,1,12$1.0
298$5,8,4,9,13,15,7,3,11,2,14,10,6,1,12,12$1.0
299$5,8,4,9,13,15,7,3,11,2,14,10,6,1,1,12$1.0
300$5,8,4,9,13,15,7,3,11,2,14,10,6,1,12,10$1.0
301$5,8,4,9,13,15,7,3,11,2,14,10,6,1,12,7$1.0
302$5,8,4,9,13,15,7,3,11,2,14,10,6,1,12,7$1.0
303$5,8,4,9,13,15,7,3,11,2,14,10,6,1,12,10$1.0
304$5,8,4,9,13,15,7,3,11,2,14,10,6,1,12,7$1.0
305$5,8,4,9,13,15,7,3,11,2,14,10,6,1,12,7$1.0
306$5,8,4,9,13,15,7,3,11,2,14,10,6,1,12,7$1.0
307$5,8,4,9,13,15,7,3,11,2,14,10,6,1,12,15$1.0
308$5,8,4,9,13,15,7,3,11,2,14,10,6,1,12,15$1.0
309$5,8,4,9,13,15,7,3,11,2,14,10,6,1,12,7$1.0
310$5,8,4,9,13,15,7,3,11,2,14,10,6,1,12,7$1.0
311$5,8,4,9,13,15,7,3,11,2,14,10,6,1,12,7$1.0
312$5,8,4,9,13,15,7,3,11,2,14,10,6,1,12,7$1.0
313$5,8,4,9,13,15,1,3,11,2,14,10,6,1,12,7$1.0
314$5,8,4,9,13,15,7,3,11,2,14,10,6,13,1,12$1.0
315$5,8,4,9,13,15,7,3,11,2,14,10,6,13,1,12$1.0
316$5,8,4,9,13,15,7,3,11,2,14,10,6,1,1,12$1.0
317$5,8,4,9,13,15,7,3,11,2,14,10,6,1,12,7$1.0
318$5,8,4,9,13,15,7,3,11,2,14,10,6,1,1,12$1.0
319$5,8,4,9,13,15,7,3,11,2,14,10,6,1,12,15$1.0
320$5,8,4,9,13,15,7,3,11,2,14,10,6,3,1,12$1.0
321$5,8,4,9,13,15,7,3,11,2,14,10,6,1,12,7$1.0
322$5,8,4,9,13,15,7,3,11,2,14,10,6,1,12,7$1.0
323$5,8,4,9,13,15,7,3,11,2,14,10,6,1,12,15$1.0
324$5,8,4,9,13,15,7,3,11,2,14,10,6,1,12,7$1.0
325$5,8,4,9,13,15,7,3,11,2,14,10,6,1,12,7$1.0
326$5,8,4,9,13,15,7,3,11,2,14,10,6,1,12,7$1.0
327$5,8,4,9,13,15,7,3,11,2,14,10,6,1,12,7$1.0
328$5,8,4,9,13,15,7,3,11,2,14,10,6,1,1,12$1.0
329$5,8,4,9,13,15,7,3,11,2,14,10,6,1,12,7$1.0
330$5,8,4,9,13,15,7,3,11,2,14,10,6,1,12,7$1.0
331$5,8,4,9,13,15,7,3,11,2,14,10,6,1,12,7$1.0
332$5,8,4,9,13,15,7,3,11,2,14,10,6,1,12,7$1.0
333$5,8,4,9,13,15,7,3,11,2,14,10,6,1,12,7$1.0
334$5,8,4,9,13,15,7,3,11,2,14,10,6,1,12,7$1.0
335$5,8,4,9,13,15,7,3,11,2,14,10,6,1,12,7$1.0
336$5,8,4,9,13,15,7,3,11,2,14,10,6,1,12,7$1.0
337$5,8,4,9,13,15,7,3,11,2,14,10,6,1,12,7$1.0
338$5,8,4,9,13,15,7,3,11,2,14,10,6,1,12,7$1.0
339$5,8,4,9,13,15,7,3,11,2,14,10,6,1,12,7$1.0
340$5,8,4,9,13,15,7,3,11,2,14,10,6,1,12,7$1.0
341$5,8,4,9,13,15,7,3,11,2,14,10,6,1,12,7$1.0
342$5,8,4,9,13,15,7,3,11,2,14,10,6,1,12,7$1.0
343$5,8,4,9,13,15,1,3,11,2,14,10,6,1,12,7$1.0
344$5,8,4,9,13,15,7,3,11,2,14,10,6,1,12,7$1.0
345$5,8,4,9,13,15,7,3,11,2,14,10,6,1,12,7$1.0
346$5,8,4,9,13,15,7,3,11,2,14,10,6,1,12,7$1.0
347$5,8,4,9,13,15,7,3,11,2,14,10,6,1,12,7$1.0
348$5,8,4,9,13,15,7,3,11,2,14,10,6,1,12,7$1.0
349$5,8,4,9,13,15,7,3,11,2,14,10,6,1,12,7$1.0
350$5,8,4,9,13,15,7,3,11,2,14,10,6,1,12,7$1.0
351$5,8,4,9,13,15,7,3,11,2,14,10,6,1,12,15$1.0
352$5,8,4,9,13,15,7,3,11,2,14,10,6,1,12,12$1.0
353$5,8,4,9,13,15,7,3,11,2,14,10,6,1,9,12$1.0
354$5,8,4,9,13,15,7,3,11,2,14,10,6,1,12,7$1.0
355$5,8,4,9,13,15,7,3,11,2,14,10,6,1,12,7$1.0
356$5,8,4,9,13,15,7,3,11,2,14,10,6,1,9,12$1.0
357$5,8,4,9,13,15,1,3,11,2,14,10,6,1,12,7$1.0
358$5,8,4,9,13,15,1,3,11,2,14,10,6,1,12,7$1.0
359$5,8,4,9,13,15,7,3,11,2,14,10,6,1,12,7$1.0
360$5,8,4,9,13,15,1,3,11,2,14,10,6,1,12,7$1.0
361$5,8,4,9,13,15,1,3,11,2,14,10,6,1,12,7$1.0
362$5,8,4,9,13,15,1,3,11,2,14,10,6,1,12,7$1.0
363$5,8,4,9,13,15,7,3,11,2,14,10,6,1,12,7$1.0
364$5,8,4,9,13,15,7,3,11,2,14,10,6,1,12,7$1.0
365$5,8,4,9,13,15,1,3,11,2,14,10,6,1,12,7$1.0
366$5,8,4,9,13,15,7,3,11,2,14,10,6,1,9,12$1.0
367$5,8,4,9,13,15,7,3,11,2,14,10,6,1,9,12$1.0
368$5,8,4,9,13,15,7,3,11,2,14,10,6,1,12,7$1.0
369$5,8,4,9,13,15,7,3,11,2,14,10,6,1,9,12$1.0
370$5,8,4,9,13,15,7,3,11,2,14,10,6,1,9,12$1.0
371$5,8,4,9,13,15,7,3,11,2,14,10,6,1,12,7$1.0
372$5,8,4,1,13,15,7,3,11,2,14,10,6,1,9,12$1.0
373$5,8,4,9,13,15,7,3,11,2,14,10,6,1,12,7$1.0
374$5,8,4,9,13,15,7,3,11,2,14,10,6,1,12,7$1.0
375$5,8,4,9,13,15,7,3,11,2,14,10,6,1,9,12$1.0
376$5,8,4,9,13,15,7,3,11,2,14,10,6,1,12,7$1.0
377$5,8,4,9,13,15,7,3,11,2,14,10,6,1,12,7$1.0
378$5,8,4,9,13,15,7,3,11,2,14,10,6,1,12,7$1.0
379$5,8,4,9,13,15,7,3,11,2,14,10,6,1,12,12$1.0
380$5,8,4,9,13,15,7,3,11,2,14,10,6,1,12,7$1.0
381$5,8,4,9,13,15,7,3,11,2,14,10,6,1,12,12$1.0
382$5,8,4,9,13,15,7,3,11,2,14,10,6,1,1,12$1.0
383$5,8,4,9,13,15,7,3,11,2,14,10,6,1,1,12$1.0
384$5,8,4,9,13,15,7,3,11,2,14,10,6,1,9,12$1.0
385$5,8,4,9,13,15,7,3,11,2,14,10,6,1,1,12$1.0
386$5,8,4,9,13,15,7,3,11,2,14,10,6,1,12,12$1.0
387$5,8,4,9,13,15,7,3,11,2,14,10,6,1,12,15$1.0
388$5,8,4,9,13,15,7,3,11,2,14,10,6,1,12,15$1.0
389$5,8,4,9,13,15,7,3,11,2,14,10,6,1,12,12$1.0
390$5,8,4,9,13,15,7,3,11,2,14,10,6,1,12,15$1.0
391$5,8,4,9,13,15,7,3,11,2,14,10,6,1,12,15$1.0
392$5,8,4,9,13,15,7,3,11,2,14,10,6,1,1,12$1.0
393$16,8,4,9,13,15,7,3,11,2,14,10,6,1,1,12$1.0
394$16,8,4,9,13,15,7,3,11,2,14,10,6,13,1,12$1.0
395$5,8,4,9,13,15,7,3,11,2,14,10,6,1,12,15$1.0
396$5,8,4,9,13,15,7,3,11,2,14,10,6,1,1,12$1.0
397$5,8,4,9,13,15,7,3,11,2,14,10,6,1,12,12$1.0
398$5,8,4,9,13,15,7,3,11,2,14,10,6,1,1,12$1.0
399$5,8,4,9,13,15,7,3,11,2,14,10,6,1,1,12$1.0
400$5,8,4,9,13,15,7,3,11,2,14,10,6,1,12,12$1.0
401$16,8,4,9,13,15,7,3,11,2,14,10,6,1,12,12$1.0
402$5,8,4,9,13,15,7,3,11,2,14,10,6,1,1,12$1.0
403$16,8,4,9,13,15,7,3,11,2,14,10,6,1,12,12$1.0
404$5,8,4,9,13,15,7,3,11,2,14,10,6,1,12,12$1.0
405$5,8,4,9,13,15,7,3,11,2,14,10,6,1,12,15$1.0
406$16,8,4,9,13,15,7,3,11,2,14,10,6,1,12,15$1.0
407$16,8,4,9,13,10,7,3,11,2,14,10,6,1,12,15$1.0
408$16,8,4,9,13,15,7,3,11,2,14,10,6,1,12,15$1.0
409$5,8,4,9,13,2,7,3,11,2,14,10,6,1,12,15$1.0
410$16,8,4,9,13,15,7,3,11,2,5,10,6,1,12,15$1.0
411$16,8,4,9,13,15,7,3,11,2,14,10,6,1,1,12$1.0
412$5,8,4,9,13,15,7,3,11,2,14,10,6,1,1,12$1.0
413$16,8,4,9,13,15,7,3,11,2,14,10,6,1,12,15$1.0
414$16,8,4,9,13,15,7,3,11,2,14,10,6,1,12,15$1.0
415$5,8,4,9,13,15,7,3,11,2,14,10,6,1,12,12$1.0
416$16,8,4,9,13,15,7,3,11,2,14,10,6,1,1,12$1.0
417$5,8,4,9,13,15,7,3,11,2,14,10,6,1,12,15$1.0
418$5,8,4,9,13,15,7,3,11,2,14,10,6,1,12,15$1.0
419$16,8,4,9,13,15,7,3,11,2,14,10,6,1,14,12$1.0
420$16,8,4,9,13,15,7,3,11,2,14,10,6,1,12,15$1.0
421$16,8,4,9,13,15,7,3,11,2,14,10,6,1,12,15$1.0
422$16,8,4,9,13,15,7,3,11,2,14,10,6,13,1,12$1.0
423$16,8,4,9,13,15,7,3,11,2,14,10,6,13,1,12$1.0
424$16,8,4,9,13,15,7,3,11,2,14,10,6,1,12,12$1.0
425$16,8,4,9,13,15,7,3,11,2,14,10,6,13,1,12$1.0
426$16,8,4,9,13,15,7,3,11,2,14,10,6,13,1,12$1.0
427$16,8,4,9,13,15,7,3,11,2,14,10,6,1,12,15$1.0
428$16,8,4,9,13,15,7,3,11,2,14,10,6,13,1,12$1.0
429$16,8,4,9,13,15,7,3,11,2,14,10,6,1,12,12$1.0
430$16,8,4,9,13,15,7,3,11,2,14,10,6,13,1,12$1.0
431$16,8,4,9,13,15,7,3,11,2,14,10,6,13,1,12$1.0
432$16,8,4,9,13,15,7,3,11,2,14,10,6,13,1,12$1.0
433$16,8,4,9,13,10,7,3,11,2,14,10,6,1,12,15$1.0
434$16,8,4,9,13,15,7,3,11,2,14,10,6,13,1,12$1.0
435$16,8,4,9,13,15,7,3,11,2,14,10,6,13,1,12$1.0
436$16,8,4,9,13,15,7,3,11,2,14,10,6,1,12,15$1.0
437$16,8,4,9,13,15,7,3,11,2,14,10,6,13,1,12$1.0
438$16,8,4,9,13,15,7,3,11,2,14,10,6,13,1,12$1.0
439$5,8,4,9,13,15,7,3,11,2,14,10,6,13,1,12$1.0
440$5,8,4,9,13,15,7,3,11,2,14,10,6,1,12,15$1.0
441$16,8,4,9,13,15,7,3,11,2,14,10,6,1,12,15$1.0
442$16,8,4,9,13,15,7,3,11,2,14,10,6,1,12,15$1.0
443$16,8,4,9,13,10,7,3,11,2,14,10,6,1,12,15$1.0
444$5,8,4,9,13,15,7,3,11,2,14,10,6,1,12,15$1.0
445$16,8,4,9,13,15,7,3,11,2,14,10,6,1,12,15$1.0
446$5,8,4,9,13,15,7,3,11,2,14,10,6,1,12,15$1.0
447$16,8,4,9,13,15,7,3,11,2,14,10,6,1,12,15$1.0
448$16,8,4,9,13,15,7,3,11,2,14,10,6,1,12,15$1.0
449$5,8,4,9,13,15,7,3,11,2,14,10,6,1,12,15$1.0
450$16,8,4,9,13,15,7,3,11,2,14,10,6,13,1,12$1.0
451$16,8,4,9,13,15,7,3,11,2,14,10,6,1,12,15$1.0
452$5,8,4,9,13,15,7,3,11,2,14,10,6,1,12,15$1.0
453$16,8,4,9,13,15,7,3,11,2,14,10,6,1,12,15$1.0
454$5,8,4,9,13,15,7,3,11,2,14,10,6,1,12,15$1.0
455$16,8,4,9,13,15,7,3,11,2,14,10,6,1,12,15$1.0
456$16,8,4,9,13,15,7,3,11,2,14,10,6,1,12,15$1.0
457$16,8,4,9,13,15,7,3,11,2,14,10,6,1,12,15$1.0
458$5,8,4,9,13,15,7,3,11,2,14,10,6,1,12,15$1.0
459$5,8,4,9,13,15,7,3,11,2,14,10,6,1,12,12$1.0
460$16,8,4,9,13,15,7,3,11,2,14,10,6,1,12,15$1.0
461$16,8,4,9,13,10,7,3,11,2,14,10,6,1,12,15$1.0
462$5,8,4,9,13,15,7,3,11,2,14,10,6,1,12,15$1.0
463$16,8,4,9,13,15,7,3,11,2,14,10,6,1,12,15$1.0
464$5,8,4,9,13,15,7,3,11,2,14,10,6,1,12,15$1.0
465$5,8,4,9,13,15,7,3,11,2,14,10,6,1,12,15$1.0
466$5,8,4,9,13,15,7,3,11,2,14,10,6,1,12,15$1.0
467$5,8,4,9,13,15,7,3,11,2,14,10,6,1,12,15$1.0
468$5,8,4,9,13,15,7,3,11,2,14,10,6,1,12,15$1.0
469$16,8,4,9,13,15,7,3,11,2,14,10,6,1,12,15$1.0
470$16,8,4,9,13,15,7,3,11,2,14,10,6,1,12,15$1.0
471$5,8,4,9,13,15,7,3,11,2,14,10,6,1,12,15$1.0
472$5,8,4,9,13,15,7,3,11,2,14,10,6,1,12,15$1.0
473$16,8,4,9,13,15,7,3,11,2,14,10,6,1,12,15$1.0
474$5,8,4,9,13,15,7,3,11,2,14,10,6,1,12,15$1.0
475$5,8,4,9,13,15,7,3,11,2,14,10,6,1,12,15$1.0
476$16,8,4,9,13,15,7,3,11,2,14,10,6,1,12,15$1.0
477$5,8,4,9,13,15,7,3,11,2,14,10,6,1,12,15$1.0
478$16,8,4,9,13,15,7,3,11,2,14,10,6,1,12,15$1.0
479$5,8,4,9,13,15,7,3,11,2,14,10,6,1,12,15$1.0
480$5,8,4,9,13,15,7,3,11,2,14,10,6,1,12,15$1.0
481$5,8,4,9,13,15,7,3,11,2,14,10,6,1,12,15$1.0
482$5,8,4,9,13,15,7,3,11,2,14,10,6,1,12,15$1.0
483$5,8,4,9,13,15,7,3,11,2,14,10,6,1,12,15$1.0
484$16,8,4,9,13,15,7,3,11,2,14,10,6,1,12,15$1.0
485$5,8,4,9,13,15,7,3,11,2,14,10,6,1,12,15$1.0
486$16,8,4,9,13,15,7,3,11,2,14,10,6,1,12,15$1.0
487$5,8,4,9,13,15,7,3,11,2,14,10,6,1,12,12$1.0
488$5,8,4,9,13,15,7,3,11,2,14,10,6,1,12,15$1.0
489$5,8,4,9,13,15,7,3,11,2,14,10,6,1,12,15$1.0
490$5,8,4,9,13,15,7,3,11,2,14,10,6,1,12,15$1.0
491$5,8,4,9,13,15,7,3,11,2,14,10,6,1,12,15$1.0
492$5,8,4,9,13,15,7,3,11,2,14,10,6,1,12,15$1.0
493$5,8,4,9,13,15,7,3,11,2,14,10,6,1,1,12$1.0
494$5,8,4,9,13,15,7,3,11,2,14,10,6,1,12,15$1.0
495$5,8,4,9,13,15,7,3,11,2,14,10,6,1,1,12$1.0
496$5,8,4,9,13,15,7,3,11,2,14,10,6,1,12,15$1.0
497$5,8,4,9,13,15,7,3,11,2,14,10,6,1,12,15$1.0
498$5,8,4,9,13,15,7,3,11,2,14,10,6,1,1,12$1.0
499$5,8,4,9,13,15,7,3,11,2,14,10,6,1,12,12$1.0
500$5,8,4,9,13,15,7,3,11,2,14,10,6,1,12,15$1.0
501$5,8,4,9,13,15,7,3,11,2,14,10,6,1,1,12$1.0
502$5,8,4,9,13,15,7,3,11,2,14,10,6,1,14,12$1.0
503$5,8,4,9,13,15,7,3,11,2,14,10,6,1,12,15$1.0
504$5,8,4,9,13,15,7,3,11,2,14,10,6,1,1,12$1.0
505$5,8,4,9,13,15,7,3,11,2,14,10,6,1,12,15$1.0
506$5,8,4,9,13,15,7,3,11,2,14,10,6,1,12,15$1.0
507$5,8,4,9,13,15,7,3,11,2,14,10,6,1,12,15$1.0
508$5,8,4,9,13,15,7,3,11,2,14,10,6,1,1,12$1.0
509$16,8,4,9,13,15,7,3,11,2,14,10,6,1,1,12$1.0
510$5,8,4,9,13,15,7,3,11,2,14,10,6,1,12,15$1.0
511$5,8,4,9,13,15,7,3,11,2,14,10,6,1,12,15$1.0
512$5,8,4,9,13,15,7,3,11,2,14,10,6,1,1,12$1.0
513$5,8,4,9,13,15,7,3,11,2,14,10,6,1,12,15$1.0
514$5,8,4,9,13,15,7,3,11,2,14,10,6,1,12,15$1.0
515$5,8,4,9,13,15,7,3,11,2,14,10,6,1,12,1$1.0
516$5,8,4,9,13,15,7,3,11,2,14,10,6,1,1,12$1.0
517$5,8,4,9,13,15,7,3,11,2,14,10,6,1,12,1$1.0
518$5,8,4,9,13,15,7,3,11,2,14,10,6,1,12,1$1.0
519$5,8,4,9,13,15,7,3,11,2,14,10,6,1,12,15$1.0
520$5,8,4,9,13,15,7,3,11,2,14,10,6,1,12,15$1.0
521$5,8,4,9,13,15,7,3,11,2,14,10,6,1,12,1$1.0
522$5,8,4,9,13,15,7,3,11,2,14,10,6,1,12,15$1.0
523$5,8,4,9,13,15,7,3,11,2,14,10,6,1,12,1$1.0
524$5,8,4,9,13,15,7,3,11,2,14,10,6,1,12,15$1.0
525$5,8,4,9,13,15,7,3,11,2,14,10,6,1,12,15$1.0
526$5,8,4,9,13,15,7,3,11,2,14,10,6,1,12,15$1.0
527$5,8,4,9,13,2,7,3,11,2,14,10,6,1,12,15$1.0
528$5,8,4,9,13,15,7,3,11,2,14,10,6,1,12,15$1.0
529$5,8,4,9,13,15,7,3,11,2,14,10,6,1,12,15$1.0
530$5,8,4,9,13,15,7,3,11,2,14,10,6,1,12,15$1.0
531$5,8,4,9,13,15,7,3,11,2,14,10,6,1,12,15$1.0
532$5,8,4,9,13,15,7,3,11,2,14,10,6,1,12,15$1.0
533$5,8,4,9,13,15,7,3,11,2,14,10,6,1,12,15$1.0
534$5,8,4,9,13,15,7,3,11,2,14,10,6,1,12,15$1.0
535$5,8,4,9,13,15,7,3,11,2,14,10,6,1,12,15$1.0
536$5,8,4,9,13,15,7,3,11,2,14,10,6,1,12,15$1.0
537$5,8,4,9,13,15,7,3,11,2,14,10,6,1,9,12$1.0
538$5,8,4,9,13,15,7,3,11,2,14,10,6,1,9,12$1.0
539$5,8,4,9,13,15,7,3,11,2,14,10,6,1,9,12$1.0
540$5,8,4,9,13,15,7,3,11,2,14,10,6,1,12,15$1.0
541$5,8,4,9,13,15,7,3,11,2,14,10,6,1,12,15$1.0
542$5,8,4,9,13,15,7,3,11,2,14,10,6,1,12,15$1.0
543$5,8,4,9,13,15,7,3,11,2,14,10,6,1,12,15$1.0
544$5,8,4,9,13,15,7,3,11,2,14,10,6,1,12,15$1.0
545$5,8,4,9,13,15,7,3,11,2,14,10,6,1,12,15$1.0
546$5,8,4,9,13,15,7,3,11,2,14,10,6,1,12,15$1.0
547$5,8,4,9,13,15,7,3,11,2,14,10,6,1,12,15$1.0
548$5,8,4,9,13,15,7,3,11,2,14,10,6,1,12,15$1.0
549$5,8,4,9,13,15,7,3,11,2,14,10,6,1,12,15$1.0
550$5,8,4,9,13,15,7,3,11,2,14,10,6,1,12,15$1.0
551$5,8,4,9,13,15,7,3,11,2,14,10,6,1,12,15$1.0
552$5,8,4,9,13,15,7,3,11,2,14,10,6,1,12,15$1.0
553$5,8,4,9,13,15,7,3,11,2,14,10,6,1,12,15$1.0
554$5,8,4,9,13,15,7,3,11,2,14,10,6,1,12,15$1.0
555$5,8,4,9,13,15,7,3,11,2,14,10,6,1,12,15$1.0
556$5,8,4,9,13,15,7,3,11,2,14,10,6,1,12,15$1.0
557$5,8,4,9,13,15,7,3,11,2,14,10,6,1,12,15$1.0
558$16,8,4,9,13,2,7,3,11,2,14,10,6,1,12,15$1.0
559$16,8,4,9,13,15,7,3,11,2,14,10,6,1,12,15$1.0
560$5,8,4,9,13,15,7,3,11,2,14,10,6,1,12,15$1.0
561$5,8,4,9,13,15,7,3,11,2,14,10,6,1,12,15$1.0
562$5,8,4,9,13,15,7,3,11,2,14,10,6,1,12,15$1.0
563$5,8,4,9,13,15,7,3,11,2,14,10,6,1,12,10$1.0
564$5,8,4,9,13,15,7,3,11,2,14,10,6,1,14,12$1.0
565$5,8,4,9,13,15,7,3,11,2,14,10,6,1,1,12$1.0
566$5,8,4,9,13,15,7,3,11,2,14,10,6,1,12,15$1.0
567$16,8,4,9,13,15,7,3,11,2,14,10,6,1,12,10$1.0
568$5,8,4,9,13,15,7,3,11,2,14,10,6,1,12,10$1.0
569$5,8,4,9,13,15,7,3,11,2,14,10,6,1,12,10$1.0
570$5,8,4,9,13,15,7,3,11,2,14,10,6,1,12,10$1.0
571$5,8,4,9,13,15,7,3,11,2,14,10,6,1,12,10$1.0
572$5,8,4,9,13,15,7,3,11,2,14,10,6,1,12,10$1.0
573$5,8,4,9,13,15,7,3,11,2,14,10,6,1,12,10$1.0
574$5,8,4,9,13,15,7,3,11,2,14,10,6,1,12,10$1.0
575$5,8,4,9,13,15,7,3,11,2,14,10,6,1,12,10$1.0
576$5,8,4,9,13,15,7,3,11,2,14,10,6,1,12,15$1.0
577$5,8,4,9,13,15,7,3,11,2,14,10,6,1,12,10$1.0
578$5,8,4,9,13,15,7,3,11,2,14,10,6,1,12,10$1.0
579$5,8,4,9,13,15,7,3,11,2,14,10,6,1,12,10$1.0
580$5,8,4,9,13,15,7,3,11,2,14,10,6,1,12,10$1.0
581$5,8,4,9,13,15,7,3,11,2,14,10,6,1,12,10$1.0
582$5,8,4,9,13,15,7,3,11,2,14,10,6,1,12,10$1.0
583$5,8,4,9,13,15,7,3,11,2,14,10,6,1,12,10$1.0
584$5,8,4,9,13,15,7,3,11,2,14,10,6,1,12,10$1.0
585$16,8,4,9,13,15,7,3,11,2,14,10,6,1,12,10$1.0
586$5,8,4,9,13,15,7,3,11,2,14,10,6,1,12,10$1.0
587$5,8,4,9,13,15,7,3,11,2,14,10,6,1,12,10$1.0
588$5,8,4,9,13,15,7,3,11,2,14,10,6,1,12,10$1.0
589$5,8,4,9,13,15,7,3,11,2,14,10,6,1,12,10$1.0
590$16,8,4,9,13,15,7,3,11,2,14,10,6,1,12,10$1.0
591$5,8,4,9,13,15,7,3,11,2,14,10,6,1,12,10$1.0
592$5,8,4,9,13,15,7,3,11,2,14,10,6,1,12,10$1.0
593$5,8,4,9,13,15,7,3,11,2,14,10,6,1,12,10$1.0
594$5,8,4,9,13,15,7,3,11,2,14,10,6,1,12,10$1.0
595$5,8,4,9,13,15,7,3,11,2,14,10,6,1,12,10$1.0
596$5,8,4,9,13,15,7,3,11,2,14,10,6,1,12,10$1.0
597$5,8,4,9,13,15,7,3,11,2,14,10,6,1,12,10$1.0
598$5,8,4,9,13,15,7,3,11,2,14,10,6,1,12,10$1.0
599$5,8,4,9,13,15,7,3,11,2,14,10,6,1,12,1$1.0
600$5,8,4,9,13,15,7,3,11,2,14,10,6,1,12,1$1.0
601$5,8,4,9,13,15,7,3,11,2,14,11,6,1,12,10$1.0
602$5,8,4,9,13,15,7,3,11,2,14,10,6,1,12,12$1.0
603$5,8,4,9,13,15,7,3,11,2,14,10,6,1,12,15$1.0
604$5,8,4,9,13,15,7,3,11,2,14,11,6,1,12,10$1.0
605$5,8,4,9,13,15,7,3,11,2,14,11,6,1,12,10$1.0
606$5,8,4,9,13,15,7,3,11,2,14,11,6,1,12,10$1.0
607$5,8,4,9,13,15,7,3,11,2,14,10,6,1,12,1$1.0
608$5,8,4,9,13,15,7,3,11,2,14,10,6,1,12,1$1.0
609$5,8,4,9,13,15,7,3,11,2,14,10,6,1,12,10$1.0
610$5,8,4,9,13,15,7,3,11,2,14,10,6,1,12,10$1.0
611$5,8,4,9,13,15,7,3,11,2,14,10,6,1,12,10$1.0
612$5,8,4,9,13,15,7,3,11,2,14,10,6,1,12,10$1.0
613$5,8,4,9,13,15,7,3,11,2,14,11,6,1,12,10$1.0
614$5,8,4,9,13,15,7,3,11,2,14,10,6,1,12,10$1.0
615$5,8,4,9,13,15,7,3,11,2,14,10,6,1,12,10$1.0
616$5,8,4,9,13,15,7,3,11,2,14,11,6,1,12,10$1.0
617$5,8,4,9,13,15,7,3,11,2,14,11,6,1,12,10$1.0
618$5,8,4,9,13,15,7,3,11,2,14,11,6,1,12,10$1.0
619$5,8,4,9,13,15,7,3,11,2,14,10,6,1,12,10$1.0
620$5,8,4,9,13,15,7,3,11,2,14,10,6,1,12,10$1.0
621$5,8,4,9,13,15,7,3,11,2,14,10,6,1,12,7$1.0
622$5,8,4,9,13,15,7,3,11,2,14,10,6,1,12,10$1.0
623$5,8,4,9,13,15,7,3,11,2,14,10,6,1,12,15$1.0
624$5,8,4,9,13,15,7,3,11,2,14,10,6,1,12,15$1.0
625$16,8,4,9,13,15,7,3,11,2,14,10,6,1,12,10$1.0
626$5,8,4,9,13,15,7,3,11,2,14,10,6,1,12,15$1.0
627$5,8,4,9,13,15,7,3,11,2,14,10,6,1,12,12$1.0
628$5,8,4,9,13,15,7,3,11,2,14,10,6,1,12,7$1.0
629$5,8,4,9,13,15,7,3,11,2,14,10,6,1,12,7$1.0
630$5,8,4,9,13,15,7,3,11,2,14,10,6,1,12,15$1.0
631$5,8,4,9,13,15,7,3,11,2,14,10,6,1,12,15$1.0
632$5,8,4,9,13,15,7,3,11,2,14,10,6,1,12,15$1.0
633$5,8,4,9,13,15,7,3,11,2,14,10,6,1,12,7$1.0
634$5,8,4,9,13,15,7,3,11,2,14,10,6,1,12,10$1.0
635$5,8,4,9,13,15,7,3,11,2,14,10,6,1,12,15$1.0
636$5,8,4,9,13,15,7,3,11,2,14,10,6,1,12,15$1.0
637$5,8,4,9,13,15,7,3,11,2,14,10,6,1,12,15$1.0
638$5,8,4,9,13,15,7,3,11,2,14,10,6,1,12,15$1.0
639$5,8,4,9,13,15,7,3,11,2,14,10,6,1,12,10$1.0
640$5,8,4,9,13,15,7,3,11,2,14,10,6,1,12,15$1.0
641$5,8,4,9,13,15,7,3,11,2,14,10,6,1,12,15$1.0
642$5,8,4,9,13,15,7,3,11,2,14,10,6,1,12,15$1.0
643$5,8,4,9,13,15,7,3,11,2,14,10,6,1,12,15$1.0
644$5,8,4,9,13,15,7,3,11,2,14,10,6,1,12,10$1.0
645$5,8,4,9,13,15,7,3,11,2,14,10,6,1,12,15$1.0
646$5,8,4,9,13,15,7,3,11,2,14,10,6,1,12,15$1.0
647$5,8,4,9,13,15,7,3,11,2,14,10,6,1,12,15$1.0
648$5,8,4,9,13,15,7,3,11,2,14,10,6,1,12,15$1.0
649$5,8,4,9,13,2,7,3,11,2,14,10,6,1,12,15$1.0
650$5,8,4,9,13,15,7,3,11,2,14,10,6,1,12,15$1.0
651$5,8,4,9,13,15,7,3,11,2,14,10,6,1,12,15$1.0
652$5,8,4,9,13,15,7,3,11,2,14,10,6,1,12,15$1.0
653$5,8,4,9,13,15,7,3,11,2,14,10,6,1,12,15$1.0
654$5,8,4,9,13,15,7,3,11,2,14,10,6,1,12,15$1.0
655$5,8,4,9,13,15,7,3,11,2,14,10,6,1,12,15$1.0
656$5,8,4,9,13,15,7,3,11,2,14,10,6,1,12,15$1.0
657$5,8,4,9,13,15,7,3,11,2,14,10,6,1,12,15$1.0
658$5,8,4,9,13,15,7,3,11,2,14,10,6,1,12,10$1.0
659$5,8,4,9,13,15,7,3,11,2,14,10,6,1,12,15$1.0
660$5,8,4,9,13,15,7,3,11,2,14,10,6,1,12,15$1.0
661$5,8,4,9,13,15,7,3,11,2,14,10,6,1,12,15$1.0
662$5,8,4,9,13,15,7,3,11,2,14,10,6,1,12,15$1.0
663$5,8,4,9,13,15,7,3,11,2,14,10,6,1,12,15$1.0
664$5,8,4,9,13,15,7,3,11,2,14,10,6,1,12,15$1.0
665$5,8,4,9,13,15,7,3,11,2,14,10,6,1,12,15$1.0
666$5,8,4,9,13,15,7,3,11,2,14,10,6,1,12,1$1.0
667$5,8,4,9,13,15,7,3,11,2,14,10,6,1,12,15$1.0
668$5,8,4,9,13,15,7,3,11,2,14,10,6,1,12,1$1.0
669$5,8,4,9,13,15,7,3,11,2,14,10,6,1,12,15$1.0
670$5,8,4,9,13,15,7,3,11,2,14,10,6,1,12,12$1.0
671$5,8,4,9,13,15,7,3,11,2,14,10,6,1,12,15$1.0
672$5,8,4,9,13,15,7,3,11,2,14,10,6,1,12,15$1.0
673$5,8,4,9,13,15,7,3,11,2,14,10,6,1,12,15$1.0
674$5,8,4,9,13,15,7,3,11,2,14,10,6,1,12,15$1.0
675$5,8,4,9,13,15,7,3,11,2,14,10,6,1,12,15$1.0
676$5,8,4,9,13,15,7,3,11,2,14,10,6,1,12,15$1.0
677$5,8,4,9,13,15,7,3,11,2,14,10,6,1,12,12$1.0
678$5,8,4,9,13,15,7,3,11,2,14,10,6,1,12,12$1.0
679$5,8,4,9,13,15,7,3,11,2,14,10,6,1,12,15$1.0
680$5,8,4,9,13,15,7,3,11,2,14,10,6,1,12,15$1.0
681$5,8,4,9,13,15,7,3,11,2,14,10,6,1,12,1$1.0
682$5,8,4,9,13,15,7,3,11,2,14,10,6,1,12,1$1.0
683$5,8,4,9,13,15,7,3,11,2,14,10,6,1,12,1$1.0
684$5,8,4,9,13,15,7,3,11,2,14,10,6,1,12,10$1.0
685$5,8,4,9,13,15,7,3,11,2,14,10,6,1,12,15$1.0
686$5,8,4,9,13,15,7,3,11,2,14,10,6,1,12,1$1.0
687$5,8,13,9,4,15,7,3,11,2,14,10,6,1,12,1$1.0
688$5,8,4,9,13,15,7,3,11,2,14,10,6,1,12,1$1.0
689$5,8,4,9,13,15,7,3,11,2,14,10,6,1,12,1$1.0
690$5,8,4,9,13,15,7,3,11,2,14,10,6,1,12,1$1.0
691$5,8,4,9,13,15,7,3,11,2,14,10,6,1,12,10$1.0
692$5,8,13,9,4,15,7,3,11,2,14,10,6,1,12,1$1.0
693$5,8,4,9,13,15,7,3,11,2,14,10,6,1,12,1$1.0
694$5,8,4,9,13,15,7,3,11,2,14,10,6,1,12,1$1.0
695$5,8,4,9,13,2,7,3,11,2,14,10,6,1,12,15$1.0
696$5,8,13,9,4,15,7,3,11,2,14,10,6,1,12,1$1.0
697$5,8,4,9,13,2,7,3,11,2,14,10,6,1,12,15$1.0
698$5,8,4,9,13,15,7,3,11,2,14,10,6,1,12,15$1.0
699$5,8,4,9,13,15,7,3,11,2,14,10,6,1,12,1$1.0
700$5,8,4,9,13,15,7,3,11,2,14,10,6,1,12,1$1.0
701$5,8,4,9,13,2,7,3,11,2,14,10,6,1,12,15$1.0
702$5,8,4,9,13,2,7,3,11,2,14,10,6,1,12,15$1.0
703$5,8,4,9,13,2,7,3,11,2,14,10,6,1,12,15$1.0
704$5,8,4,9,13,2,7,3,11,2,14,10,6,1,12,15$1.0
705$5,8,4,9,13,15,7,3,11,2,14,10,6,1,12,15$1.0
706$5,8,4,9,13,15,7,3,11,2,14,10,6,1,12,7$1.0
707$5,8,4,9,13,15,7,3,11,2,14,10,6,1,12,15$1.0
708$5,8,4,9,13,15,7,3,11,2,14,10,6,1,12,15$1.0
709$5,8,4,9,13,2,7,3,11,2,14,10,6,1,12,15$1.0
710$5,8,4,9,13,15,7,3,11,2,14,10,6,1,12,15$1.0
711$5,8,4,9,13,2,7,3,11,2,14,10,6,1,12,15$1.0
712$5,8,4,9,13,15,7,3,11,2,14,10,6,1,12,15$1.0
713$5,8,4,9,13,15,7,3,11,2,14,10,6,1,12,15$1.0
714$5,8,4,9,13,15,7,3,11,2,14,10,6,1,12,15$1.0
715$16,8,4,9,13,15,7,3,11,2,14,10,6,1,12,15$1.0
716$5,8,4,9,13,15,7,3,11,2,14,10,6,1,12,12$1.0
717$5,8,4,9,13,15,7,3,11,2,14,10,6,1,12,15$1.0
718$5,8,4,9,13,2,7,3,11,2,14,10,6,1,12,15$1.0
719$5,8,4,9,13,15,7,3,11,2,14,10,6,1,12,15$1.0
720$5,8,4,9,13,2,7,3,11,2,14,10,6,1,12,15$1.0
721$16,8,4,9,13,15,7,3,11,2,14,10,6,1,12,15$1.0
722$5,8,4,9,13,15,7,3,11,2,14,10,6,1,12,15$1.0
723$5,8,4,9,13,15,7,3,11,2,14,10,6,1,12,15$1.0
724$5,8,4,9,13,15,7,3,11,2,14,10,6,1,12,1$1.0
725$5,8,4,9,13,15,7,3,11,2,14,10,6,1,12,15$1.0
726$5,8,4,9,13,15,7,3,11,2,14,10,6,1,12,15$1.0
727$16,8,4,9,13,15,7,3,11,2,14,10,6,1,12,15$1.0
728$5,8,4,9,13,15,7,3,11,2,14,10,6,1,12,15$1.0
729$5,8,4,9,13,15,7,3,11,2,14,10,6,1,12,1$1.0
730$5,8,4,9,13,15,7,3,11,2,14,10,6,1,12,1$1.0
731$16,8,4,9,13,15,7,3,11,2,14,10,6,1,12,15$1.0
732$5,8,4,9,13,15,7,3,11,2,14,10,6,1,12,7$1.0
733$5,8,4,9,13,15,7,3,11,2,14,10,6,1,12,7$1.0
734$5,8,4,9,13,15,7,3,11,2,14,10,6,1,12,15$1.0
735$5,8,4,9,13,15,7,3,11,2,14,10,6,1,12,7$1.0
736$5,8,4,9,13,15,7,3,11,2,14,10,6,1,12,7$1.0
737$5,8,4,9,13,15,7,3,11,2,14,10,6,1,12,15$1.0
738$5,8,4,9,13,15,7,3,11,2,14,10,6,1,12,1$1.0
739$5,8,4,9,13,15,7,3,11,2,14,10,6,1,12,1$1.0
740$5,8,4,9,13,15,7,3,11,2,14,10,6,1,12,1$1.0
741$5,8,4,9,13,15,7,3,11,2,14,10,6,1,12,1$1.0
742$5,8,4,9,13,15,7,3,11,2,14,10,6,1,12,15$1.0
743$5,8,4,9,13,15,7,3,11,2,14,10,6,1,12,15$1.0
744$5,8,4,9,13,15,7,3,11,2,14,10,6,1,12,1$1.0
745$5,8,4,9,13,15,7,3,11,2,14,10,6,1,12,15$1.0
746$5,8,4,9,13,15,7,3,11,2,14,10,6,2,12,1$1.0
747$5,8,4,9,13,15,7,3,11,2,14,10,6,1,12,1$1.0
748$5,8,4,9,13,15,7,3,11,2,14,10,6,1,12,1$1.0
749$5,8,4,9,13,15,7,3,11,2,14,10,6,2,12,1$1.0
750$5,8,4,9,13,15,7,3,11,2,14,10,6,1,12,1$1.0
751$5,8,4,9,13,15,7,3,11,2,14,10,6,2,12,1$1.0
752$5,8,4,9,13,15,7,3,11,2,14,10,6,1,12,1$1.0
753$5,8,4,9,13,15,7,3,11,2,14,10,6,1,12,1$1.0
754$5,8,4,9,13,15,7,3,11,2,14,10,6,1,12,1$1.0
755$5,8,4,9,13,15,7,3,11,2,14,10,6,1,12,1$1.0
756$5,8,4,9,13,15,7,3,11,2,14,10,6,1,12,1$1.0
757$5,8,4,9,13,15,7,3,11,2,14,10,6,1,12,10$1.0
758$5,8,4,9,13,15,7,3,11,2,14,10,6,1,12,1$1.0
759$5,8,4,9,13,15,7,3,11,2,14,10,6,1,12,1$1.0
760$5,8,4,9,13,15,7,3,11,2,14,10,6,1,12,1$1.0
761$5,8,4,9,13,15,7,3,11,2,14,10,6,1,12,1$1.0
762$5,8,4,9,13,15,7,3,11,2,14,10,6,1,12,1$1.0
763$5,8,4,9,13,15,7,3,11,2,14,10,6,1,12,1$1.0
764$5,8,4,9,13,15,7,3,11,2,14,10,6,1,12,1$1.0
765$5,8,4,9,13,15,7,3,11,2,14,10,6,1,12,1$1.0
766$5,8,4,9,13,15,7,3,11,2,14,10,6,1,12,1$1.0
767$5,8,4,9,13,15,7,3,11,2,14,10,6,1,12,10$1.0
768$5,8,4,9,13,15,7,3,11,2,14,10,6,1,12,1$1.0
769$5,8,4,9,13,15,7,3,11,2,14,10,6,1,12,1$1.0
770$5,8,4,9,13,15,7,3,11,2,14,10,6,1,12,10$1.0
771$5,8,4,9,13,15,7,3,11,2,14,10,6,1,12,1$1.0
772$5,8,4,9,13,15,7,3,11,2,14,10,6,1,12,1$1.0
773$5,8,4,9,13,15,7,3,11,2,14,10,6,1,12,10$1.0
774$5,8,4,9,13,15,7,3,11,2,14,10,6,1,12,10$1.0
775$5,8,4,9,13,15,7,3,11,2,14,10,6,1,12,1$1.0
776$5,8,4,9,13,15,7,3,11,2,14,10,6,1,12,1$1.0
777$5,8,4,9,13,15,7,3,11,2,14,10,6,1,12,1$1.0
778$5,8,4,9,13,15,7,3,11,2,14,10,6,1,12,1$1.0
779$5,8,4,9,13,15,7,3,11,2,14,10,6,1,12,1$1.0
780$5,8,4,9,13,15,7,3,11,2,14,10,6,1,12,1$1.0
781$5,8,4,9,13,15,7,3,11,2,14,10,6,1,12,1$1.0
782$5,8,4,9,13,15,7,3,11,2,14,10,6,1,12,1$1.0
783$5,8,4,9,13,15,7,3,11,2,14,10,6,1,12,1$1.0
784$5,8,4,9,13,15,7,3,11,2,14,10,6,1,12,10$1.0
785$5,8,4,9,13,15,7,3,11,2,14,10,6,1,12,7$1.0
786$5,8,4,9,13,15,7,3,11,2,14,10,6,1,12,1$1.0
787$5,8,4,9,13,15,7,3,11,2,14,10,6,1,12,10$1.0
788$5,8,4,9,13,15,7,3,11,2,14,10,6,1,12,10$1.0
789$5,8,4,9,13,15,7,3,11,2,14,10,6,1,12,1$1.0
790$5,8,4,9,13,15,7,3,11,2,14,10,6,1,12,7$1.0
791$16,8,4,9,13,15,7,3,11,2,14,10,6,1,12,10$1.0
792$5,8,4,9,13,15,7,3,11,2,14,10,6,1,12,10$1.0
793$5,8,4,9,13,15,7,3,11,2,14,10,6,1,12,1$1.0
794$5,8,4,9,13,15,7,3,11,2,14,10,6,1,12,1$1.0
795$5,8,4,9,13,15,7,3,11,2,14,10,6,1,12,10$1.0
796$5,8,4,9,13,15,7,3,11,2,14,10,6,1,12,10$1.0
797$5,8,4,9,13,15,7,3,11,2,14,10,6,1,12,1$1.0
798$5,8,4,9,13,15,7,3,11,2,14,10,6,1,12,1$1.0
799$5,8,4,9,13,15,7,3,11,2,14,10,6,1,12,15$1.0
800$5,8,4,9,13,15,7,3,11,2,14,10,6,1,12,10$1.0
801$5,8,4,9,13,15,7,3,11,2,14,10,6,1,12,10$1.0
802$5,8,4,9,13,15,7,3,11,2,14,10,6,1,12,7$1.0
803$5,8,4,9,13,15,7,3,11,2,14,10,6,1,12,7$1.0
804$5,8,4,9,13,15,7,3,11,2,14,10,6,1,12,1$1.0
805$5,8,4,9,13,15,7,3,11,2,14,10,6,1,12,7$1.0
806$5,8,4,9,13,15,7,3,11,2,14,10,6,1,12,7$1.0
807$5,8,4,9,13,15,7,3,11,2,14,10,6,1,12,7$1.0
808$5,8,4,9,13,15,7,3,11,2,14,10,6,1,12,7$1.0
809$5,8,4,9,13,15,7,3,11,2,14,10,6,1,12,7$1.0
810$5,8,4,9,13,15,7,3,11,2,14,10,6,1,12,1$1.0
811$5,8,4,9,13,15,7,3,11,2,14,10,6,1,12,1$1.0
812$5,8,4,9,13,15,7,3,11,2,14,10,6,2,12,1$1.0
813$5,8,4,9,13,15,7,3,11,2,14,10,6,2,12,1$1.0
814$5,8,4,9,13,15,7,3,11,2,14,10,6,2,12,1$1.0
815$5,8,4,9,13,15,7,3,11,2,14,10,6,1,12,7$1.0
816$5,8,4,9,13,15,7,3,11,2,14,10,6,1,12,10$1.0
817$5,8,4,9,13,15,7,3,11,2,14,10,6,1,12,1$1.0
818$5,8,4,9,13,15,7,3,11,2,14,10,6,1,12,10$1.0
819$5,8,4,9,13,15,7,3,11,2,14,10,6,1,12,10$1.0
820$5,8,4,9,13,15,7,3,11,2,14,10,6,1,12,10$1.0
821$5,8,4,9,13,15,7,3,11,2,14,10,6,1,12,10$1.0
822$5,8,4,9,13,15,7,3,11,2,14,10,6,1,12,7$1.0
823$5,8,4,9,13,15,7,3,11,2,14,10,6,2,12,1$1.0
824$5,8,4,9,13,15,7,3,11,2,14,10,6,2,12,1$1.0
825$5,8,4,9,13,15,7,3,11,2,14,10,6,2,12,1$1.0
826$5,8,4,9,13,15,7,3,11,2,14,10,6,2,12,1$1.0
827$5,8,4,9,13,15,7,3,11,2,14,10,6,2,12,1$1.0
828$5,8,4,9,13,15,7,3,11,2,14,10,6,1,12,7$1.0
829$5,8,4,9,13,15,7,3,11,2,14,10,6,2,12,1$1.0
830$5,8,4,9,13,15,7,3,11,2,14,10,6,2,12,1$1.0
831$5,8,4,9,13,15,7,3,11,2,14,10,6,1,12,10$1.0
832$5,8,4,9,13,15,7,3,11,2,14,10,6,1,12,7$1.0
833$5,8,4,9,13,15,7,3,11,2,14,10,6,2,12,1$1.0
834$5,8,4,9,13,15,7,3,11,2,14,10,6,1,12,7$1.0
835$5,8,4,9,13,15,7,3,11,2,14,10,6,2,12,1$1.0
836$5,8,4,9,13,15,7,3,11,2,14,10,6,2,12,1$1.0
837$5,8,4,9,13,15,7,3,11,2,14,10,6,2,12,1$1.0
838$5,8,4,9,13,15,7,3,11,2,14,10,6,2,12,1$1.0
839$5,8,4,9,13,15,7,3,11,2,14,10,6,2,12,1$1.0
840$5,8,4,9,13,15,7,3,11,2,14,10,6,2,12,1$1.0
841$5,8,4,9,13,15,7,3,11,2,14,10,6,1,12,10$1.0
842$5,8,4,9,13,15,7,3,11,2,14,10,6,1,12,10$1.0
843$5,8,4,9,13,15,7,3,11,2,14,10,6,1,12,10$1.0
844$5,8,4,9,13,15,7,3,11,2,14,10,6,2,12,1$1.0
845$5,8,4,9,13,15,7,3,11,2,14,10,6,1,12,10$1.0
846$5,8,4,9,13,15,7,3,11,2,14,10,6,1,12,10$1.0
847$5,8,4,9,13,15,7,3,11,2,14,10,6,1,12,10$1.0
848$5,8,4,9,13,15,7,3,11,2,14,10,6,1,12,10$1.0
849$5,8,4,9,13,15,7,3,11,2,14,10,6,10,12,1$1.0
850$5,8,4,9,13,15,7,3,11,2,14,10,6,1,12,10$1.0
851$5,8,4,9,13,15,7,3,11,2,14,10,6,1,12,12$1.0
852$5,8,4,9,13,15,7,3,11,2,14,10,6,1,12,15$1.0
853$5,8,4,9,13,15,7,3,11,2,14,10,6,1,12,10$1.0
854$5,8,4,9,13,15,7,3,11,2,14,10,6,1,12,10$1.0
855$5,8,4,9,13,15,7,3,11,2,14,10,6,1,12,10$1.0
856$5,8,4,9,13,15,7,3,11,2,14,10,6,10,12,1$1.0
857$5,8,4,9,13,15,7,3,11,2,14,10,6,1,12,10$1.0
858$5,8,4,9,13,15,7,3,11,2,14,10,6,1,12,10$1.0
859$5,8,4,9,13,15,7,3,11,2,14,10,6,1,12,15$1.0
860$5,8,4,9,13,15,7,3,11,2,14,10,6,1,12,12$1.0
861$5,8,4,9,13,15,7,3,11,2,14,10,6,1,12,15$1.0
862$5,8,4,9,13,15,7,3,11,2,14,10,6,1,12,15$1.0
863$5,8,4,9,13,15,7,3,11,2,14,10,6,10,12,1$1.0
864$5,8,4,9,13,15,7,3,11,2,14,10,6,1,12,1$1.0
865$5,8,4,9,13,15,7,3,11,2,14,10,6,1,12,1$1.0
866$5,8,4,9,13,15,7,3,11,2,14,10,6,1,12,1$1.0
867$5,8,4,9,13,15,7,3,11,2,14,10,6,1,12,12$1.0
868$5,8,4,9,13,15,7,3,11,2,14,10,6,10,12,1$1.0
869$5,8,4,9,13,15,7,3,11,2,14,10,6,2,12,1$1.0
870$5,8,4,9,13,15,7,3,11,2,14,10,6,1,12,10$1.0
871$5,8,4,9,13,15,7,3,11,2,14,10,6,2,12,1$1.0
872$5,8,4,9,13,15,7,3,11,2,14,10,6,2,12,1$1.0
873$5,8,4,9,13,15,7,3,11,2,14,10,6,10,12,1$1.0
874$5,8,4,9,13,15,7,3,11,2,14,10,6,2,12,1$1.0
875$5,8,4,9,13,15,7,3,11,2,14,3,6,10,12,1$1.0
876$5,8,4,9,13,15,7,3,11,2,14,10,6,2,12,1$1.0
877$5,8,4,9,13,15,7,3,11,2,14,10,6,10,12,1$1.0
878$5,8,4,9,13,15,7,3,11,2,14,10,6,1,12,1$1.0
879$5,8,4,9,13,15,7,3,11,2,14,10,6,10,12,1$1.0
880$5,8,4,9,13,15,7,3,11,2,14,3,6,10,12,1$1.0
881$5,8,4,9,13,15,7,3,11,2,14,3,6,10,12,1$1.0
882$5,8,4,9,13,15,7,3,11,2,14,10,6,1,12,10$1.0
883$5,8,4,9,13,15,7,3,11,2,14,10,6,10,12,1$1.0
884$5,8,4,9,13,15,7,3,11,2,14,10,3,5,12,1$2.0
885$5,8,4,9,13,15,7,3,11,2,14,10,6,10,12,1$1.0
886$5,8,4,9,13,15,7,3,11,2,14,10,3,10,12,1$2.0
887$5,8,4,9,13,15,7,3,11,2,14,10,6,10,12,1$1.0
888$5,8,4,9,13,16,7,3,11,2,14,3,6,10,12,15$1.0
889$5,8,4,9,13,15,7,3,11,2,14,10,6,10,12,1$1.0
890$5,8,4,9,13,15,7,3,11,2,14,10,6,10,12,1$1.0
891$5,8,4,9,13,15,7,3,11,2,14,10,6,10,12,1$1.0
892$5,8,4,9,13,15,7,3,11,2,14,10,6,10,12,1$1.0
893$5,8,4,9,13,15,7,3,11,2,14,10,6,10,12,1$1.0
894$5,8,4,9,13,15,7,3,11,2,14,10,6,10,12,1$1.0
895$5,8,4,9,13,15,7,3,11,2,14,10,6,1,12,15$1.0
896$5,8,4,9,13,15,7,3,11,2,14,10,6,10,12,1$1.0
897$5,8,4,9,13,15,7,3,11,2,14,10,6,1,12,15$1.0
898$5,8,4,9,13,15,7,3,11,2,14,10,6,10,12,1$1.0
899$5,8,4,9,13,15,7,3,11,2,14,11,6,10,12,1$1.0
900$5,8,4,9,13,15,7,3,11,2,14,11,6,10,12,1$1.0
901$5,8,4,9,13,15,7,3,11,2,14,10,6,10,12,1$1.0
902$5,8,4,9,13,15,7,3,11,2,14,10,6,1,12,15$1.0
903$5,8,4,9,13,15,7,3,11,2,14,10,6,1,12,15$1.0
904$5,8,4,9,13,15,7,3,11,2,14,10,6,1,12,15$1.0
905$5,8,4,9,13,15,7,3,11,2,14,10,6,1,12,12$1.0
906$5,8,4,9,13,15,7,3,11,2,14,10,6,1,12,12$1.0
907$5,8,4,9,13,15,7,3,11,2,14,10,6,1,12,10$1.0
908$5,8,4,9,13,15,7,3,11,2,14,10,6,1,12,15$1.0
909$5,8,4,9,13,15,7,3,11,2,14,10,6,1,12,15$1.0
910$5,8,4,9,13,15,7,3,11,2,14,10,6,1,12,15$1.0
911$5,8,4,9,13,15,7,3,11,2,14,10,6,1,12,1$1.0
912$5,8,4,9,13,15,7,3,11,2,14,10,6,1,12,10$1.0
913$5,8,4,9,13,15,7,3,11,2,14,10,6,1,12,10$1.0
914$5,8,4,9,13,15,7,3,11,2,14,10,6,1,12,1$1.0
915$5,8,4,9,13,15,7,3,11,2,14,10,6,1,12,15$1.0
916$5,8,4,9,13,15,7,3,11,2,14,10,6,1,12,15$1.0
917$5,8,4,9,13,15,7,3,11,2,14,10,6,1,12,7$1.0
918$5,8,4,9,13,15,7,3,11,2,14,10,6,1,12,15$1.0
919$5,8,4,9,13,15,7,3,11,2,14,10,6,1,12,15$1.0
920$5,8,4,9,13,15,7,3,11,2,14,10,6,1,12,15$1.0
921$5,8,4,9,13,15,7,3,11,2,14,10,6,1,12,10$1.0
922$5,8,4,9,13,15,7,3,11,2,14,10,6,1,12,15$1.0
923$5,8,4,9,13,15,7,3,11,2,14,10,6,1,12,1$1.0
924$5,8,4,9,13,15,7,3,11,2,14,10,6,1,12,15$1.0
925$5,8,4,9,13,15,7,3,11,2,14,10,6,1,12,1$1.0
926$5,8,4,9,13,15,7,3,11,2,14,10,6,1,12,15$1.0
927$5,8,4,9,13,15,7,3,11,2,14,10,6,1,12,10$1.0
928$5,8,4,9,13,15,7,3,11,2,14,10,6,1,12,1$1.0
929$5,8,4,9,13,15,7,3,11,2,14,10,6,1,12,1$1.0
930$5,8,4,9,13,15,7,3,11,2,14,10,6,1,12,15$1.0
931$5,8,4,9,13,15,7,3,11,2,14,10,6,1,12,1$1.0
932$5,8,4,9,13,15,7,3,11,2,14,10,6,1,12,1$1.0
933$5,8,4,9,13,15,7,3,11,2,14,10,6,1,12,15$1.0
934$5,8,4,9,13,15,7,3,11,2,14,10,6,1,12,15$1.0
935$5,8,4,9,13,15,7,3,11,2,14,10,6,1,12,1$1.0
936$5,8,4,9,13,15,7,3,11,2,14,10,6,1,12,10$1.0
937$5,8,4,9,13,15,7,3,11,2,14,10,6,1,12,1$1.0
938$5,8,4,9,13,15,7,3,11,2,14,10,6,1,12,1$1.0
939$5,8,4,9,13,15,7,3,11,2,14,10,6,1,12,1$1.0
940$5,8,4,9,13,15,7,3,11,2,14,10,6,10,12,1$1.0
941$5,8,4,9,13,15,7,3,11,2,14,10,6,10,12,1$1.0
942$5,8,4,9,13,15,7,3,11,2,14,10,6,10,12,1$1.0
943$5,8,4,9,13,15,7,3,11,2,14,10,6,1,12,1$1.0
944$5,8,4,9,13,15,7,3,11,2,14,10,6,1,12,1$1.0
945$5,8,4,9,13,15,7,3,11,2,14,10,6,1,12,1$1.0
946$5,8,4,9,13,15,7,3,11,2,14,10,6,1,12,1$1.0
947$5,8,4,9,13,15,7,3,11,2,14,10,6,1,12,1$1.0
948$5,8,4,9,13,15,7,3,11,2,14,10,6,1,12,1$1.0
949$5,8,4,9,13,15,7,3,11,2,14,10,6,1,12,10$1.0
950$5,8,4,9,13,15,7,3,11,2,14,10,6,1,12,10$1.0
951$5,8,4,9,13,15,7,3,11,2,14,10,6,1,12,1$1.0
952$5,8,4,9,13,15,7,3,11,2,14,10,6,1,12,12$1.0
953$5,8,4,9,13,15,7,3,11,2,14,10,6,10,12,1$1.0
954$5,8,4,9,13,15,7,3,11,2,14,10,6,1,12,15$1.0
955$5,8,4,9,13,15,7,3,11,2,14,10,6,1,12,12$1.0
956$5,8,4,9,13,15,7,3,11,2,14,10,6,1,12,1$1.0
957$5,8,4,9,13,15,7,3,11,2,14,10,6,10,12,1$1.0
958$5,8,4,9,13,15,7,3,11,2,14,10,6,1,12,1$1.0
959$5,8,4,9,13,15,7,3,11,2,14,10,6,1,12,15$1.0
960$5,8,4,9,13,15,7,3,11,2,14,10,6,1,12,1$1.0
961$5,8,4,9,13,15,7,3,11,2,14,10,6,1,12,12$1.0
962$5,8,4,9,13,15,7,3,11,2,14,10,6,1,12,7$1.0
963$5,8,4,9,13,15,7,3,11,2,14,10,6,1,12,7$1.0
964$5,8,4,9,13,15,7,3,11,2,14,10,6,1,12,1$1.0
965$5,8,4,9,13,15,7,3,11,2,14,10,6,1,12,12$1.0
966$5,8,4,9,13,15,7,3,11,2,14,10,6,10,12,1$1.0
967$5,8,4,9,13,15,7,3,11,2,14,10,6,1,12,1$1.0
968$5,8,4,9,13,15,7,3,11,2,14,10,6,10,12,1$1.0
969$5,8,4,9,13,15,7,3,11,2,14,10,6,10,12,1$1.0
970$5,8,4,9,13,15,7,3,11,2,14,10,6,1,12,1$1.0
971$5,8,4,9,13,15,7,3,11,2,14,10,6,10,12,1$1.0
972$5,8,4,9,13,15,7,3,11,2,14,10,6,1,12,1$1.0
973$5,8,4,9,13,15,7,3,11,2,14,10,6,1,12,1$1.0
974$5,8,4,9,13,15,7,3,11,2,14,10,6,10,12,1$1.0
975$5,8,4,9,13,15,7,3,11,2,14,10,6,1,12,1$1.0
976$5,8,4,9,13,15,7,3,11,2,14,10,6,10,12,1$1.0
977$5,8,4,9,13,15,7,3,11,2,14,10,6,10,12,1$1.0
978$5,8,4,9,13,15,7,3,11,2,14,10,6,10,12,1$1.0
979$5,8,4,9,13,15,7,3,11,2,14,10,6,10,12,1$1.0
980$5,8,4,9,13,15,7,3,11,2,14,10,6,10,12,1$1.0
981$5,8,4,9,13,15,7,3,11,2,14,11,6,10,12,1$1.0
982$5,8,4,9,13,15,7,3,11,2,14,10,6,10,12,1$1.0
983$5,8,4,9,13,15,7,3,11,2,14,10,6,10,12,1$1.0
984$5,8,4,9,13,15,7,3,11,2,14,10,6,10,12,1$1.0
985$5,8,4,9,13,15,7,3,11,2,14,11,6,10,12,1$1.0
986$5,8,4,9,13,15,7,3,11,2,14,10,6,10,12,1$1.0
987$5,8,4,9,13,15,7,3,11,2,14,10,6,10,12,1$1.0
988$5,8,4,9,13,15,7,3,11,2,14,10,6,1,12,1$1.0
989$5,8,4,9,13,15,7,3,11,2,14,10,6,10,12,1$1.0
990$5,8,4,9,13,15,7,3,11,2,14,10,6,10,12,1$1.0
991$5,8,4,9,13,15,7,3,11,2,14,10,6,10,12,1$1.0
992$5,8,4,9,13,15,7,3,11,2,14,10,6,10,12,1$1.0
993$5,8,4,9,13,15,7,3,11,2,14,10,6,10,12,1$1.0
994$5,8,4,9,13,15,7,3,11,2,14,10,6,10,12,1$1.0
995$5,8,4,9,13,15,7,3,11,2,14,10,6,10,12,1$1.0
996$5,8,4,9,13,15,7,3,11,2,14,10,6,10,12,1$1.0
997$5,8,4,9,13,15,7,3,11,2,14,10,6,10,12,1$1.0
998$5,8,4,9,13,15,7,3,11,2,14,10,6,10,12,1$1.0
999$5,8,4,9,13,15,7,3,11,2,14,10,6,10,12,1$1.0
1000$5,8,4,9,13,15,7,3,11,2,14,10,6,10,12,1$1.0
1001$5,8,4,9,13,15,7,3,11,2,14,10,6,10,12,1$1.0
1002$5,8,4,9,13,15,7,3,11,2,14,10,6,10,12,1$1.0
1003$5,8,4,9,13,15,7,3,11,2,14,11,6,10,12,1$1.0
1004$5,8,4,9,13,15,7,3,11,2,14,10,6,10,12,1$1.0
1005$5,8,4,9,13,15,7,3,11,2,14,10,6,10,12,1$1.0
1006$5,8,4,9,13,15,7,3,11,2,14,10,6,10,12,1$1.0
1007$5,8,4,9,13,15,7,3,11,2,14,10,6,10,12,1$1.0
1008$5,8,4,9,13,15,7,3,11,2,14,10,6,10,12,1$1.0
1009$5,8,4,9,13,15,7,3,11,2,14,10,6,10,12,1$1.0
1010$5,8,4,9,13,15,7,3,11,2,14,10,6,10,12,1$1.0
1011$5,8,4,9,13,15,7,3,11,2,14,10,6,10,12,1$1.0
1012$5,8,4,9,13,15,7,3,11,2,14,10,6,10,12,1$1.0
1013$5,8,4,9,13,15,7,3,11,2,14,10,6,10,12,1$1.0
1014$5,8,4,9,13,15,7,3,11,2,14,10,6,10,12,1$1.0
1015$5,8,4,9,13,15,7,3,11,2,14,10,6,10,12,1$1.0
1016$5,8,4,9,13,15,7,3,11,2,14,10,6,10,12,1$1.0
1017$5,8,4,9,13,15,7,3,11,2,14,10,6,10,12,1$1.0
1018$5,8,4,9,13,15,7,3,11,2,14,10,6,10,12,1$1.0
1019$5,8,4,9,13,15,7,3,11,2,14,10,6,10,12,1$1.0
1020$5,8,4,9,13,15,7,3,11,2,14,10,6,10,12,1$1.0
1021$5,8,4,9,13,15,7,3,11,2,14,10,6,10,12,1$1.0
1022$5,8,4,9,13,15,7,3,11,2,14,10,6,10,12,1$1.0
1023$5,8,4,9,13,15,7,3,11,2,14,10,6,10,12,1$1.0
1024$5,8,4,9,13,15,7,3,11,2,14,10,6,10,12,1$1.0
1025$5,8,4,9,13,15,7,3,11,2,14,3,6,10,12,1$1.0
1026$5,8,4,9,13,15,7,3,11,2,14,10,6,10,12,1$1.0
1027$5,8,4,9,13,15,7,3,11,2,14,3,6,10,12,1$1.0
1028$5,8,4,9,13,15,7,3,11,2,14,10,6,10,12,1$1.0
1029$5,8,4,9,13,15,7,3,11,2,14,10,6,1,12,1$1.0
1030$5,8,4,9,13,15,7,3,11,2,14,3,6,10,12,1$1.0
1031$5,8,4,9,13,15,7,3,11,2,14,10,6,10,12,1$1.0
1032$5,8,4,9,13,15,7,3,11,2,14,10,6,10,12,1$1.0
1033$5,8,4,9,13,15,7,3,11,2,14,3,6,10,12,1$1.0
1034$5,8,4,9,13,15,7,3,11,2,14,10,6,10,12,1$1.0
1035$5,8,4,9,13,15,7,3,11,2,14,3,6,10,12,1$1.0
1036$5,8,4,9,13,15,7,3,11,2,14,11,6,10,12,1$1.0
1037$5,8,4,9,13,15,7,3,11,2,14,3,6,10,12,1$1.0
1038$5,8,4,9,13,15,7,3,11,2,14,11,6,10,12,1$1.0
1039$5,8,4,9,13,15,7,3,11,2,14,10,6,10,12,1$1.0
1040$5,8,4,9,13,15,7,3,11,2,14,3,6,10,12,1$1.0
1041$14,8,4,9,13,15,7,3,11,2,14,16,6,10,12,1$1.0
1042$5,8,4,9,13,15,7,3,11,2,14,10,6,10,12,1$1.0
1043$5,8,4,9,13,15,7,3,11,2,14,3,6,10,12,1$1.0
1044$5,8,4,9,13,15,7,3,11,2,14,3,6,10,12,1$1.0
1045$5,8,4,9,13,15,7,3,11,2,14,3,6,10,12,1$1.0
1046$5,8,4,9,13,15,7,3,11,2,14,3,6,10,12,1$1.0
1047$5,8,4,9,13,15,7,3,11,2,14,3,6,10,12,1$1.0
1048$5,8,4,9,13,15,7,3,11,2,14,3,6,10,12,1$1.0
1049$5,8,4,9,13,15,7,3,11,2,14,3,6,10,12,1$1.0
1050$5,8,4,9,13,15,7,3,11,2,14,3,6,10,12,1$1.0
1051$5,8,4,9,13,15,7,3,11,2,14,3,6,10,12,1$1.0
1052$5,8,4,9,13,15,7,3,11,2,14,10,6,10,12,1$1.0
1053$5,8,4,9,13,15,7,15,11,2,14,3,6,10,12,1$1.0
1054$5,8,4,9,13,15,7,3,11,2,14,3,6,10,12,1$1.0
1055$5,8,4,9,13,15,7,3,11,2,14,10,6,10,12,1$1.0
1056$5,8,4,9,13,15,7,3,11,2,14,3,6,10,12,1$1.0
1057$5,8,4,9,13,15,7,3,11,2,14,10,6,10,12,1$1.0
1058$5,8,4,9,13,15,7,3,11,2,14,3,6,10,12,1$1.0
1059$5,8,4,9,13,15,7,3,11,2,14,3,6,10,12,1$1.0
1060$5,8,4,9,13,15,7,3,11,2,14,10,6,10,12,1$1.0
1061$5,8,4,9,13,15,7,3,11,2,14,3,6,10,12,1$1.0
1062$5,8,4,9,13,15,7,3,11,2,14,3,6,10,12,1$1.0
1063$5,8,4,9,13,15,7,3,11,2,14,3,6,10,12,1$1.0
1064$5,8,4,9,13,15,7,3,11,2,14,3,6,10,12,1$1.0
1065$5,8,4,9,13,15,7,3,11,2,14,3,6,10,12,1$1.0
1066$5,8,4,9,13,15,7,3,11,2,14,3,6,10,12,1$1.0
1067$5,8,4,9,13,15,7,3,11,2,14,10,6,10,12,1$1.0
1068$5,8,4,9,13,15,7,3,11,2,14,3,6,10,12,1$1.0
1069$5,8,4,9,13,15,7,3,11,2,14,3,6,10,12,1$1.0
1070$5,8,4,9,13,15,7,3,11,2,14,3,6,10,12,1$1.0
1071$5,8,4,9,13,15,7,3,11,2,14,10,6,10,12,1$1.0
1072$5,8,4,9,13,15,7,3,11,2,14,3,6,10,12,1$1.0
1073$5,8,4,9,13,15,7,3,11,2,14,11,6,10,12,1$1.0
1074$5,8,4,9,13,15,7,3,11,2,14,3,6,10,12,1$1.0
1075$5,8,4,9,13,15,7,3,11,2,14,10,6,10,12,1$1.0
1076$5,8,4,9,13,15,7,3,11,2,14,10,6,10,12,1$1.0
1077$5,8,4,9,13,15,7,3,11,2,14,11,6,10,12,1$1.0
1078$5,8,4,9,13,15,7,3,11,2,14,3,6,10,12,1$1.0
1079$5,8,4,9,13,15,7,3,11,2,14,3,6,10,12,1$1.0
1080$5,8,4,9,13,15,7,3,11,2,14,10,6,10,12,1$1.0
1081$5,8,4,9,13,15,7,3,11,2,14,3,6,10,12,1$1.0
1082$5,8,4,9,13,15,7,3,11,2,14,11,6,10,12,1$1.0
1083$5,8,4,9,13,15,7,3,11,2,14,3,6,10,12,1$1.0
1084$5,8,4,9,13,15,7,3,11,2,14,3,6,10,12,1$1.0
1085$5,8,4,9,13,15,7,3,11,2,14,3,6,10,12,1$1.0
1086$5,8,4,9,13,15,7,3,11,2,14,11,6,10,12,1$1.0
1087$5,8,4,9,13,15,7,3,11,2,14,3,6,10,12,1$1.0
1088$5,8,4,9,13,15,7,3,11,2,14,3,6,10,12,1$1.0
1089$5,8,4,9,13,15,7,3,11,2,14,3,6,10,12,1$1.0
1090$5,8,4,9,13,15,7,3,11,2,14,3,6,10,12,1$1.0
1091$5,8,4,9,13,15,7,3,11,2,14,3,6,10,12,1$1.0
1092$5,8,4,9,13,15,7,3,11,2,14,11,6,10,12,1$1.0
1093$5,8,4,9,13,15,7,3,11,2,14,3,6,10,12,1$1.0
1094$5,8,4,9,13,15,7,3,11,2,14,3,6,10,12,1$1.0
1095$5,8,4,9,13,15,7,3,11,2,14,3,6,10,12,1$1.0
1096$5,8,4,9,13,15,7,3,11,2,14,3,6,10,12,1$1.0
1097$5,8,4,9,13,15,7,15,11,2,14,3,6,10,12,1$1.0
1098$5,8,4,9,13,15,7,15,11,2,14,3,6,10,12,1$1.0
1099$5,8,4,9,13,15,7,3,11,2,14,3,6,10,12,1$1.0
1100$5,8,4,9,13,16,7,15,11,2,14,3,6,10,12,1$0.0
1100$5,8,4,9,13,16,7,15,11,2,14,3,6,10,12,1$0.0
