16
0$9,14,2,3,15,10,2,11,14,7,1,15,15,8,11,13$14.0
0$14,8,10,2,9,11,12,6,10,5,13,9,9,9,9,6$28.0
0$2,13,9,14,5,8,16,14,9,16,10,16,9,1,5,12$26.0
0$9,14,2,3,15,10,2,11,14,7,1,15,15,8,11,13$14.0
1$9,14,12,3,15,10,2,11,14,2,1,15,15,8,11,13$12.0
1$16,16,2,15,9,14,3,13,4,1,6,9,2,15,9,14$13.0
1$9,14,12,3,15,10,2,11,14,2,1,15,15,8,11,13$12.0
2$16,4,10,14,9,14,3,13,4,1,6,15,2,15,9,14$12.0
3$4,8,10,13,6,6,2,10,6,9,16,3,7,12,16,5$9.0
3$4,8,10,13,6,6,2,10,6,9,16,3,7,12,16,5$9.0
4$1,8,10,13,6,6,2,10,6,9,16,3,7,12,16,5$11.0
5$4,8,10,15,6,8,2,6,14,7,1,12,7,2,11,14$9.0
6$3,8,10,13,10,6,2,11,14,1,15,15,7,12,16,5$8.0
6$3,8,10,13,10,6,2,11,14,1,15,15,7,12,16,5$8.0
7$12,2,16,6,3,14,11,1,5,1,6,15,2,15,9,14$7.0
7$12,2,16,6,3,14,11,1,5,1,6,15,2,15,9,14$7.0
8$3,8,12,3,9,16,2,16,5,1,4,15,7,12,16,5$10.0
9$3,8,10,13,10,6,2,16,5,1,4,15,7,12,16,5$5.0
9$3,8,10,13,10,6,2,16,5,1,4,15,7,12,16,5$5.0
10$3,8,10,13,10,6,2,16,5,1,4,15,7,12,16,5$5.0
11$3,8,10,13,10,6,2,16,5,1,4,15,7,15,4,14$5.0
12$3,8,10,13,10,6,2,16,5,1,4,15,7,12,16,5$5.0
13$11,8,10,13,10,6,2,16,5,1,4,15,7,12,16,5$7.0
14$3,8,10,3,14,10,2,16,5,1,4,15,7,12,16,5$4.0
14$3,8,10,3,14,10,2,16,5,1,4,15,7,12,16,5$4.0
15$11,8,10,13,9,16,2,16,5,1,4,15,7,12,14,5$6.0
16$3,8,10,13,2,10,2,16,5,1,4,15,7,12,16,5$4.0
17$3,8,10,13,11,6,2,16,5,1,4,15,7,12,14,6$3.0
17$3,8,10,13,11,6,2,16,5,1,4,15,7,12,14,6$3.0
18$3,8,10,13,2,10,2,16,5,1,4,15,7,15,4,14$4.0
19$3,8,10,13,11,6,2,16,5,1,4,15,7,12,16,5$4.0
20$3,8,10,13,2,6,2,16,5,1,4,15,7,12,14,5$2.0
20$3,8,10,13,2,6,2,16,5,1,4,15,7,12,14,5$2.0
21$3,8,10,13,2,6,2,16,5,1,4,15,7,12,16,5$3.0
22$3,8,10,13,2,6,2,16,5,1,4,15,7,12,16,5$3.0
23$3,8,10,13,2,6,2,16,5,1,4,15,7,12,16,5$3.0
24$3,8,10,13,2,6,2,16,5,1,4,15,7,12,14,5$2.0
25$3,8,10,13,2,6,2,16,5,1,4,15,7,12,14,5$2.0
26$3,8,10,3,14,6,2,16,5,1,4,15,7,12,16,5$3.0
27$3,8,10,13,2,6,2,16,5,1,4,15,7,12,14,5$2.0
28$3,8,10,13,2,6,2,16,5,1,4,15,7,12,14,5$2.0
29$3,8,10,13,2,6,2,16,5,1,4,15,7,12,14,5$2.0
30$3,8,10,13,2,6,2,16,5,1,4,15,7,12,14,5$2.0
31$3,8,10,13,2,6,2,16,5,1,4,15,7,12,14,5$2.0
32$3,8,10,13,2,6,2,16,5,1,4,15,7,12,14,5$2.0
33$3,8,10,13,2,6,2,16,14,1,4,15,7,12,14,5$2.0
34$3,8,10,13,2,6,2,16,5,1,4,15,7,12,14,5$2.0
35$3,8,10,13,2,6,2,16,14,9,4,15,7,12,16,5$2.0
36$3,8,10,13,2,6,2,16,5,1,4,15,7,12,14,5$2.0
37$3,8,10,13,2,6,2,16,5,1,4,15,7,12,14,5$2.0
38$3,8,10,13,9,6,2,16,14,1,4,15,7,12,14,5$1.0
38$3,8,10,13,9,6,2,16,14,1,4,15,7,12,14,5$1.0
39$3,8,10,13,2,6,11,16,14,1,4,15,7,12,14,5$1.0
40$3,8,10,13,9,6,2,16,14,1,4,15,7,12,14,5$1.0
41$3,8,10,13,9,6,2,16,14,1,4,15,7,12,14,5$1.0
42$3,8,10,13,9,6,2,16,14,1,4,15,7,12,14,5$1.0
43$3,8,10,13,2,6,2,16,13,1,4,15,7,12,14,5$2.0
44$3,8,10,13,2,6,11,16,5,1,4,15,7,12,14,5$1.0
45$3,8,10,13,9,6,2,16,10,1,4,15,7,12,14,5$1.0
46$3,8,10,13,9,6,2,16,14,1,4,15,7,12,14,5$1.0
47$3,8,10,13,9,6,2,16,10,1,4,15,7,12,14,5$1.0
48$3,8,10,13,9,6,2,16,14,1,4,15,7,12,14,5$1.0
49$3,8,10,13,9,6,2,16,14,1,4,15,7,12,14,5$1.0
50$3,8,10,13,9,6,2,16,14,1,4,15,7,12,14,5$1.0
51$3,8,10,13,9,6,2,16,10,1,4,15,7,12,14,5$1.0
52$3,8,10,13,9,6,2,16,14,1,4,15,7,12,14,5$1.0
53$3,8,10,13,9,6,2,16,10,1,4,15,7,12,14,5$1.0
54$3,8,10,13,9,6,2,16,14,1,4,15,7,12,14,5$1.0
55$3,8,10,13,9,6,2,16,10,1,4,15,7,12,14,5$1.0
56$3,8,10,13,9,6,2,16,14,1,4,15,7,12,1,5$1.0
57$3,8,13,13,9,6,2,16,10,1,4,15,7,12,14,5$1.0
58$3,8,13,13,9,6,2,16,10,1,4,15,7,12,14,5$1.0
59$3,8,10,13,9,6,2,16,14,1,4,15,7,12,14,5$1.0
60$3,8,10,13,9,6,2,16,14,1,4,15,7,12,14,5$1.0
61$3,8,13,13,9,6,2,16,10,1,4,15,7,12,14,5$1.0
62$3,8,13,13,9,6,2,16,10,1,4,15,7,12,14,5$1.0
63$3,8,10,13,9,6,2,16,14,1,4,15,7,12,14,5$1.0
64$3,8,10,13,9,6,2,16,14,1,4,15,7,12,14,5$1.0
65$3,8,10,13,9,6,2,16,10,1,4,15,7,12,14,5$1.0
66$3,8,10,13,9,6,2,16,10,1,4,15,7,12,14,5$1.0
67$3,8,10,13,9,6,2,16,10,1,4,15,7,12,14,5$1.0
68$3,8,10,13,2,6,11,16,10,1,4,15,7,12,14,5$1.0
69$3,8,10,13,9,6,2,16,14,1,4,15,7,12,14,5$1.0
70$3,8,10,13,9,6,2,16,14,1,4,15,7,12,14,5$1.0
71$3,8,10,13,9,6,2,16,10,1,4,15,7,12,14,5$1.0
72$3,8,10,13,2,6,11,16,10,1,4,15,7,12,14,5$1.0
73$3,8,10,13,9,6,2,16,14,1,4,15,7,12,14,5$1.0
74$3,8,10,13,9,6,2,16,14,1,4,15,7,12,14,5$1.0
75$3,8,10,13,9,6,2,16,10,1,4,15,7,12,14,5$1.0
76$3,8,10,13,9,6,2,16,14,1,4,15,7,12,3,5$1.0
77$3,8,10,13,9,6,2,16,14,1,4,15,7,12,14,5$1.0
78$3,8,10,13,9,6,2,16,14,1,4,15,7,12,14,5$1.0
79$3,8,10,13,9,6,2,16,14,1,4,15,7,11,14,5$1.0
80$3,8,10,13,9,6,2,16,14,1,4,15,7,12,14,5$1.0
81$3,8,10,13,9,6,2,16,14,1,4,15,7,12,14,5$1.0
82$3,8,10,13,9,6,2,16,14,1,4,15,7,12,14,5$1.0
83$3,8,10,13,9,6,2,16,14,1,4,15,7,12,14,5$1.0
84$3,8,10,13,9,6,2,16,14,1,4,15,7,12,14,5$1.0
85$3,8,10,13,9,6,2,16,14,1,4,15,7,12,16,5$1.0
86$3,8,10,13,9,6,2,16,14,1,4,15,7,12,14,5$1.0
87$3,8,10,13,9,6,2,16,14,1,4,15,3,12,7,5$1.0
88$3,8,10,13,9,6,2,16,14,1,4,15,7,12,14,5$1.0
89$3,8,10,13,9,6,2,16,14,1,4,15,7,12,7,5$1.0
90$3,8,10,13,9,6,2,16,14,1,4,15,7,12,14,5$1.0
91$3,8,10,13,9,6,2,16,14,1,4,15,7,12,16,5$1.0
92$3,8,10,13,9,6,2,16,14,1,4,15,7,12,14,5$1.0
93$3,8,10,13,9,6,2,16,14,1,4,15,7,12,14,5$1.0
94$3,8,10,13,9,6,2,16,14,1,4,15,7,12,16,5$1.0
95$3,8,10,13,9,6,2,16,14,1,4,15,7,12,14,5$1.0
96$3,8,10,13,9,6,2,16,14,1,4,15,7,12,14,5$1.0
97$3,8,10,13,9,6,2,16,14,1,4,15,7,12,7,5$1.0
98$3,8,10,13,9,6,2,16,14,1,4,15,7,12,14,5$1.0
99$3,8,10,13,9,6,2,16,14,1,4,15,7,12,14,5$1.0
100$3,8,10,13,9,6,2,16,14,1,4,15,7,12,14,5$1.0
101$3,8,10,13,9,6,2,16,14,1,4,15,7,12,14,5$1.0
102$3,8,10,13,9,6,2,16,14,1,4,15,7,12,14,5$1.0
103$3,8,10,13,9,6,2,16,14,1,4,15,7,11,14,5$1.0
104$3,8,10,13,9,6,2,16,14,1,4,15,7,12,16,5$1.0
105$3,8,10,13,9,6,2,16,14,1,4,15,7,11,16,5$1.0
106$3,8,10,13,9,6,2,16,14,1,4,15,7,12,1,5$1.0
107$3,8,10,13,9,6,2,16,14,1,4,15,7,12,16,5$1.0
108$3,8,10,13,9,6,2,16,14,1,4,15,7,12,16,5$1.0
109$3,8,10,13,9,6,2,16,14,11,4,15,7,12,1,15$1.0
110$3,8,10,13,9,6,2,16,14,1,4,15,7,11,14,5$1.0
111$3,8,10,13,9,6,2,16,14,1,4,15,7,11,14,5$1.0
112$3,8,10,13,9,6,2,16,14,1,4,15,7,11,14,5$1.0
113$3,8,10,13,9,6,2,16,14,1,4,15,7,12,16,5$1.0
114$3,8,10,13,9,6,2,16,14,1,4,15,7,12,16,5$1.0
115$3,8,10,13,9,6,2,16,14,1,4,15,7,12,16,5$1.0
116$3,8,10,13,9,6,2,16,14,1,4,15,7,12,16,5$1.0
117$3,8,10,13,9,6,2,16,14,1,4,15,7,12,16,5$1.0
118$3,8,10,13,9,6,2,16,14,1,4,15,7,12,16,5$1.0
119$3,8,10,13,9,6,2,16,14,1,4,15,7,12,16,5$1.0
120$3,8,10,13,9,6,2,16,14,1,4,15,7,11,1,5$1.0
121$3,8,10,13,9,6,2,16,14,1,4,15,7,12,16,5$1.0
122$3,8,10,13,9,6,2,16,14,1,4,15,7,11,1,5$1.0
123$3,8,10,13,9,6,2,16,14,1,4,15,7,11,1,5$1.0
124$3,8,10,13,9,6,2,16,14,1,4,15,7,12,16,5$1.0
125$3,8,10,13,9,6,2,16,14,1,4,15,7,11,16,5$1.0
126$3,8,10,13,9,6,2,16,14,1,4,15,7,11,16,5$1.0
127$3,8,10,13,9,6,2,16,14,1,4,15,7,11,3,5$1.0
128$3,8,10,13,9,6,2,16,14,1,4,15,7,11,16,5$1.0
129$3,8,10,13,9,6,2,16,14,1,4,15,7,12,16,5$1.0
130$3,8,10,13,9,6,2,16,14,1,4,15,7,12,16,5$1.0
131$3,8,10,13,9,6,2,16,14,1,4,15,7,12,16,5$1.0
132$3,8,10,13,9,6,2,16,14,1,4,15,7,12,16,5$1.0
133$3,8,10,13,9,6,2,16,14,1,4,15,7,11,3,5$1.0
134$3,8,10,13,9,6,2,16,14,1,4,15,7,11,3,5$1.0
135$3,8,10,13,9,6,2,16,14,1,4,15,7,12,16,5$1.0
136$3,8,10,13,9,6,2,16,14,1,4,15,7,12,16,5$1.0
137$3,8,10,13,9,6,2,16,14,1,4,15,7,12,16,5$1.0
138$3,8,10,13,9,6,2,16,14,1,4,15,7,11,13,5$1.0
139$3,8,10,13,9,6,2,16,14,1,4,15,7,11,13,5$1.0
140$3,8,10,13,9,6,2,16,14,1,4,15,7,11,3,5$1.0
141$3,8,10,13,9,6,2,16,14,1,4,15,7,12,16,5$1.0
142$3,8,10,13,9,6,2,16,14,1,4,15,7,11,3,5$1.0
143$3,8,10,13,9,6,2,16,14,1,4,15,7,12,16,5$1.0
144$3,8,10,13,9,6,2,16,14,1,4,15,7,11,16,5$1.0
145$3,8,10,13,9,6,2,16,14,1,4,15,7,12,16,5$1.0
146$3,8,10,13,9,6,2,16,14,1,4,15,7,12,16,5$1.0
147$3,8,10,13,9,6,2,16,14,1,4,15,7,12,16,5$1.0
148$3,8,10,13,9,6,2,16,14,1,4,15,7,11,16,5$1.0
149$3,8,10,13,9,6,2,16,14,1,4,15,7,12,16,5$1.0
150$3,8,10,13,9,6,2,16,14,1,4,15,7,12,16,5$1.0
151$3,8,10,14,9,6,2,16,10,1,4,15,7,11,13,5$1.0
152$3,8,10,13,9,6,2,16,14,1,4,15,7,11,13,5$1.0
153$3,8,10,13,9,6,2,16,14,1,4,15,7,11,13,5$1.0
154$3,8,10,13,9,6,2,16,14,1,4,15,7,11,16,5$1.0
155$3,8,10,13,9,6,2,16,14,1,4,15,7,11,13,5$1.0
156$3,8,10,13,9,6,2,16,14,1,4,15,7,12,7,5$1.0
157$3,8,10,13,9,6,2,16,14,1,4,15,7,11,16,5$1.0
158$3,8,10,13,9,6,2,16,14,1,4,15,7,11,16,5$1.0
159$3,8,10,13,9,6,2,16,14,1,4,15,7,11,3,5$1.0
160$3,8,10,13,9,6,2,16,14,1,4,15,7,11,13,5$1.0
161$3,8,10,13,9,6,2,16,14,1,4,15,7,11,16,5$1.0
162$3,8,10,13,9,6,2,16,14,1,4,15,7,11,3,5$1.0
163$3,8,10,13,9,6,2,16,14,1,4,15,7,11,3,5$1.0
164$3,8,10,13,9,6,2,16,14,1,4,15,7,11,16,5$1.0
165$3,8,10,13,9,6,2,16,14,1,4,15,7,11,16,5$1.0
166$3,8,10,13,9,6,2,16,14,1,4,15,7,11,3,5$1.0
167$3,8,10,13,9,6,2,16,14,1,4,15,7,11,13,5$1.0
168$3,8,10,13,9,6,2,16,14,1,4,15,7,11,16,5$1.0
169$3,8,10,13,9,6,2,16,14,1,4,15,7,11,16,5$1.0
170$3,8,10,13,9,6,2,16,14,1,4,15,7,11,3,5$1.0
171$3,8,10,13,9,6,2,16,14,1,4,15,7,12,7,5$1.0
172$3,8,10,13,9,6,2,16,14,1,4,15,7,11,16,5$1.0
173$3,8,10,13,9,6,2,16,14,1,4,15,7,12,16,5$1.0
174$3,8,10,13,9,6,2,16,14,1,4,15,7,11,14,5$1.0
175$3,8,10,13,9,6,2,16,14,1,4,15,7,12,16,5$1.0
176$3,8,10,13,9,6,2,16,14,1,4,15,7,12,16,5$1.0
177$3,8,10,13,9,6,2,16,14,1,4,15,7,11,16,5$1.0
178$3,8,10,13,9,6,2,16,14,1,4,15,7,11,3,5$1.0
179$3,8,10,13,9,6,2,16,14,1,4,15,7,11,16,5$1.0
180$3,8,10,13,9,6,2,16,14,1,4,15,7,11,16,5$1.0
181$3,8,10,13,9,6,2,16,14,1,4,15,7,11,3,5$1.0
182$3,8,10,13,9,6,2,16,14,1,4,15,7,11,16,5$1.0
183$3,8,10,13,9,6,2,16,14,1,4,15,7,11,16,5$1.0
184$3,8,10,13,9,6,2,16,14,1,4,15,7,11,16,5$1.0
185$3,8,10,13,9,6,2,16,14,1,4,15,7,11,16,5$1.0
186$3,8,10,13,9,6,2,16,14,1,4,15,7,11,16,5$1.0
187$3,8,10,13,9,6,2,16,14,1,4,15,7,11,16,5$1.0
188$3,8,10,13,9,6,2,16,14,1,4,15,7,11,16,5$1.0
189$3,8,10,13,9,6,2,16,14,1,4,15,7,11,16,12$1.0
190$3,8,10,13,9,6,2,16,14,1,4,15,7,11,16,12$1.0
191$3,8,10,13,9,6,2,16,14,1,4,15,7,11,16,5$1.0
192$3,8,10,13,9,6,2,16,14,1,4,15,7,11,16,12$1.0
193$3,8,10,13,9,6,2,16,14,1,4,15,7,11,16,5$1.0
194$3,8,10,13,9,6,2,16,14,1,4,15,7,11,16,5$1.0
195$3,8,10,13,9,6,2,16,14,1,4,15,7,11,16,12$1.0
196$3,8,10,13,9,6,2,16,14,1,4,15,7,11,7,5$1.0
197$3,8,10,13,9,6,2,16,14,1,4,15,7,11,16,5$1.0
198$3,8,10,13,9,6,2,16,14,1,4,15,7,11,7,5$1.0
199$3,8,10,13,9,6,2,16,14,1,4,15,7,11,16,5$1.0
200$3,8,10,13,1,6,2,16,14,9,4,15,7,11,16,5$1.0
201$3,8,10,13,1,6,2,16,14,9,4,15,7,11,16,5$1.0
202$3,8,10,13,9,6,2,16,14,1,4,15,7,11,16,5$1.0
203$3,8,10,13,9,6,2,16,14,1,4,15,7,11,16,5$1.0
204$3,8,10,13,9,6,2,16,14,1,4,15,7,11,16,5$1.0
205$3,8,10,13,9,6,2,16,14,1,4,15,7,11,7,5$1.0
206$3,8,10,13,9,6,2,16,14,1,4,15,7,11,16,5$1.0
207$3,8,10,13,9,6,2,16,14,1,4,15,7,11,16,5$1.0
208$3,8,10,13,9,6,2,16,14,1,4,15,7,11,1,5$1.0
209$3,8,10,13,9,6,2,16,14,1,4,15,7,11,16,5$1.0
210$3,8,10,13,9,6,2,16,14,1,4,15,7,11,16,5$1.0
211$3,8,10,13,9,6,2,16,14,1,4,15,7,11,7,5$1.0
212$3,8,10,13,9,6,2,16,14,1,4,15,7,11,7,5$1.0
213$3,8,10,13,9,6,2,16,14,1,4,15,7,11,7,12$1.0
214$3,8,10,13,9,6,2,16,14,1,4,15,7,11,7,12$1.0
215$3,8,10,13,9,6,2,16,14,1,4,15,7,11,1,5$1.0
216$3,8,10,13,9,6,2,16,14,1,4,15,7,11,7,5$1.0
217$3,8,10,13,9,6,2,16,14,1,4,15,7,11,7,5$1.0
218$3,8,10,13,9,6,2,16,14,1,4,15,7,11,7,5$1.0
219$3,8,10,13,9,6,2,16,14,1,4,15,7,11,11,5$1.0
220$3,8,10,13,9,6,2,16,14,1,4,15,7,11,1,5$1.0
221$3,8,10,13,9,6,2,16,14,1,4,15,7,11,11,5$1.0
222$3,8,10,13,9,6,2,16,14,1,4,15,7,11,7,5$1.0
223$3,8,10,13,9,6,2,16,14,1,4,15,7,11,7,5$1.0
224$3,8,10,13,9,6,2,16,14,1,4,15,7,11,7,12$1.0
225$3,8,10,13,9,6,2,16,14,1,4,15,7,11,7,5$1.0
226$3,8,10,13,9,6,2,16,14,1,4,15,7,11,7,12$1.0
227$3,8,10,13,9,6,2,16,14,1,4,15,7,11,1,5$1.0
228$3,8,10,13,9,6,2,16,14,1,4,15,7,11,1,5$1.0
229$3,8,10,13,9,6,2,16,14,1,4,15,7,11,1,5$1.0
230$3,8,10,13,9,6,2,16,14,1,4,15,7,11,1,5$1.0
231$3,8,10,13,9,6,2,16,14,1,4,15,7,11,7,12$1.0
232$3,8,10,13,9,6,2,16,14,1,4,15,7,11,7,12$1.0
233$3,8,10,13,9,6,2,16,14,1,4,15,7,11,1,5$1.0
234$3,8,10,13,9,6,2,16,14,1,4,15,7,11,1,5$1.0
235$3,8,10,13,9,6,2,16,14,1,4,15,7,11,1,5$1.0
236$3,8,10,13,9,6,2,16,14,1,4,15,7,11,11,5$1.0
237$3,8,10,13,9,6,2,16,14,1,4,15,7,11,11,5$1.0
238$3,8,10,13,9,6,2,16,14,1,4,15,7,11,7,5$1.0
239$3,8,10,13,9,6,2,16,14,1,4,15,7,11,1,5$1.0
240$3,8,10,13,9,6,2,16,14,1,4,15,7,11,7,12$1.0
241$3,8,10,13,9,6,2,16,14,1,4,15,7,11,7,5$1.0
242$3,8,10,13,9,6,2,16,14,1,4,15,7,11,1,5$1.0
243$3,8,10,13,9,6,2,16,14,1,4,15,7,11,1,5$1.0
244$3,8,10,13,9,6,2,16,14,1,4,15,7,11,1,5$1.0
245$3,8,10,13,9,6,2,16,14,1,4,15,7,11,1,5$1.0
246$3,8,10,13,9,6,2,16,14,1,4,15,7,11,1,5$1.0
247$3,8,10,13,9,6,2,16,14,9,4,15,7,11,1,5$1.0
248$3,8,10,13,9,6,2,16,14,1,4,15,7,11,1,5$1.0
249$3,8,10,13,9,6,2,16,14,1,4,15,7,11,1,5$1.0
250$3,8,10,13,9,6,2,16,14,1,4,15,7,11,1,5$1.0
251$3,8,10,13,9,6,2,16,14,1,4,15,7,11,11,5$1.0
252$3,8,10,13,9,6,2,16,14,1,4,15,7,11,1,5$1.0
253$3,8,10,13,9,6,2,16,14,1,4,15,7,11,1,5$1.0
254$3,8,10,13,9,6,2,16,14,1,4,15,7,11,3,5$1.0
255$3,8,10,13,9,6,2,16,14,1,4,15,7,11,1,5$1.0
256$3,8,10,13,9,6,2,16,14,1,4,15,7,11,1,5$1.0
257$3,8,10,13,9,6,2,16,14,1,4,15,7,11,1,5$1.0
258$3,8,10,13,9,6,2,16,14,1,4,15,7,11,7,5$1.0
259$3,8,10,13,9,6,2,16,14,1,4,15,7,11,3,5$1.0
260$3,8,10,13,9,6,2,16,14,1,4,15,7,11,11,5$1.0
261$3,8,10,13,9,6,2,16,14,1,4,15,12,4,11,5$1.0
262$3,8,10,13,9,6,2,16,14,1,4,15,7,11,11,5$1.0
263$3,8,10,13,9,6,2,16,14,1,4,15,7,11,13,5$1.0
264$3,8,10,13,9,6,2,16,14,1,4,15,7,11,13,5$1.0
265$3,8,10,13,9,6,2,16,14,1,4,15,7,11,13,5$1.0
266$3,8,10,13,9,6,2,16,14,1,4,15,7,11,13,5$1.0
267$3,8,10,13,9,6,2,16,14,1,4,15,7,11,13,5$1.0
268$3,8,10,13,9,6,2,16,14,1,4,15,7,11,13,5$1.0
269$3,8,10,13,9,6,2,16,14,1,4,15,7,11,3,5$1.0
270$3,8,10,13,9,6,2,16,14,1,4,15,7,11,3,5$1.0
271$3,8,10,13,9,6,2,16,14,1,4,15,7,11,1,5$1.0
272$3,8,10,13,9,6,2,16,14,1,4,15,7,11,1,5$1.0
273$3,8,10,13,9,6,2,16,14,1,4,15,7,11,13,5$1.0
274$3,8,10,13,9,6,2,16,14,1,4,15,7,11,13,5$1.0
275$3,8,10,13,9,6,2,16,14,1,4,15,7,11,16,5$1.0
276$3,8,10,13,9,6,2,16,14,1,4,15,7,11,14,5$1.0
277$3,8,10,13,9,6,2,16,14,1,4,15,7,11,14,5$1.0
278$3,8,10,13,9,6,2,16,14,1,4,15,7,11,3,5$1.0
279$3,8,10,13,9,6,2,16,7,1,4,15,7,11,14,5$1.0
280$3,8,10,13,9,6,2,16,14,1,4,15,7,11,14,5$1.0
281$3,8,10,13,9,6,2,16,14,1,4,15,7,11,14,5$1.0
282$3,8,10,13,9,6,2,16,14,1,4,15,7,12,14,5$1.0
283$3,8,10,13,9,6,2,16,14,1,4,15,7,11,14,5$1.0
284$3,8,10,13,9,6,2,16,14,1,4,15,7,12,14,5$1.0
285$3,8,10,13,9,6,2,16,14,1,4,15,7,11,3,5$1.0
286$3,8,10,13,9,6,2,16,14,1,4,15,7,11,11,5$1.0
287$3,8,10,13,9,6,2,16,14,1,4,15,7,12,16,5$1.0
288$3,8,10,13,9,6,2,16,14,1,4,15,7,11,3,5$1.0
289$3,8,10,13,9,6,2,16,14,1,4,15,7,12,14,5$1.0
290$3,8,10,13,9,6,2,16,14,1,4,15,7,11,3,5$1.0
291$3,8,10,13,9,6,2,16,14,1,4,15,7,11,3,5$1.0
292$3,8,10,13,9,6,2,16,14,1,4,15,7,12,3,5$1.0
293$3,8,10,13,9,6,2,16,14,1,4,15,7,12,3,5$1.0
294$3,8,10,13,9,6,2,16,14,1,4,15,7,11,3,5$1.0
295$3,8,10,13,9,6,2,16,14,1,4,15,7,11,11,5$1.0
296$3,8,10,13,9,6,2,16,14,1,4,15,7,12,1,5$1.0
297$3,8,10,13,9,6,2,16,14,1,4,15,7,11,3,5$1.0
298$3,8,10,13,9,6,2,16,14,1,4,15,7,12,14,5$1.0
299$3,8,10,13,9,6,2,16,14,1,4,15,7,12,14,5$1.0
300$3,8,10,13,9,6,2,16,14,1,4,15,7,11,3,5$1.0
301$3,8,10,13,9,6,2,16,14,1,4,15,7,12,14,5$1.0
302$3,8,10,13,9,6,2,16,14,1,4,15,7,12,14,5$1.0
303$3,8,10,13,9,6,2,16,14,1,4,15,7,11,3,5$1.0
304$3,8,10,13,9,6,2,16,14,1,4,15,7,12,14,5$1.0
305$3,8,10,13,9,6,2,16,14,1,4,15,7,12,14,5$1.0
306$3,8,10,13,9,6,2,16,14,1,4,15,7,12,14,5$1.0
307$3,8,10,13,9,6,2,16,14,1,4,15,7,12,14,5$1.0
308$3,8,10,13,9,6,2,16,14,1,4,15,7,12,14,5$1.0
309$3,8,10,13,9,6,2,16,14,1,4,15,7,12,14,5$1.0
310$3,8,10,13,9,6,2,16,14,1,4,15,7,12,14,5$1.0
311$3,8,10,13,9,6,2,16,14,1,4,15,7,12,14,5$1.0
312$3,8,10,13,9,6,2,16,14,1,4,15,7,12,14,5$1.0
313$3,8,10,13,9,6,2,16,10,1,4,15,7,12,14,5$1.0
314$3,8,10,13,9,6,2,16,14,1,4,15,7,12,14,5$1.0
315$3,8,10,13,9,6,2,16,14,1,4,15,7,12,14,5$1.0
316$3,8,10,13,9,6,2,16,14,1,4,15,7,12,14,5$1.0
317$3,8,10,13,9,6,2,16,14,1,4,15,7,12,14,5$1.0
318$3,8,10,13,9,6,2,16,14,1,4,15,7,12,14,5$1.0
319$3,8,10,13,9,6,2,16,14,1,4,15,7,12,7,5$1.0
320$3,8,10,13,9,6,2,16,14,1,4,15,7,12,3,5$1.0
321$3,8,10,13,9,6,2,16,14,1,4,15,7,12,14,5$1.0
322$3,8,10,13,9,6,2,16,14,1,4,15,7,11,14,5$1.0
323$3,8,10,13,9,6,2,16,14,1,4,15,7,12,14,5$1.0
324$3,8,10,13,9,6,2,16,14,1,4,15,7,12,14,5$1.0
325$3,8,10,13,9,6,2,16,14,1,4,15,7,12,14,5$1.0
326$3,8,10,13,9,6,2,16,14,1,4,15,7,12,14,5$1.0
327$3,8,10,13,9,6,2,16,14,1,4,15,3,12,7,5$1.0
328$3,8,10,13,9,6,2,16,14,1,4,15,7,12,14,5$1.0
329$3,8,10,13,9,6,2,16,14,1,4,15,7,12,7,5$1.0
330$3,8,10,13,9,6,2,16,14,1,4,15,7,12,14,5$1.0
331$3,8,10,13,9,6,2,16,14,1,4,15,7,12,14,5$1.0
332$3,8,10,13,9,6,2,16,14,1,4,15,7,12,7,5$1.0
333$3,8,10,13,9,6,2,16,14,1,4,15,7,12,14,5$1.0
334$3,8,10,13,9,6,2,16,14,1,4,15,7,12,14,5$1.0
335$3,8,10,13,9,6,2,16,14,1,4,15,12,12,7,5$1.0
336$3,8,10,13,9,6,2,16,14,1,4,15,7,12,7,5$1.0
337$3,8,10,13,9,6,2,16,14,1,4,15,7,12,14,5$1.0
338$3,8,10,13,9,6,2,16,14,1,4,15,7,12,16,5$1.0
339$3,8,10,13,9,6,2,16,14,1,4,15,12,12,7,5$1.0
340$3,8,10,13,9,6,2,16,14,1,4,15,7,12,3,5$1.0
341$3,8,10,13,9,6,2,16,14,1,4,15,7,12,14,5$1.0
342$3,8,10,13,9,6,2,16,14,1,4,15,7,12,14,5$1.0
343$3,8,10,13,9,6,2,16,14,1,4,15,12,12,7,5$1.0
344$3,8,10,13,9,6,2,16,14,1,4,15,7,12,14,5$1.0
345$3,8,10,13,9,6,2,16,14,1,4,15,7,12,3,5$1.0
346$3,8,10,13,9,6,2,16,14,1,4,15,7,12,7,5$1.0
347$3,8,10,13,9,6,2,16,14,1,4,15,7,12,7,5$1.0
348$3,8,10,13,9,6,2,16,14,1,4,15,7,12,3,5$1.0
349$3,8,10,13,9,6,2,16,14,1,4,15,7,12,7,5$1.0
350$3,8,10,15,9,6,2,16,14,1,4,13,7,12,7,5$1.0
351$3,8,10,15,9,6,2,16,14,1,4,13,7,12,7,5$1.0
352$3,8,10,13,9,6,2,16,14,1,4,15,7,12,7,5$1.0
353$3,8,10,13,9,6,2,16,14,1,4,15,7,12,7,5$1.0
354$3,8,10,13,9,6,2,16,14,1,4,15,7,12,7,5$1.0
355$3,8,10,13,9,6,2,16,14,1,4,15,3,12,7,5$1.0
356$3,8,10,13,9,6,2,16,14,1,4,15,7,12,7,5$1.0
357$3,8,10,13,9,6,2,16,14,1,4,15,7,12,7,5$1.0
358$3,8,10,13,9,6,2,16,14,1,4,15,7,12,7,5$1.0
359$3,8,10,13,9,6,2,16,14,1,4,15,7,12,7,5$1.0
360$3,8,10,13,9,6,2,16,14,1,4,15,7,12,7,5$1.0
361$3,8,10,13,9,6,2,16,14,1,4,15,7,12,3,5$1.0
362$3,8,10,13,9,6,2,16,14,1,4,15,7,12,7,5$1.0
363$3,8,10,13,9,6,2,16,14,1,4,15,7,12,7,5$1.0
364$3,8,10,13,9,6,2,16,14,1,4,15,7,12,7,5$1.0
365$3,8,10,13,9,6,2,16,14,1,4,15,7,12,3,5$1.0
366$15,8,10,13,9,6,2,16,14,1,4,15,7,12,3,5$1.0
367$3,8,10,13,9,6,2,16,14,1,4,15,7,12,3,5$1.0
368$3,8,10,13,9,6,2,16,14,1,4,15,7,12,7,5$1.0
369$3,8,10,13,9,6,2,16,14,1,4,15,7,12,3,5$1.0
370$3,8,10,13,9,6,2,16,14,1,4,15,7,12,7,5$1.0
371$3,8,10,13,9,6,2,16,14,1,4,15,7,12,3,5$1.0
372$3,8,10,13,9,6,2,16,14,1,4,15,7,12,3,5$1.0
373$3,8,10,13,9,6,2,16,14,1,4,15,7,12,7,5$1.0
374$3,8,10,13,9,6,2,16,14,1,4,15,7,12,7,5$1.0
375$3,8,10,13,9,6,2,16,14,1,4,15,7,12,3,5$1.0
376$3,8,10,13,9,6,2,16,14,1,4,15,7,12,7,5$1.0
377$3,8,10,13,9,6,2,16,14,1,4,15,7,12,7,5$1.0
378$3,8,10,13,9,6,2,16,14,1,4,15,7,11,3,5$1.0
379$3,8,10,13,9,6,2,16,14,1,4,15,7,12,14,5$1.0
380$3,8,10,13,9,6,2,16,14,1,4,15,7,12,7,5$1.0
381$3,8,10,13,9,6,2,16,14,1,4,15,7,12,7,5$1.0
382$3,8,10,13,9,6,2,16,14,1,4,15,7,12,7,5$1.0
383$3,8,10,13,9,6,2,16,14,1,4,15,7,12,7,5$1.0
384$3,8,10,13,9,6,2,16,14,1,4,15,7,12,3,5$1.0
385$3,8,10,13,9,6,2,16,14,1,4,15,7,12,3,5$1.0
386$3,8,10,13,9,6,2,16,14,1,4,15,7,12,14,5$1.0
387$3,8,10,13,9,6,2,16,14,1,4,15,7,12,14,5$1.0
388$3,8,10,13,9,6,2,16,14,1,4,15,7,12,3,5$1.0
389$3,8,10,13,9,6,2,16,14,1,4,15,7,12,14,5$1.0
390$3,8,10,13,9,6,2,16,14,1,4,15,7,11,14,5$1.0
391$3,8,10,13,9,6,2,16,14,1,4,15,7,12,14,5$1.0
392$3,8,10,13,9,6,2,16,14,1,4,15,7,12,7,5$1.0
393$3,8,10,13,9,6,2,16,14,1,4,15,7,12,7,5$1.0
394$3,8,10,13,9,6,2,16,14,1,4,15,7,12,14,5$1.0
395$3,8,10,13,9,6,2,16,14,1,4,15,7,12,7,5$1.0
396$3,8,10,13,9,6,2,16,14,1,4,15,7,12,14,5$1.0
397$3,8,10,13,9,6,2,16,14,1,4,15,7,12,14,5$1.0
398$3,8,10,13,9,6,2,16,14,1,4,15,7,12,14,5$1.0
399$3,8,10,13,9,6,2,16,14,1,4,15,7,12,14,5$1.0
400$3,8,10,13,9,6,2,16,14,1,4,15,7,12,14,5$1.0
401$3,8,10,13,9,6,2,16,14,1,4,15,7,12,14,5$1.0
402$3,8,10,13,9,6,2,16,14,1,4,15,7,12,14,5$1.0
403$3,8,10,13,9,6,2,16,14,1,4,15,7,12,14,5$1.0
404$3,8,10,13,9,6,2,16,14,1,4,15,7,12,14,5$1.0
405$3,8,10,13,9,6,2,16,14,1,4,15,7,12,14,5$1.0
406$3,8,10,13,9,6,2,16,14,1,4,15,7,12,16,5$1.0
407$3,8,10,13,9,6,2,16,14,1,4,15,7,12,14,5$1.0
408$3,8,10,13,9,6,2,16,14,1,4,15,7,12,14,5$1.0
409$3,8,10,13,9,6,2,16,14,1,4,15,7,12,7,5$1.0
410$3,8,10,13,9,6,2,16,14,1,4,15,7,12,14,5$1.0
411$3,8,10,13,9,6,2,16,14,1,4,15,7,12,14,5$1.0
412$3,8,10,13,9,6,2,16,14,1,4,15,7,12,14,5$1.0
413$3,8,10,13,9,6,2,16,14,1,4,15,7,11,14,5$1.0
414$3,8,10,13,9,6,2,16,14,1,4,15,7,11,14,5$1.0
415$3,8,10,13,9,6,2,16,14,1,4,15,7,12,14,5$1.0
416$3,8,10,13,9,6,2,16,14,1,4,15,7,12,14,5$1.0
417$3,8,10,13,9,6,2,16,14,1,4,15,7,11,14,12$1.0
418$3,8,10,13,9,6,2,16,14,1,4,15,7,11,14,12$1.0
419$3,8,10,13,9,6,2,16,14,1,4,15,7,12,3,5$1.0
420$3,8,10,13,9,6,2,16,14,1,4,15,7,11,14,5$1.0
421$3,8,10,13,9,6,2,16,14,1,4,15,7,12,14,5$1.0
422$3,8,10,13,9,6,2,16,14,1,4,15,7,11,14,5$1.0
423$3,8,10,13,9,6,2,16,14,1,4,15,7,12,3,5$1.0
424$3,8,10,13,9,6,2,16,14,1,4,15,7,12,14,5$1.0
425$3,8,10,13,9,6,2,16,14,1,4,15,7,12,14,5$1.0
426$3,8,10,13,9,6,2,16,10,1,4,15,7,12,14,5$1.0
427$3,8,10,13,9,6,2,16,14,1,4,15,7,12,14,5$1.0
428$3,8,10,13,9,6,2,16,14,1,4,15,7,12,14,5$1.0
429$3,8,10,13,9,6,2,16,14,1,4,15,7,12,14,5$1.0
430$3,8,10,13,9,6,2,16,14,1,4,15,7,12,1,5$1.0
431$3,8,10,13,9,6,2,16,14,1,4,15,7,12,1,5$1.0
432$3,8,10,13,9,6,2,16,14,1,4,15,7,12,14,5$1.0
433$3,8,10,13,9,6,2,16,14,1,4,15,7,11,14,5$1.0
434$3,8,10,13,9,6,2,16,14,1,4,15,7,11,14,5$1.0
435$3,8,10,13,9,6,2,16,14,1,4,15,7,12,14,5$1.0
436$3,8,10,13,9,6,2,16,14,1,4,15,7,12,1,5$1.0
437$3,8,10,13,9,6,2,16,14,1,4,15,7,12,14,5$1.0
438$3,8,10,13,9,6,2,16,14,1,4,15,7,12,14,5$1.0
439$3,8,10,13,9,6,2,16,14,1,4,15,7,12,14,5$1.0
440$3,8,10,13,9,6,2,16,14,1,4,15,7,12,14,5$1.0
441$3,8,10,13,9,6,2,16,14,1,4,15,7,12,14,5$1.0
442$3,8,10,13,9,6,2,16,14,1,4,15,7,12,3,5$1.0
443$3,8,10,13,9,6,2,16,14,1,4,15,7,12,1,5$1.0
444$3,8,10,13,9,6,2,16,14,1,4,15,7,11,14,5$1.0
445$3,8,10,13,9,6,2,16,14,1,4,15,7,11,14,5$1.0
446$3,8,10,13,9,6,2,16,14,1,4,15,7,11,14,5$1.0
447$3,8,10,13,9,6,2,16,14,1,4,15,7,11,14,5$1.0
448$3,8,10,13,9,6,2,16,14,1,4,15,7,11,14,5$1.0
449$3,8,10,13,9,6,2,16,14,1,4,15,7,11,14,5$1.0
450$3,8,10,13,9,6,2,16,10,1,4,15,7,11,14,5$1.0
451$3,8,10,13,9,6,2,16,14,1,4,15,7,11,14,5$1.0
452$3,8,10,13,9,6,2,16,14,1,4,15,7,11,14,5$1.0
453$3,8,10,13,9,6,2,16,14,1,4,15,7,12,7,5$1.0
454$3,8,10,13,9,6,2,16,14,1,4,15,7,12,14,5$1.0
455$3,8,10,13,9,6,2,16,14,1,4,15,7,12,7,5$1.0
456$3,8,10,13,9,6,2,16,14,1,4,15,7,12,7,5$1.0
457$3,8,10,13,9,6,2,16,14,1,4,15,7,11,14,12$1.0
458$3,8,10,13,9,6,2,16,14,1,4,15,7,12,14,5$1.0
459$3,8,10,13,9,6,2,16,14,1,4,15,7,12,7,5$1.0
460$3,8,10,13,9,6,2,16,14,1,4,15,7,12,14,5$1.0
461$3,8,10,13,9,6,2,16,14,1,4,15,7,11,14,12$1.0
462$3,8,10,13,9,6,2,16,14,1,4,15,7,12,7,5$1.0
463$3,8,10,13,9,6,2,16,14,1,4,15,7,12,7,5$1.0
464$3,8,10,13,9,6,2,16,14,1,4,15,7,12,14,5$1.0
465$3,8,10,13,9,6,2,16,14,1,4,15,7,12,7,5$1.0
466$3,8,10,13,9,6,2,16,14,1,4,15,7,11,14,5$1.0
467$3,8,10,13,9,6,2,16,14,1,4,15,7,11,14,5$1.0
468$3,8,10,13,9,6,2,16,14,1,4,15,7,12,14,5$1.0
469$3,8,10,13,9,6,2,16,14,1,4,15,7,12,7,5$1.0
470$3,8,10,13,9,6,2,16,14,1,4,15,7,12,14,5$1.0
471$3,8,10,13,9,6,2,16,14,1,4,15,7,12,7,5$1.0
472$3,8,10,13,9,6,2,16,14,1,4,15,7,12,7,5$1.0
473$3,8,10,13,9,6,2,16,14,1,4,15,7,12,14,5$1.0
474$3,8,10,13,9,6,2,16,14,1,4,15,7,12,14,5$1.0
475$3,8,10,13,9,6,2,16,14,1,4,15,7,12,7,5$1.0
476$3,8,10,13,9,6,2,16,14,1,4,15,7,12,7,5$1.0
477$3,8,10,13,9,6,2,16,14,1,4,15,7,12,14,5$1.0
478$3,8,10,13,9,6,2,16,14,1,4,15,7,12,7,5$1.0
479$3,8,10,13,9,6,2,16,14,1,4,15,7,12,7,5$1.0
480$3,8,10,13,9,6,2,16,14,1,4,15,7,12,14,5$1.0
481$3,8,10,13,9,6,2,16,14,1,4,15,7,11,7,5$1.0
482$3,8,10,13,9,6,2,16,14,1,4,15,7,12,7,5$1.0
483$3,8,10,13,9,6,2,16,14,1,4,15,7,12,7,5$1.0
484$3,8,10,13,9,6,2,16,14,1,4,15,7,12,7,5$1.0
485$3,8,10,13,9,6,2,16,14,1,4,15,7,11,7,5$1.0
486$3,8,10,13,9,6,2,16,14,1,4,15,7,11,7,5$1.0
487$3,8,10,13,9,6,2,16,14,1,4,15,7,12,7,5$1.0
488$3,8,10,13,9,6,2,16,14,1,4,15,7,11,7,5$1.0
489$3,8,10,13,9,6,2,16,14,1,4,15,7,12,7,5$1.0
490$3,8,10,13,9,6,2,16,14,1,4,15,7,11,7,5$1.0
491$3,8,10,13,9,6,2,16,14,1,4,15,7,11,7,5$1.0
492$3,8,10,13,9,6,2,16,14,1,4,15,7,12,7,5$1.0
493$3,8,10,13,9,6,2,16,14,1,4,15,7,11,7,5$1.0
494$3,8,10,13,9,6,2,16,14,1,4,15,7,12,7,5$1.0
495$3,8,10,13,9,6,2,16,14,1,4,15,7,11,7,5$1.0
496$3,8,10,13,9,6,2,16,14,1,4,15,7,11,7,5$1.0
497$3,8,10,13,9,6,2,16,14,1,4,15,7,11,7,5$1.0
498$3,8,10,13,9,6,2,16,14,1,4,15,7,11,7,5$1.0
499$3,8,10,13,9,6,2,16,14,1,4,15,7,11,7,5$1.0
500$3,8,10,13,9,6,2,16,14,1,4,15,7,11,7,5$1.0
501$3,8,10,13,9,6,2,16,14,1,4,15,7,11,7,5$1.0
502$3,8,10,13,9,6,2,16,14,1,4,15,7,11,7,5$1.0
503$3,8,10,13,9,6,2,16,14,1,4,15,7,11,7,5$1.0
504$3,8,10,13,9,6,2,16,14,1,4,15,7,11,7,5$1.0
505$3,8,10,13,9,6,2,16,14,1,4,15,7,11,3,5$1.0
506$3,8,10,13,9,6,2,16,14,1,4,15,7,11,7,5$1.0
507$3,8,10,13,9,6,2,16,14,1,4,15,7,11,7,5$1.0
508$3,8,10,13,9,6,2,16,14,1,4,15,7,11,1,5$1.0
509$3,8,10,13,9,6,2,16,14,1,4,15,7,11,7,5$1.0
510$3,8,10,13,9,6,2,16,14,1,4,15,7,11,1,5$1.0
511$3,8,10,13,9,6,2,16,14,1,4,15,7,11,7,5$1.0
512$3,8,10,13,9,6,2,16,14,1,4,15,7,11,7,5$1.0
513$3,8,10,13,9,6,2,16,14,1,4,15,7,11,3,5$1.0
514$3,8,10,13,9,6,2,16,14,1,4,15,7,12,7,5$1.0
515$3,8,10,13,9,6,2,16,14,1,4,15,7,11,7,5$1.0
516$3,8,10,13,9,6,2,16,14,1,4,15,7,11,7,5$1.0
517$3,8,10,13,9,6,2,16,14,1,4,15,7,11,7,5$1.0
518$3,8,10,13,9,6,2,16,14,1,4,15,7,12,7,5$1.0
519$3,8,10,13,9,6,2,16,14,1,4,15,7,11,7,5$1.0
520$3,8,10,13,9,6,2,16,14,1,4,15,7,12,7,5$1.0
521$3,8,10,13,9,6,2,16,14,1,4,15,7,11,7,5$1.0
522$3,8,10,13,9,6,2,16,14,1,4,15,7,11,14,5$1.0
523$3,8,10,13,9,6,2,16,14,1,4,15,7,12,7,5$1.0
524$3,8,10,13,9,6,2,16,14,1,4,15,7,12,7,5$1.0
525$3,8,10,13,9,6,2,16,14,1,4,15,7,12,7,5$1.0
526$3,8,10,13,9,6,2,16,14,1,4,15,7,12,7,5$1.0
527$3,8,10,13,9,6,2,16,14,1,4,15,7,11,7,5$1.0
528$3,8,10,13,9,6,2,16,14,1,4,15,7,12,7,5$1.0
529$3,8,10,13,9,6,2,16,14,1,4,15,7,12,7,5$1.0
530$3,8,10,13,9,6,2,16,14,1,4,15,7,11,7,5$1.0
531$3,8,10,13,9,6,2,16,14,1,4,15,7,12,7,5$1.0
532$3,8,10,13,9,6,2,16,14,1,4,15,7,12,7,5$1.0
533$3,8,10,13,9,6,2,16,14,1,4,15,7,12,7,5$1.0
534$3,8,10,13,9,6,2,16,14,1,4,15,7,12,7,5$1.0
535$3,8,10,13,9,6,2,16,14,1,4,15,7,11,7,5$1.0
536$3,8,10,13,9,6,2,16,14,1,4,15,7,11,7,5$1.0
537$3,8,10,13,9,6,2,16,14,1,4,15,7,11,7,5$1.0
538$3,8,10,13,9,6,2,16,14,1,4,15,7,12,7,5$1.0
539$3,8,10,13,9,6,2,16,14,1,4,15,7,11,7,5$1.0
540$3,8,10,13,9,6,2,16,14,1,4,15,7,12,7,5$1.0
541$3,8,10,13,9,6,2,16,14,1,4,15,7,12,7,5$1.0
542$3,8,10,13,9,6,2,16,14,1,4,15,7,12,7,5$1.0
543$3,8,10,13,9,6,2,16,14,1,4,15,7,11,7,5$1.0
544$3,8,10,13,9,6,2,16,14,1,4,15,7,11,7,5$1.0
545$3,8,10,13,9,6,2,16,14,1,4,15,7,12,16,5$1.0
546$3,8,10,13,9,6,2,16,14,1,4,15,7,12,7,5$1.0
547$3,8,10,13,9,6,2,16,14,1,4,15,7,12,7,5$1.0
548$3,8,10,13,9,6,2,16,14,1,4,15,7,12,7,5$1.0
549$3,8,10,13,9,6,2,16,14,1,4,15,7,12,7,5$1.0
550$3,8,10,13,9,6,2,16,14,1,4,15,7,12,16,5$1.0
551$3,8,10,13,9,6,2,16,14,1,4,15,7,12,16,5$1.0
552$3,8,10,13,9,6,2,16,14,1,4,15,7,12,7,5$1.0
553$3,8,10,13,9,6,2,16,14,1,4,15,7,12,7,5$1.0
554$3,8,10,13,9,6,2,16,14,1,4,15,7,12,16,5$1.0
555$3,8,10,13,9,6,2,16,14,1,4,15,7,12,16,5$1.0
556$3,8,10,13,9,6,2,16,14,1,4,15,7,12,7,5$1.0
557$3,8,10,13,9,6,2,16,14,1,4,15,7,12,16,5$1.0
558$3,8,10,13,9,6,2,16,14,1,4,15,7,11,7,12$1.0
559$3,8,10,13,9,6,2,16,14,1,4,15,7,11,7,5$1.0
560$3,8,10,13,9,6,2,16,14,1,4,15,7,12,16,5$1.0
561$3,8,10,13,9,6,2,16,14,1,4,15,7,11,7,12$1.0
562$3,8,10,13,9,6,2,16,14,1,4,15,7,11,7,12$1.0
563$3,8,10,13,9,6,2,16,14,1,4,15,7,11,7,12$1.0
564$3,8,10,13,9,6,2,16,14,1,4,15,7,11,7,12$1.0
565$3,8,10,13,9,6,2,16,14,1,4,15,7,11,7,12$1.0
566$3,8,10,13,9,6,2,16,14,1,4,15,7,11,7,12$1.0
567$3,8,10,13,9,6,2,16,14,1,4,15,7,12,16,5$1.0
568$3,8,10,13,9,6,2,16,14,1,4,15,7,11,7,12$1.0
569$3,8,10,13,9,6,2,16,14,1,4,15,7,11,7,12$1.0
570$3,8,10,13,9,6,2,16,14,1,4,15,7,11,7,12$1.0
571$3,8,10,13,9,6,2,16,14,1,4,15,7,11,7,12$1.0
572$3,8,10,13,9,6,2,16,14,1,4,15,7,11,7,12$1.0
573$3,8,10,13,9,6,2,16,14,1,4,15,7,11,7,12$1.0
574$3,8,10,13,9,6,2,16,14,1,4,15,7,11,4,12$1.0
575$3,8,10,13,9,6,2,16,14,1,4,15,7,11,7,12$1.0
576$3,8,10,13,9,6,2,16,14,1,4,15,7,11,4,12$1.0
577$3,8,10,13,9,6,2,16,14,1,4,15,7,11,14,12$1.0
578$3,8,10,13,9,6,2,16,14,1,4,15,7,11,7,12$1.0
579$3,8,10,13,9,6,2,16,14,1,4,15,7,11,7,12$1.0
580$3,8,10,13,9,6,2,16,14,1,4,15,7,11,7,12$1.0
581$3,8,10,13,9,6,2,16,14,1,4,15,7,11,14,12$1.0
582$3,8,10,13,9,6,2,16,14,1,4,15,7,11,7,12$1.0
583$3,8,10,13,9,6,2,16,14,1,4,15,7,11,7,12$1.0
584$3,8,10,13,9,6,2,16,14,1,4,15,7,11,3,12$1.0
585$3,8,10,13,9,6,2,16,14,1,4,15,7,11,7,12$1.0
586$3,8,10,13,9,6,2,16,14,1,4,15,7,11,7,12$1.0
587$3,8,10,13,9,6,2,16,14,1,4,15,7,11,7,12$1.0
588$3,8,10,13,9,6,2,16,14,1,4,15,7,11,3,12$1.0
589$3,8,10,13,9,6,2,16,14,1,4,15,7,11,7,12$1.0
590$3,8,10,13,9,6,2,16,14,1,4,15,7,11,7,12$1.0
591$3,8,10,13,9,6,2,16,14,1,4,15,7,11,7,12$1.0
592$3,8,10,13,9,6,2,16,14,1,4,15,7,11,7,12$1.0
593$3,8,10,13,9,6,2,16,14,1,4,15,7,11,7,12$1.0
594$3,8,10,13,9,6,2,16,14,1,4,15,7,11,16,12$1.0
595$3,8,10,13,9,6,2,16,14,1,4,15,7,11,3,12$1.0
596$3,8,10,13,9,6,2,16,14,1,4,15,7,11,16,12$1.0
597$3,8,10,13,9,6,2,16,14,1,4,15,7,11,16,12$1.0
598$3,8,10,13,9,6,2,16,14,1,4,15,7,11,7,12$1.0
599$3,8,10,13,9,6,2,16,14,1,4,15,7,11,3,12$1.0
600$3,8,10,13,9,6,2,16,14,1,4,15,7,11,16,12$1.0
601$3,8,10,13,9,6,2,16,14,1,4,15,7,11,16,12$1.0
602$3,8,10,13,9,6,2,16,14,1,4,15,7,11,1,12$1.0
603$3,8,10,13,9,6,2,16,14,1,4,15,7,11,1,12$1.0
604$3,8,10,13,9,6,2,16,14,1,4,15,7,11,1,12$1.0
605$3,8,10,13,9,6,2,16,14,1,4,15,7,11,3,12$1.0
606$3,8,10,13,9,6,2,16,14,1,4,15,7,11,1,12$1.0
607$3,8,10,13,9,6,2,16,14,1,4,15,7,11,16,12$1.0
608$3,8,10,13,9,6,2,16,14,1,4,15,7,11,16,12$1.0
609$3,8,10,13,9,6,2,16,14,1,4,15,7,11,1,12$1.0
610$3,8,10,13,9,6,2,16,14,1,4,15,7,11,1,12$1.0
611$3,8,10,13,9,6,2,16,14,1,4,15,7,11,1,12$1.0
612$3,8,10,13,9,6,2,16,14,1,4,15,7,11,1,12$1.0
613$3,8,10,13,9,6,2,16,14,1,4,15,7,11,7,12$1.0
614$3,8,10,13,9,6,2,16,14,1,4,15,7,11,16,12$1.0
615$3,8,10,13,9,6,2,16,14,9,4,15,7,11,1,12$1.0
616$3,8,10,13,9,6,2,16,14,9,4,15,7,11,1,12$1.0
617$3,8,10,13,9,6,2,16,14,1,4,15,7,11,1,12$1.0
618$3,8,10,13,9,6,2,16,14,9,4,15,7,11,1,12$1.0
619$3,8,10,13,9,6,2,16,14,1,4,15,7,11,1,12$1.0
620$3,8,10,13,16,6,2,16,14,9,4,15,7,11,1,12$1.0
621$3,8,10,13,9,6,2,16,14,1,4,15,7,11,1,12$1.0
622$3,8,10,13,9,6,2,16,14,9,4,15,7,11,1,12$1.0
623$3,8,10,13,9,6,2,16,14,9,4,15,7,11,1,12$1.0
624$3,8,10,13,9,6,2,16,14,1,4,15,7,11,1,12$1.0
625$3,8,10,13,9,6,2,16,14,1,4,15,7,11,1,12$1.0
626$3,8,10,13,9,6,2,16,14,1,4,15,7,11,1,12$1.0
627$3,8,10,13,9,6,2,16,14,9,4,15,7,11,1,12$1.0
628$3,8,10,13,9,6,2,16,14,9,4,15,7,11,1,12$1.0
629$3,8,10,13,9,6,2,16,14,1,4,15,7,11,1,12$1.0
630$3,8,10,13,9,6,2,16,14,1,4,15,7,11,1,12$1.0
631$5,8,10,13,3,6,2,16,14,9,4,15,7,11,1,12$0.0
631$5,8,10,13,3,6,2,16,14,9,4,15,7,11,1,12$0.0
