16
0$3,6,10,8,1,4,2,5,14,9,4,9,13,15,1,2$12.0
0$5,16,5,14,5,3,3,9,12,13,10,4,2,7,13,16$20.0
0$14,13,6,2,5,1,14,11,11,12,14,5,1,4,15,12$19.0
0$3,11,8,12,6,2,14,1,8,15,8,3,13,16,8,10$17.0
0$3,6,10,8,1,4,2,5,14,9,4,9,13,15,1,2$12.0
1$4,2,5,1,10,7,11,15,8,5,2,16,6,13,7,10$14.0
2$7,4,10,8,14,14,8,5,12,1,3,15,15,9,1,5$13.0
3$3,11,11,12,6,2,14,1,9,15,13,15,10,14,4,10$10.0
3$3,11,11,12,6,2,14,1,9,15,13,15,10,14,4,10$10.0
4$16,3,10,8,14,14,6,1,9,15,13,15,11,1,5,12$9.0
4$16,3,10,8,14,14,6,1,9,15,13,15,11,1,5,12$9.0
5$3,11,8,12,6,2,14,1,9,15,9,15,10,2,4,10$10.0
6$3,11,3,14,10,3,1,12,8,1,14,4,2,7,13,16$9.0
7$3,16,7,12,6,2,14,1,9,15,9,15,10,2,4,10$8.0
7$3,16,7,12,6,2,14,1,9,15,9,15,10,2,4,10$8.0
8$3,16,12,12,6,2,14,1,9,15,9,15,10,2,4,10$9.0
9$11,11,3,12,6,2,14,1,9,15,9,15,10,2,4,10$9.0
10$11,11,3,12,6,2,14,1,9,15,13,15,12,1,4,10$8.0
11$11,11,3,12,6,2,14,1,9,16,13,15,12,1,4,7$5.0
11$11,11,3,12,6,2,14,1,9,16,13,15,12,1,4,7$5.0
12$3,11,11,12,6,2,14,1,9,16,13,15,12,1,5,7$7.0
13$3,11,3,8,6,2,14,1,9,16,13,15,10,2,4,12$8.0
14$3,11,14,12,6,2,14,1,9,16,13,15,12,2,5,7$7.0
15$3,11,14,12,6,2,13,1,9,8,13,15,12,1,4,7$7.0
16$11,11,16,12,6,2,13,1,9,15,3,15,10,3,13,16$7.0
17$3,8,3,15,6,2,14,1,9,16,13,15,12,2,5,7$9.0
18$2,11,15,8,6,2,14,1,9,16,13,15,12,1,4,7$7.0
19$3,11,15,5,2,3,1,12,8,1,14,4,2,7,13,16$7.0
20$5,11,2,12,6,2,14,1,9,16,13,15,4,9,1,3$5.0
21$3,11,7,12,6,11,14,1,9,16,13,15,12,1,4,10$7.0
22$3,11,14,12,6,2,5,1,9,15,3,15,10,1,4,10$4.0
22$3,11,14,12,6,2,5,1,9,15,3,15,10,1,4,10$4.0
23$5,11,5,12,6,2,14,13,9,16,3,15,12,1,4,7$6.0
24$3,11,7,12,6,2,14,1,9,16,1,15,12,1,4,7$5.0
25$3,11,7,12,6,2,14,1,9,16,13,15,12,1,4,7$5.0
26$3,11,4,12,15,11,14,1,9,16,13,15,12,8,4,7$6.0
27$5,11,7,12,6,2,14,1,9,16,13,15,12,1,4,7$5.0
28$5,11,7,12,6,2,14,1,9,16,13,15,12,1,4,7$5.0
29$5,11,7,12,6,2,14,1,9,16,13,15,12,1,4,7$5.0
30$3,5,7,12,6,11,14,1,9,16,13,10,12,1,4,7$5.0
31$2,11,7,12,1,11,14,1,9,16,13,15,10,1,4,6$4.0
32$5,11,14,12,6,2,5,1,9,16,13,15,12,1,4,7$3.0
32$5,11,14,12,6,2,5,1,9,16,13,15,12,1,4,7$3.0
33$11,11,7,12,6,2,14,1,9,16,13,15,12,1,4,7$4.0
34$11,11,7,12,6,2,14,1,9,16,13,15,12,1,4,7$4.0
35$5,11,14,12,6,2,5,1,9,16,13,15,12,1,4,7$3.0
36$11,11,7,12,6,2,14,1,9,16,13,15,10,1,4,6$3.0
37$16,11,7,12,6,2,14,1,9,16,13,15,10,1,4,6$3.0
38$13,11,7,12,6,2,14,1,9,16,13,15,10,1,4,6$3.0
39$16,11,7,12,6,2,14,1,9,16,13,15,10,1,4,6$3.0
40$5,11,14,12,6,2,14,1,9,16,13,15,12,1,4,7$3.0
41$5,11,14,12,6,2,14,1,9,16,13,15,12,1,4,7$3.0
42$16,11,7,12,6,2,14,1,9,16,3,15,10,1,4,6$3.0
43$13,11,7,12,6,2,14,1,9,16,13,15,10,1,4,6$3.0
44$3,11,7,12,6,2,14,1,9,16,3,15,10,1,4,6$3.0
45$3,11,7,12,6,2,14,1,9,16,3,15,10,1,4,6$3.0
46$3,11,7,12,6,2,14,1,9,16,3,15,10,1,4,6$3.0
47$5,11,14,12,6,2,14,1,9,16,3,15,10,1,4,4$3.0
48$3,11,7,12,6,2,14,1,9,16,3,15,10,1,4,4$3.0
49$5,11,14,12,6,2,14,1,9,16,3,15,10,1,4,6$3.0
50$5,11,14,12,6,2,5,1,9,16,3,15,10,1,4,6$3.0
51$3,11,7,12,6,2,14,1,9,16,3,15,10,1,4,6$3.0
52$3,11,7,12,6,2,14,1,9,16,3,15,10,1,4,14$3.0
53$6,11,7,12,6,2,14,1,9,16,3,15,10,1,4,4$3.0
54$3,11,7,12,6,2,14,1,9,16,3,15,10,1,4,6$3.0
55$3,11,7,12,6,2,14,1,9,16,3,15,10,1,4,6$3.0
56$16,11,7,12,6,2,14,1,9,16,13,15,10,1,4,4$3.0
57$3,11,7,12,6,2,14,1,9,16,3,15,10,1,4,6$3.0
58$5,11,14,12,6,2,14,1,9,16,3,15,10,1,4,6$3.0
59$3,11,7,12,6,2,14,1,9,16,3,15,10,1,4,6$3.0
60$5,11,14,12,6,2,14,1,9,16,3,15,10,1,4,4$3.0
61$5,11,14,12,6,2,14,1,9,16,3,15,10,1,4,6$3.0
62$13,11,7,12,6,2,14,1,9,16,13,15,10,1,4,4$3.0
63$5,11,14,12,15,2,14,1,9,16,3,15,10,1,4,6$3.0
64$3,11,7,12,6,2,14,1,9,16,3,15,10,1,4,6$3.0
65$3,11,7,12,6,2,14,1,9,16,3,15,10,1,13,6$3.0
66$5,11,14,12,6,2,14,1,9,16,3,15,10,1,4,6$3.0
67$16,11,7,12,6,2,14,1,9,16,3,15,10,1,4,6$3.0
68$16,11,7,12,6,2,14,1,9,15,3,15,10,1,13,6$3.0
69$3,11,7,12,6,2,14,1,9,16,3,15,10,1,4,6$3.0
70$16,11,7,12,6,2,14,1,9,16,13,15,10,1,4,6$3.0
71$13,11,7,12,6,2,14,1,9,16,13,15,10,1,4,6$3.0
72$16,11,7,12,6,2,14,1,9,16,13,15,10,1,4,6$3.0
73$16,11,7,12,6,2,14,1,9,15,3,15,10,1,4,6$3.0
74$16,11,7,12,6,2,14,1,9,16,3,15,10,1,4,6$3.0
75$16,11,7,12,6,2,14,1,9,16,3,15,10,1,4,15$3.0
76$13,11,7,12,6,2,14,1,9,16,13,15,10,1,5,15$3.0
77$16,11,7,12,6,2,5,1,9,16,3,15,10,1,4,6$3.0
78$16,11,7,12,6,2,14,1,9,16,3,15,10,1,4,6$3.0
79$3,11,7,12,6,2,14,1,9,16,3,15,10,8,4,15$2.0
79$3,11,7,12,6,2,14,1,9,16,3,15,10,8,4,15$2.0
80$3,11,7,12,6,2,14,1,9,16,3,15,10,8,4,15$2.0
81$3,11,7,12,6,2,14,1,9,16,3,15,10,8,4,15$2.0
82$16,11,7,12,6,2,14,1,9,16,3,15,10,8,4,15$2.0
83$16,11,7,12,6,2,14,1,9,16,3,15,10,8,4,15$2.0
84$16,11,7,12,6,2,14,1,9,16,3,15,10,8,4,15$2.0
85$16,11,7,12,6,2,14,1,9,16,3,15,10,8,4,15$2.0
86$16,11,7,12,6,2,14,1,9,16,3,15,10,8,4,15$2.0
87$16,11,7,12,6,2,14,1,9,16,3,15,10,8,4,15$2.0
88$16,11,7,12,6,2,14,1,9,5,13,15,10,8,4,15$1.0
88$16,11,7,12,6,2,14,1,9,5,13,15,10,8,4,15$1.0
89$16,11,7,12,6,2,14,1,9,16,3,15,10,8,4,15$2.0
90$16,11,7,12,6,2,5,1,9,16,3,15,10,8,4,15$2.0
91$16,11,7,12,6,2,14,1,9,16,3,3,10,8,4,15$2.0
92$3,11,7,12,6,2,14,1,9,5,3,15,10,8,4,4$2.0
93$16,11,7,12,6,2,14,1,9,16,13,15,10,8,4,4$2.0
94$11,11,7,12,6,2,14,1,9,16,3,15,10,8,4,15$2.0
95$16,11,7,12,6,2,14,1,9,16,3,15,10,8,4,15$2.0
96$16,11,7,12,6,2,14,1,9,16,3,15,10,8,4,4$2.0
97$16,11,7,12,6,2,14,1,9,16,3,15,10,8,4,15$2.0
98$16,11,7,12,6,2,14,1,9,16,3,15,10,8,4,15$2.0
99$16,11,7,12,6,2,14,1,9,16,3,15,10,8,10,4$2.0
100$3,11,7,12,6,2,14,1,9,16,3,15,10,8,4,15$2.0
101$16,11,7,12,6,2,14,1,9,16,3,15,10,8,4,15$2.0
102$16,11,7,12,6,2,14,1,9,16,3,15,10,8,4,15$2.0
103$11,11,7,12,6,2,14,1,9,16,3,15,10,8,4,4$2.0
104$16,11,7,12,6,2,14,1,9,16,3,15,10,8,4,15$2.0
105$16,11,7,12,6,2,14,1,9,16,3,15,10,8,4,4$2.0
106$16,11,7,12,6,2,14,1,9,16,3,15,10,8,13,4$1.0
107$16,11,7,12,6,2,14,1,9,16,3,15,10,8,13,4$1.0
108$16,11,7,12,6,2,14,1,9,15,3,15,10,8,13,4$1.0
109$16,11,7,12,6,2,14,1,9,15,3,15,10,8,4,14$2.0
110$16,11,7,12,6,2,14,1,9,16,3,15,10,8,13,4$1.0
111$16,11,7,12,6,2,14,1,9,16,3,15,10,8,13,4$1.0
112$16,11,7,12,6,2,14,1,9,16,3,15,10,8,13,4$1.0
113$16,11,7,12,6,2,14,1,9,5,3,15,10,8,13,4$0.0
113$16,11,7,12,6,2,14,1,9,5,3,15,10,8,13,4$0.0
