50
0$27,40,31,7,4,10,5,47,50,31,4,42,1,35,8,46,34,45,46,36,36,4,13,44,9,7,24,11,21,10,12,21,39,9,13,48,3,26,50,50,7,10,43,7,32,18,14,20,49,33$59.0
0$35,44,27,1,10,23,5,42,4,21,19,9,12,15,47,49,49,15,26,21,2,47,10,38,44,24,9,32,50,13,40,20,40,14,4,40,8,22,28,47,46,21,7,13,5,25,50,43,16,16$85.0
0$27,40,31,7,4,10,5,47,50,31,4,42,1,35,8,46,34,45,46,36,36,4,13,44,9,7,24,11,21,10,12,21,39,9,13,48,3,26,50,50,7,10,43,7,32,18,14,20,49,33$59.0
1$27,40,31,7,4,10,5,47,50,31,4,42,1,35,8,46,34,45,46,36,36,4,13,44,9,7,24,11,21,42,12,21,39,9,13,48,3,26,50,50,7,10,43,7,32,18,14,20,49,33$60.0
2$39,27,13,7,4,26,30,28,10,4,23,16,3,48,42,42,22,49,8,31,4,32,47,20,33,27,18,3,29,3,48,45,31,2,27,34,44,11,30,32,20,38,19,13,2,43,37,43,25,33$61.0
3$39,27,13,7,4,26,30,28,10,4,23,16,7,48,42,42,22,49,8,31,4,32,47,20,33,27,18,16,29,3,48,45,31,2,27,34,44,11,30,32,20,24,47,24,2,43,37,43,25,33$53.0
3$39,27,13,7,4,26,30,28,10,4,23,16,7,48,42,42,22,49,8,31,4,32,47,20,33,27,18,16,29,3,48,45,31,2,27,34,44,11,30,32,20,24,47,24,2,43,37,43,25,33$53.0
4$49,27,13,7,4,26,30,28,10,4,23,16,7,48,42,42,22,49,8,31,4,32,47,20,33,27,18,16,29,3,48,45,31,2,27,34,44,11,30,32,20,24,47,24,2,43,37,43,25,33$54.0
5$39,27,13,7,4,26,30,28,38,4,23,16,7,48,42,42,22,48,24,44,45,33,17,34,3,15,23,50,3,21,37,27,2,21,35,20,34,47,1,8,4,8,22,46,29,15,28,19,37,26$53.0
6$39,27,13,7,4,26,30,28,10,4,23,16,3,48,42,42,9,49,8,31,9,2,41,49,11,26,41,13,37,1,19,28,15,20,35,16,9,14,19,44,50,11,22,3,40,44,8,32,28,10$53.0
7$39,27,31,7,4,10,5,47,50,31,4,45,50,24,7,7,26,20,14,34,3,49,49,25,37,13,21,16,29,15,48,45,31,2,27,34,44,11,30,34,20,24,47,24,2,43,37,43,25,33$49.0
7$39,27,13,7,4,26,30,28,38,4,23,16,7,48,42,42,22,49,8,49,9,2,41,7,11,26,41,13,37,1,19,28,15,20,27,34,44,11,44,32,20,8,49,46,29,10,28,13,37,26$52.0
7$39,27,31,7,4,10,5,47,50,31,4,45,50,24,7,7,26,20,14,34,3,49,49,25,37,13,21,16,29,15,48,45,31,2,27,34,44,11,30,34,20,24,47,24,2,43,37,43,25,33$49.0
8$49,40,31,7,4,10,5,29,46,45,18,23,46,22,16,33,41,12,47,50,37,27,48,10,32,34,1,5,16,9,38,21,39,9,13,48,3,24,50,32,23,38,45,24,2,43,37,43,25,33$43.0
8$49,40,31,7,4,10,5,29,46,45,18,23,46,22,16,33,41,12,47,50,37,27,48,10,32,34,1,5,16,9,38,21,39,9,13,48,3,24,50,32,23,38,45,24,2,43,37,43,25,33$43.0
9$49,40,31,7,4,10,5,29,46,45,18,23,46,22,16,33,41,12,47,50,37,27,48,10,32,34,1,5,16,11,38,21,39,9,13,48,3,24,50,32,23,38,45,11,2,43,37,43,25,33$46.0
10$49,40,31,7,4,10,5,29,46,45,18,23,46,22,16,33,41,12,47,50,37,27,48,10,32,34,1,5,16,11,38,21,39,9,13,20,34,47,1,8,4,8,22,46,29,15,28,19,37,26$44.0
11$49,40,31,7,4,10,5,29,46,45,18,23,46,22,16,33,41,12,47,50,37,27,48,10,32,34,1,5,16,11,9,21,39,9,13,20,34,47,1,8,41,30,44,9,2,42,37,43,25,42$41.0
11$49,40,31,7,4,10,5,29,46,45,18,23,46,22,16,33,41,12,47,50,37,27,48,10,32,34,1,5,16,11,9,21,39,9,13,20,34,47,1,8,41,30,44,9,2,42,37,43,25,42$41.0
12$39,27,31,7,4,10,36,47,50,31,4,42,50,24,7,7,22,49,46,6,37,12,43,9,3,15,23,50,3,45,37,27,2,21,35,20,34,47,1,8,4,8,22,46,29,15,28,19,37,26$42.0
13$49,40,31,7,4,17,5,29,46,45,18,44,7,48,42,30,22,49,8,49,9,2,41,7,11,26,23,50,3,21,37,27,11,21,35,20,34,47,1,8,4,8,22,46,29,15,28,19,37,26$39.0
13$39,27,31,7,4,10,36,47,50,31,4,42,50,24,7,7,22,49,2,6,37,12,43,9,3,15,23,50,3,45,37,27,2,21,35,20,34,47,1,8,4,8,22,46,29,15,28,19,37,26$40.0
13$49,40,31,7,4,17,5,29,46,45,18,44,7,48,42,30,22,49,8,49,9,2,41,7,11,26,23,50,3,21,37,27,11,21,35,20,34,47,1,8,4,8,22,46,29,15,28,19,37,26$39.0
14$49,40,31,7,4,10,36,47,50,43,4,42,50,24,7,7,22,49,46,6,37,12,43,9,3,15,23,50,3,45,37,27,2,21,35,20,34,47,1,8,4,8,22,46,29,10,28,13,37,26$40.0
15$39,27,31,7,4,10,5,47,50,31,4,45,1,48,39,42,22,49,8,49,9,2,41,7,11,26,23,50,3,21,37,27,11,21,35,20,34,47,1,8,4,8,22,46,2,43,37,43,25,33$38.0
15$39,27,31,7,4,10,5,47,50,31,4,45,1,48,39,42,22,49,8,49,9,2,41,7,11,26,23,50,3,21,37,27,11,21,35,20,34,47,1,8,4,8,22,46,2,43,37,43,25,33$38.0
16$48,40,31,7,21,26,50,28,38,4,23,16,7,48,39,42,22,49,8,19,9,2,41,6,11,26,41,13,37,1,37,27,11,21,35,20,44,47,1,8,4,8,22,46,29,43,37,43,25,33$38.0
17$39,27,31,7,4,13,30,47,50,31,14,16,7,48,42,42,22,49,8,49,9,2,41,7,11,16,23,5,16,3,48,45,11,21,35,20,34,47,1,8,4,8,22,46,29,15,28,19,34,26$36.0
17$39,27,31,7,4,17,5,47,50,31,14,16,7,48,42,30,22,49,8,49,9,2,41,7,11,26,23,50,3,21,37,27,11,23,35,20,34,47,1,8,4,8,22,46,29,15,28,19,37,26$37.0
17$39,27,31,7,4,13,30,47,50,31,14,16,7,48,42,42,22,49,8,49,9,2,41,7,11,16,23,5,16,3,48,45,11,21,35,20,34,47,1,8,4,8,22,46,29,15,28,19,34,26$36.0
18$48,40,31,7,21,26,50,28,38,4,23,16,7,48,39,42,22,49,8,19,9,2,41,6,11,26,41,13,37,1,19,27,11,21,35,20,34,47,1,8,4,9,22,46,34,15,37,43,25,33$34.0
18$39,27,31,7,4,13,30,47,50,31,14,16,7,48,42,42,9,42,8,49,22,2,41,7,11,26,23,50,3,21,37,27,11,23,35,20,34,47,1,8,4,8,22,46,29,15,28,19,37,26$35.0
18$48,40,31,7,21,26,50,28,38,4,23,16,7,48,39,42,22,49,8,19,9,2,41,6,11,26,41,13,37,1,19,27,11,21,35,20,34,47,1,8,4,9,22,46,34,15,37,43,25,33$34.0
19$39,3,31,7,4,13,30,44,50,31,14,16,7,48,42,30,22,49,12,49,9,2,41,7,11,15,23,50,3,21,37,27,2,21,35,20,34,47,1,8,4,8,22,46,29,15,28,19,37,26$35.0
20$39,27,13,7,4,26,30,47,50,31,14,1,7,48,42,30,22,49,8,49,9,2,41,39,11,16,23,5,16,3,48,45,11,21,35,20,34,47,1,32,4,38,22,46,29,15,28,19,37,26$34.0
21$48,40,31,7,4,17,36,24,50,31,23,16,7,48,42,30,22,49,8,49,9,2,41,7,11,26,23,50,3,21,37,27,11,21,35,20,34,47,1,8,4,38,22,46,29,15,28,19,37,26$33.0
21$48,40,31,7,4,17,36,24,50,31,23,16,7,48,42,30,22,49,8,49,9,2,41,7,11,26,23,50,3,21,37,27,11,21,35,20,34,47,1,8,4,38,22,46,29,15,28,19,37,26$33.0
22$48,40,31,7,4,17,5,47,50,31,14,16,7,48,42,30,22,30,8,49,9,2,41,7,33,27,18,50,3,21,37,27,11,21,35,20,34,47,1,8,4,38,22,46,29,15,28,19,37,26$30.0
22$48,40,31,7,4,17,5,47,50,31,14,16,7,48,42,30,22,30,8,49,9,2,41,7,33,27,18,50,3,21,37,27,11,21,35,20,34,47,1,8,4,38,22,46,29,15,28,19,37,26$30.0
23$48,40,31,7,4,13,30,44,50,31,14,16,7,48,42,30,22,50,12,49,9,2,41,7,33,27,18,50,3,21,37,27,11,21,35,20,34,47,1,8,4,38,22,46,29,15,28,19,37,26$30.0
24$39,3,31,7,4,13,30,44,50,31,14,16,7,48,42,30,22,49,12,49,9,2,41,7,11,16,23,50,3,21,37,27,11,21,35,20,45,47,1,8,4,38,22,46,29,15,28,19,37,26$30.0
25$48,3,31,50,4,17,5,29,13,13,24,16,7,48,42,30,22,49,45,49,9,2,41,7,11,16,23,50,3,21,37,27,11,21,35,20,34,47,1,8,4,38,22,46,29,15,28,19,37,26$27.0
25$48,3,31,50,4,17,5,29,13,13,24,16,7,48,42,30,22,49,45,49,9,2,41,7,11,16,23,50,3,21,37,27,11,21,35,20,34,47,1,8,4,38,22,46,29,15,28,19,37,26$27.0
26$48,40,31,7,28,17,5,9,50,31,14,16,7,48,42,42,22,49,8,49,9,2,41,7,11,25,23,38,3,21,37,27,11,21,35,20,34,47,1,8,4,38,22,46,29,15,28,19,37,26$29.0
27$48,40,31,7,4,13,30,44,50,31,14,16,7,48,42,30,22,4,12,49,9,2,41,7,33,27,18,50,3,21,37,27,11,21,35,20,34,47,1,8,4,38,22,46,29,15,28,19,37,26$28.0
28$48,40,31,7,4,13,30,44,50,31,14,16,7,48,42,1,22,4,12,49,9,2,41,7,33,27,18,50,3,21,37,27,11,21,35,20,34,47,1,8,4,38,17,46,29,15,28,19,43,26$28.0
29$48,40,31,7,4,13,30,44,50,31,14,16,7,48,42,30,22,4,12,49,9,2,41,7,33,27,18,50,3,21,37,27,11,21,35,20,34,47,1,8,4,38,22,46,29,15,28,19,37,26$28.0
30$48,40,31,7,4,13,30,44,50,31,14,16,7,48,42,30,22,49,12,49,9,2,41,7,11,32,23,50,3,21,37,27,11,21,35,20,34,47,1,8,4,38,22,46,29,15,28,19,24,26$26.0
30$48,40,31,7,4,13,30,44,50,31,14,16,7,48,42,30,22,49,12,49,9,2,41,7,11,32,23,50,3,21,37,27,11,21,35,20,34,47,1,8,4,38,22,46,29,15,28,19,24,26$26.0
31$48,40,31,7,4,13,30,44,50,31,14,16,7,48,42,1,22,4,12,49,9,2,41,7,33,27,18,50,3,21,37,27,11,21,35,20,34,47,1,8,6,38,22,46,29,15,28,19,37,26$24.0
31$48,40,31,8,4,13,30,44,50,31,14,16,7,48,42,30,22,49,45,49,9,2,41,7,33,27,18,50,3,21,37,27,11,21,35,20,34,47,1,8,6,38,22,46,29,15,28,19,37,26$25.0
31$48,40,31,7,4,13,30,44,50,31,14,16,7,48,42,1,22,4,12,49,9,2,41,7,33,27,18,50,3,21,37,27,11,21,35,20,34,47,1,8,6,38,22,46,29,15,28,19,37,26$24.0
32$48,40,31,8,4,13,30,44,50,31,14,16,7,48,42,1,22,4,12,49,9,2,41,7,33,27,18,50,3,21,37,27,11,21,35,20,34,47,1,8,6,38,22,46,29,15,28,19,37,26$23.0
32$48,40,31,8,4,13,30,44,50,31,14,16,7,48,42,1,22,4,12,49,9,2,41,7,33,27,18,50,3,21,37,27,11,21,35,20,34,47,1,8,6,38,22,46,29,15,28,19,37,26$23.0
33$48,40,31,46,4,13,30,44,50,31,14,16,7,48,42,30,22,4,16,49,9,2,41,7,33,27,18,50,3,21,37,27,11,21,35,20,34,47,1,8,6,38,22,46,29,15,28,19,37,26$22.0
33$48,40,31,46,4,13,30,44,50,31,14,16,7,48,42,30,22,4,16,49,9,2,41,7,33,27,18,50,3,21,37,27,11,21,35,20,34,47,1,8,6,38,22,46,29,15,28,19,37,26$22.0
34$48,40,31,24,4,13,30,44,50,31,14,16,7,48,42,30,22,4,12,49,9,2,41,7,33,27,18,50,3,21,37,27,11,21,35,20,34,47,1,8,6,38,22,46,29,15,28,19,37,26$22.0
35$48,40,31,46,4,13,30,44,50,31,14,16,7,48,42,30,22,4,43,49,9,2,41,7,33,27,18,50,3,21,37,27,11,21,35,20,34,47,1,8,6,38,22,46,29,15,28,19,43,26$21.0
35$48,40,31,46,4,13,30,44,50,31,14,16,7,48,42,30,22,4,43,49,9,2,41,7,33,27,18,50,3,21,37,27,11,21,35,20,34,47,1,8,6,38,22,46,29,15,28,19,43,26$21.0
36$48,40,31,46,4,13,30,44,50,31,14,16,7,48,42,30,22,4,43,49,9,2,41,7,33,27,18,50,3,21,23,27,11,21,35,20,34,47,1,8,6,38,22,46,29,15,28,19,37,26$20.0
36$48,40,31,46,4,13,30,44,50,31,14,16,7,48,42,30,22,4,43,49,9,2,41,7,33,27,18,50,3,21,23,27,11,21,35,20,34,47,1,8,6,38,22,46,29,15,28,19,37,26$20.0
37$48,40,31,7,4,13,30,44,50,31,14,16,3,48,42,30,22,4,12,49,9,2,41,7,33,27,18,50,3,21,37,45,11,21,35,20,34,47,1,8,6,38,22,46,29,15,28,19,37,26$20.0
38$48,40,31,50,4,13,30,44,17,31,14,16,3,48,42,30,22,4,12,49,9,2,41,7,33,27,18,50,3,21,37,27,11,21,35,20,34,47,1,8,6,38,22,46,29,15,28,19,37,26$20.0
39$48,40,31,50,4,13,30,44,17,31,14,16,3,48,42,30,22,4,12,49,9,2,41,36,33,27,18,50,3,21,37,27,11,21,35,20,34,47,1,8,6,2,22,46,29,15,28,19,43,26$18.0
39$48,33,31,29,4,13,30,44,50,31,14,16,7,48,42,30,22,4,12,49,9,2,41,7,33,27,18,50,3,21,37,45,11,21,35,20,34,47,1,8,6,38,22,46,29,15,28,19,37,26$19.0
39$48,40,31,50,4,13,30,44,17,31,14,16,3,48,42,30,22,4,12,49,9,2,41,36,33,27,18,50,3,21,37,27,11,21,35,20,34,47,1,8,6,2,22,46,29,15,28,19,43,26$18.0
40$48,40,31,50,4,13,30,44,17,31,14,16,3,48,42,30,22,4,12,49,9,2,41,36,33,27,18,50,3,21,37,27,11,21,35,20,34,47,1,8,6,38,22,46,29,15,28,19,43,26$15.0
40$48,40,31,50,4,13,30,44,17,31,14,16,3,48,42,30,22,4,12,49,9,2,41,36,33,27,18,50,3,21,37,27,11,21,35,20,34,47,1,8,6,38,22,46,29,15,28,19,43,26$15.0
41$48,40,31,7,4,13,30,44,50,31,14,16,3,48,42,30,22,4,12,49,9,2,41,9,33,27,18,50,3,21,37,45,11,21,35,20,34,47,1,8,6,38,22,46,29,15,28,19,43,26$15.0
42$48,33,31,50,4,13,30,44,17,31,14,16,3,48,42,30,22,4,12,49,9,2,41,9,33,27,18,50,3,21,37,45,11,21,35,20,34,47,1,8,6,38,22,46,29,15,28,19,43,26$16.0
43$48,40,31,7,4,13,30,44,50,31,14,16,3,48,42,30,22,4,12,49,9,2,41,9,33,27,18,50,3,21,37,45,11,21,35,20,34,47,1,8,6,38,22,46,29,15,28,19,43,26$15.0
44$18,40,31,7,4,17,30,44,17,31,24,16,3,48,42,30,22,4,12,49,9,2,41,36,33,27,18,50,3,43,37,27,11,21,35,20,34,47,1,8,6,38,22,46,29,15,28,19,43,26$15.0
45$18,40,31,7,4,17,30,44,17,31,24,16,3,48,42,30,22,4,12,49,9,2,41,36,33,27,18,50,3,43,37,27,11,21,35,20,14,47,1,8,6,38,40,46,29,15,28,19,23,26$16.0
46$18,40,31,7,4,17,30,44,17,31,24,16,3,48,42,30,22,4,12,49,9,2,41,36,33,27,18,50,3,24,37,27,11,21,35,20,14,47,1,8,6,38,45,46,29,15,28,19,23,26$16.0
47$48,40,31,7,4,17,30,44,17,31,24,16,3,48,42,30,22,4,12,49,9,2,41,36,33,27,18,50,3,24,37,27,11,21,35,20,14,47,1,8,6,38,45,46,29,15,28,19,23,26$16.0
48$48,40,31,7,4,13,30,44,17,31,24,16,3,48,42,30,22,4,12,49,9,2,41,36,33,27,18,50,3,43,37,27,11,21,35,20,14,47,1,8,6,38,40,46,29,15,28,19,23,26$15.0
49$48,40,31,7,4,13,30,44,17,31,24,16,3,48,42,30,22,4,12,49,9,2,41,36,33,27,18,50,3,43,37,27,11,21,35,20,34,47,24,8,6,38,22,46,29,15,28,19,43,26$15.0
50$18,40,31,7,4,17,30,44,50,31,14,16,3,48,42,30,22,4,12,49,9,2,41,36,33,27,18,50,3,24,37,27,11,21,35,20,34,47,1,8,6,38,22,46,29,15,28,19,43,26$16.0
51$48,40,31,46,4,13,30,44,17,31,14,16,3,48,42,30,34,4,12,49,9,2,41,36,33,27,18,50,3,24,37,27,11,21,35,20,34,47,1,8,6,38,22,46,29,15,28,19,43,26$14.0
51$48,40,31,46,4,13,30,44,17,31,14,16,3,48,42,30,34,4,12,49,9,2,41,36,33,27,18,50,3,24,37,27,11,21,35,20,34,47,1,8,6,38,22,46,29,15,28,19,43,26$14.0
52$48,40,31,46,4,13,30,44,17,31,24,16,3,7,42,30,22,4,44,49,9,2,41,7,33,27,18,50,3,5,37,27,11,21,35,20,34,47,1,8,6,38,22,46,29,15,28,19,43,26$15.0
53$48,40,31,46,4,13,30,44,17,31,14,16,3,48,42,30,34,4,12,49,9,2,41,36,33,27,18,50,3,5,37,27,11,21,35,20,34,47,1,8,6,38,22,46,29,15,28,19,43,26$12.0
53$48,40,31,46,4,13,30,44,17,31,14,16,3,48,42,30,34,4,12,49,9,2,41,36,33,27,18,50,3,5,37,27,11,21,35,20,34,47,1,8,6,38,22,46,29,15,28,19,43,26$12.0
54$48,40,31,46,4,13,30,44,17,31,14,16,3,48,42,30,34,4,12,49,9,2,41,36,33,27,18,50,3,5,37,27,11,21,35,20,14,47,1,8,6,38,22,46,29,15,28,19,43,26$14.0
55$48,40,31,46,4,13,30,44,17,31,14,16,3,48,42,30,34,4,12,49,9,2,39,36,33,27,18,50,3,5,37,27,11,21,35,20,34,47,1,8,6,38,22,46,29,15,28,19,43,26$14.0
56$48,40,31,46,4,13,30,44,17,31,14,16,3,48,42,30,34,4,12,49,9,2,39,36,33,27,18,50,3,5,37,27,11,21,35,20,34,47,1,8,6,38,22,46,29,15,28,19,43,26$14.0
57$48,40,32,46,4,13,30,44,17,31,14,16,3,48,42,30,22,4,12,49,9,2,41,36,33,27,18,50,3,43,37,27,11,21,35,20,34,47,1,8,6,38,22,46,29,15,28,19,43,26$14.0
58$48,40,31,46,4,13,30,44,17,31,14,16,3,48,42,30,34,4,12,49,9,2,41,36,33,27,18,50,3,5,37,27,11,21,35,20,34,47,1,8,6,38,22,42,29,15,28,19,43,26$12.0
59$48,40,31,46,4,13,30,44,17,31,14,16,3,48,42,30,34,4,12,49,9,2,41,36,33,27,18,50,3,5,37,27,11,21,35,20,34,47,1,8,6,38,22,42,29,15,28,19,43,26$12.0
60$48,40,31,46,4,13,30,44,17,31,14,16,3,48,42,30,34,4,12,49,9,2,41,36,33,27,18,50,3,5,37,27,11,21,35,20,34,47,1,8,6,38,22,46,29,15,28,19,43,26$12.0
61$48,40,31,46,4,13,30,44,17,31,14,16,3,48,42,30,22,4,12,49,9,2,41,36,33,27,18,50,3,5,37,27,11,21,35,7,34,47,1,8,6,38,22,42,29,15,28,19,43,26$12.0
62$48,40,31,46,4,13,30,44,17,31,14,16,23,48,42,30,22,4,12,49,9,2,41,36,33,27,18,50,3,5,37,27,11,21,35,7,34,47,1,8,6,38,22,42,29,15,28,19,43,26$11.0
62$48,40,31,46,4,13,30,44,17,31,14,16,23,48,42,30,22,4,12,49,9,2,41,36,33,27,18,50,3,5,37,27,11,21,35,7,34,47,1,8,6,38,22,42,29,15,28,19,43,26$11.0
63$48,40,31,46,4,13,30,44,17,31,14,16,23,48,42,30,22,4,12,49,9,2,41,36,33,27,18,50,3,5,37,27,11,21,35,20,34,47,1,8,6,38,22,46,29,15,28,19,43,26$11.0
64$48,40,31,46,4,13,30,44,17,31,14,16,23,48,42,30,22,4,12,49,9,2,41,36,33,27,18,50,3,5,37,27,11,21,35,20,34,47,1,8,6,38,22,42,29,15,28,19,43,26$11.0
65$48,40,31,46,7,13,30,44,17,31,14,16,23,48,42,30,22,4,12,49,9,2,41,36,33,27,18,50,3,5,37,27,11,21,35,18,34,47,1,8,6,38,22,46,29,15,28,19,43,26$11.0
66$48,40,31,46,7,13,30,44,17,31,10,16,23,48,42,30,22,4,12,49,9,2,41,36,33,27,18,50,3,5,37,27,11,21,35,20,34,47,1,8,6,38,22,42,29,15,28,19,43,26$10.0
66$48,40,31,46,7,13,30,44,17,31,10,16,23,48,42,30,22,4,12,49,9,2,41,36,33,27,18,50,3,5,37,27,11,21,35,20,34,47,1,8,6,38,22,42,29,15,28,19,43,26$10.0
67$48,40,31,46,4,13,20,44,17,31,14,16,3,48,42,30,34,4,12,49,9,2,41,36,33,27,18,50,3,5,37,27,11,21,35,18,34,47,1,8,6,38,22,46,29,15,28,19,43,26$10.0
68$48,40,31,46,4,13,20,44,17,31,14,16,3,48,42,30,34,4,12,49,9,2,41,36,33,27,18,50,3,5,37,27,11,21,35,18,34,47,1,8,6,38,22,46,29,15,28,19,43,26$10.0
69$48,40,31,46,4,13,20,44,17,31,14,16,3,48,42,30,34,4,12,49,9,2,41,36,33,27,18,50,3,5,37,27,11,21,35,18,34,47,1,8,6,38,22,46,29,15,28,19,43,26$10.0
70$48,40,31,46,4,13,30,44,17,31,14,16,3,48,42,30,34,4,12,49,9,2,41,36,33,27,18,50,3,5,37,27,11,21,35,18,34,47,1,8,6,38,22,46,29,15,28,19,43,26$11.0
71$32,40,31,46,4,13,20,44,17,31,14,16,3,48,42,30,34,4,12,49,9,2,41,36,33,27,18,50,3,5,37,27,11,21,35,18,34,47,1,8,6,38,22,42,29,15,28,19,43,26$9.0
71$32,40,31,46,4,13,20,44,17,31,14,16,3,48,42,30,34,4,12,49,9,2,41,36,33,27,18,50,3,5,37,27,11,21,35,18,34,47,1,8,6,38,22,42,29,15,28,19,43,26$9.0
72$32,40,31,46,4,13,20,44,17,31,14,16,3,48,42,30,22,4,12,49,9,2,41,36,33,27,18,50,3,5,37,27,11,21,35,7,34,47,1,8,6,38,22,46,29,15,28,19,43,26$10.0
73$32,40,31,46,4,13,20,44,17,31,14,16,3,48,42,30,34,4,12,49,9,2,41,36,33,27,18,50,3,5,37,27,11,21,35,18,34,47,1,8,6,38,22,42,29,15,28,19,43,26$9.0
74$32,40,31,46,4,13,20,44,17,31,14,16,3,48,42,30,34,4,12,49,9,2,41,36,33,27,18,50,3,5,37,27,11,21,35,18,34,47,1,8,6,38,22,42,29,15,28,19,43,26$9.0
75$32,40,31,46,4,13,20,44,17,31,14,16,3,48,42,30,34,4,12,49,9,2,41,36,33,27,18,50,3,5,37,27,11,21,35,18,34,47,1,8,6,38,22,42,29,15,28,19,43,26$9.0
76$32,40,31,46,4,13,30,44,17,31,14,16,3,48,42,30,22,4,12,49,9,2,41,36,33,27,18,50,3,5,37,27,11,21,35,18,34,47,1,8,6,38,22,46,29,15,28,19,43,26$10.0
77$32,40,31,46,4,13,30,44,17,31,14,16,23,48,42,30,22,4,12,49,9,2,41,36,33,27,18,50,3,5,37,27,11,21,35,18,34,47,1,8,6,38,22,46,29,15,28,19,43,26$9.0
78$32,40,31,46,4,13,20,44,17,31,14,16,23,48,42,30,22,4,12,49,9,2,41,36,33,27,18,50,3,5,37,27,11,21,35,18,34,47,1,8,6,38,22,46,29,15,28,19,43,26$8.0
78$32,40,31,46,4,13,20,44,17,31,14,16,23,48,42,30,22,4,12,49,9,2,41,36,33,27,18,50,3,5,37,27,11,21,35,18,34,47,1,8,6,38,22,46,29,15,28,19,43,26$8.0
79$32,40,31,46,4,13,20,44,17,31,14,16,23,48,42,30,22,4,12,49,9,2,41,36,33,27,18,50,3,5,37,27,11,21,35,7,34,47,1,8,6,38,22,46,29,15,28,19,43,26$9.0
80$32,40,31,46,4,13,20,44,17,31,14,16,23,48,42,30,22,4,12,49,9,2,41,36,33,27,18,50,3,5,37,27,11,21,35,7,34,47,1,8,6,38,22,46,29,15,28,19,43,26$9.0
81$32,40,36,46,4,13,30,44,17,31,14,16,23,48,42,30,34,4,12,49,9,2,41,36,33,27,18,50,3,5,37,27,11,21,35,18,34,47,1,8,6,38,22,46,29,15,28,19,43,26$9.0
82$32,40,31,46,4,13,20,44,17,31,14,16,23,48,42,30,34,4,12,49,9,2,41,36,33,27,18,50,3,5,37,27,11,21,35,18,34,47,1,8,6,38,22,46,29,15,28,19,43,26$8.0
83$32,40,31,46,4,13,30,44,17,31,14,16,23,48,42,30,34,4,12,49,9,2,41,36,33,27,18,50,3,5,37,27,11,21,35,18,34,47,1,8,6,38,22,46,29,15,28,19,43,26$9.0
84$32,40,31,46,4,13,20,44,17,31,14,16,23,48,42,30,34,4,12,49,9,2,41,36,33,27,18,50,3,5,37,27,11,21,35,18,34,47,1,8,6,38,22,46,29,15,28,19,43,26$8.0
85$32,40,31,46,4,13,20,44,17,31,14,16,3,48,42,30,22,4,12,49,9,2,41,36,33,27,18,50,3,5,37,27,11,21,35,13,34,47,1,8,6,38,22,46,29,15,28,19,43,26$9.0
86$32,40,31,46,4,13,20,44,17,31,14,16,23,48,42,30,34,4,12,49,9,2,41,36,33,27,18,50,3,5,37,27,11,21,35,13,34,47,1,8,6,38,22,46,29,15,28,19,43,26$8.0
87$32,40,31,46,4,13,20,44,17,31,14,16,23,48,42,30,34,4,12,49,9,2,41,36,33,27,18,50,3,5,37,27,11,21,35,13,34,47,1,8,6,38,41,46,29,15,28,19,43,26$9.0
88$25,40,31,46,4,13,30,44,40,31,14,16,23,48,42,30,34,4,12,49,9,2,41,36,33,27,18,50,3,5,37,27,11,21,35,18,34,47,1,8,6,38,22,46,29,15,28,19,43,26$8.0
89$32,40,31,46,38,13,20,44,17,31,14,16,23,48,42,30,34,4,12,49,9,2,41,36,33,27,18,50,3,5,37,27,11,21,35,13,34,47,1,8,6,38,22,46,29,15,28,19,43,26$8.0
90$32,40,31,46,38,13,20,44,17,31,14,16,23,48,42,30,22,4,12,49,9,2,41,36,33,27,18,50,3,5,37,27,11,21,35,18,34,47,1,8,6,38,22,46,29,15,28,19,43,26$8.0
91$32,40,31,46,4,13,20,44,17,31,14,16,23,48,42,30,34,4,12,49,9,2,41,36,33,27,18,50,3,5,37,27,11,21,35,13,34,47,1,8,6,38,22,46,29,15,28,19,43,26$8.0
92$32,40,31,46,4,13,20,44,17,31,14,16,23,48,42,30,22,4,12,49,9,2,41,36,33,27,18,50,3,5,37,27,11,21,35,18,34,47,1,8,6,38,22,46,29,15,28,19,43,26$8.0
93$32,40,31,46,4,13,20,44,17,31,14,16,23,48,42,30,34,4,12,49,9,2,41,36,33,27,18,50,3,5,37,27,11,21,35,13,34,47,1,8,6,38,22,46,29,15,28,19,43,26$8.0
94$32,40,31,46,4,13,20,44,17,31,14,16,23,48,42,30,34,4,12,49,9,2,41,36,33,27,18,50,3,5,37,27,11,21,35,18,34,47,1,8,6,38,22,46,29,15,28,19,43,26$8.0
95$32,40,31,46,4,13,20,44,17,31,14,16,23,48,42,30,22,4,12,49,9,2,41,36,33,27,18,50,3,5,37,27,11,21,35,13,34,47,1,8,6,38,22,46,29,15,28,19,43,26$8.0
96$32,40,31,46,4,13,20,44,17,31,14,16,23,48,42,30,22,4,12,49,9,2,41,36,33,27,18,50,3,5,37,27,11,21,35,18,34,47,1,8,6,38,22,46,29,15,28,19,43,26$8.0
97$32,40,31,46,4,13,20,44,17,31,14,16,23,48,42,30,22,4,12,49,9,2,41,36,33,27,18,50,3,5,37,27,11,21,35,18,34,47,1,8,6,38,22,46,29,15,28,25,43,26$8.0
98$32,40,31,46,4,13,20,44,17,31,14,16,23,48,42,30,22,4,12,49,9,2,41,36,33,27,18,50,3,5,37,27,11,21,35,18,34,47,1,8,6,38,22,46,29,15,28,19,43,26$8.0
99$32,40,31,46,4,13,20,44,17,31,14,16,23,48,42,30,22,4,12,49,9,2,41,36,33,27,18,50,3,5,37,27,11,21,35,18,34,47,1,8,6,38,22,46,29,15,28,19,43,26$8.0
100$32,40,31,46,4,13,20,44,34,31,14,16,23,48,42,30,22,4,12,49,9,2,41,36,33,27,18,50,3,5,37,27,11,21,35,13,34,47,1,8,6,38,22,46,29,15,28,19,43,26$7.0
100$32,40,31,46,4,13,20,44,34,31,14,16,23,48,42,30,22,4,12,49,9,2,41,36,33,27,18,50,3,5,37,27,11,21,35,13,34,47,1,8,6,38,22,46,29,15,28,19,43,26$7.0
101$32,40,31,46,4,13,20,44,17,31,14,16,23,48,42,30,34,4,12,49,9,2,41,36,33,27,18,50,3,5,37,27,11,21,35,18,34,47,1,8,6,38,22,33,29,15,28,19,43,26$8.0
102$32,40,31,46,4,13,20,44,17,31,14,16,23,48,42,30,34,4,12,49,9,2,41,36,33,27,18,50,3,5,37,27,11,21,35,18,34,47,1,8,6,38,22,46,29,15,28,25,43,26$8.0
103$32,40,31,46,4,13,20,44,34,31,14,16,23,48,42,30,22,4,12,49,9,2,41,36,33,27,18,50,3,5,37,27,11,21,35,18,34,47,1,8,6,38,22,46,29,15,28,19,43,26$7.0
104$32,40,31,46,4,13,20,44,34,31,14,16,23,48,42,30,22,4,12,49,9,2,41,36,33,27,18,50,3,5,37,27,11,21,35,18,34,47,1,8,6,38,22,33,29,15,28,19,43,26$7.0
105$32,40,31,46,4,13,20,44,34,31,14,16,23,48,42,30,22,4,12,49,9,2,41,36,33,27,18,50,3,5,37,27,11,21,35,18,34,47,1,8,6,38,22,46,29,15,28,25,43,26$7.0
106$32,40,31,46,4,13,20,44,34,31,14,16,23,48,42,30,22,4,12,49,9,2,41,36,33,27,18,50,3,5,37,27,11,21,35,18,34,47,1,8,6,38,22,46,29,15,28,19,43,26$7.0
107$32,40,31,46,24,13,20,44,17,31,14,16,23,48,42,30,34,4,12,49,9,2,41,36,33,27,18,50,3,5,37,27,11,21,35,18,34,47,1,8,6,38,22,46,29,15,28,19,43,26$7.0
108$32,40,31,46,16,13,20,44,34,31,14,16,23,48,42,30,22,4,12,49,9,2,41,36,33,27,18,50,3,5,37,27,11,21,35,18,34,47,1,8,6,38,41,5,29,15,28,19,43,26$7.0
109$32,40,31,46,4,17,20,44,34,31,14,16,23,48,42,30,22,4,12,49,9,2,41,36,33,27,18,50,3,5,37,27,11,21,35,18,34,47,1,8,6,38,22,5,29,15,28,19,43,26$7.0
110$32,40,31,46,4,13,20,44,34,31,14,16,23,48,42,30,22,4,12,49,9,2,41,36,33,27,18,50,3,5,37,27,11,21,35,18,34,47,1,8,6,38,22,46,29,15,28,19,43,26$7.0
111$32,40,31,46,4,13,20,44,34,31,14,16,23,48,42,30,22,4,12,49,9,2,41,36,33,27,18,50,3,5,37,27,11,21,35,18,34,47,1,8,6,38,22,46,29,15,28,19,43,26$7.0
112$32,40,31,46,4,13,20,44,34,31,14,16,23,48,42,30,6,4,12,49,9,2,41,36,33,27,18,50,3,5,37,27,11,21,35,18,34,47,1,8,6,38,22,46,29,15,28,19,43,26$7.0
113$32,40,31,46,4,13,20,44,34,31,14,16,23,48,42,30,22,4,12,49,9,2,41,36,33,27,18,50,3,5,37,27,11,21,35,18,34,47,1,8,6,38,22,46,29,15,28,25,43,26$7.0
114$32,40,31,46,4,13,20,44,34,31,14,16,23,48,42,30,22,4,12,49,9,2,41,36,33,27,18,50,3,5,37,27,11,21,35,18,34,47,1,8,6,38,22,46,29,15,28,19,43,26$7.0
115$32,40,31,46,16,13,20,44,7,31,14,16,23,48,42,30,22,4,12,49,9,2,41,36,33,11,18,50,3,5,37,27,11,21,35,18,34,47,1,8,6,38,22,46,29,15,28,19,43,26$6.0
115$32,40,31,46,16,13,20,44,7,31,14,16,23,48,42,30,22,4,12,49,9,2,41,36,33,11,18,50,3,5,37,27,11,21,35,18,34,47,1,8,6,38,22,46,29,15,28,19,43,26$6.0
116$32,40,31,46,16,13,20,44,7,31,14,16,23,48,42,30,22,4,12,49,9,2,41,36,33,11,18,50,3,5,37,27,11,21,35,18,34,47,1,8,6,38,22,46,29,15,28,19,43,26$6.0
117$32,40,31,46,16,13,20,44,7,31,14,16,23,48,42,30,34,4,12,49,9,2,41,36,33,27,18,50,3,5,37,27,11,21,35,18,34,28,1,8,6,38,22,46,29,15,39,19,43,26$6.0
118$32,40,31,46,4,13,20,44,7,31,14,16,23,48,42,30,34,4,12,49,9,2,41,36,33,27,18,50,3,5,37,27,11,21,35,18,34,47,1,8,6,38,22,46,29,15,28,19,43,26$6.0
119$32,40,31,46,16,13,20,44,7,31,14,16,23,48,42,30,22,4,12,49,9,2,41,36,33,11,18,50,3,5,37,27,11,21,35,18,34,47,1,8,6,38,22,46,29,15,28,19,43,26$6.0
120$32,40,31,46,16,13,20,44,7,31,14,16,23,48,42,30,6,4,12,49,9,2,41,36,33,27,18,50,3,5,37,27,11,21,35,18,34,47,1,8,6,38,22,46,29,15,39,19,43,26$6.0
121$32,40,31,46,4,13,20,44,7,31,14,16,23,48,42,30,34,4,12,49,9,2,41,36,33,27,18,50,3,5,37,27,11,21,35,18,34,47,1,8,6,38,22,46,29,15,28,19,43,26$6.0
122$32,40,31,46,4,13,20,44,7,31,14,16,23,48,42,30,6,4,12,49,9,2,41,36,33,27,18,50,3,5,37,27,11,21,35,18,34,47,1,8,6,38,22,46,29,15,28,19,43,26$6.0
123$32,40,31,46,4,13,20,44,7,31,14,16,23,48,42,30,6,4,12,49,9,2,41,36,33,11,18,50,3,5,37,27,11,21,35,18,34,47,1,8,6,38,22,46,29,15,28,19,43,26$6.0
124$32,40,31,46,4,13,20,44,7,31,14,16,23,48,42,30,6,4,12,49,9,2,41,36,33,11,18,50,3,5,37,27,11,21,35,18,34,47,1,8,6,38,22,46,29,15,28,19,43,26$6.0
125$32,40,31,46,4,13,20,44,7,31,14,16,23,48,42,30,6,4,12,49,9,2,41,36,33,11,18,50,3,5,37,27,11,21,35,18,34,47,1,8,6,38,22,46,29,15,28,19,43,26$6.0
126$32,40,31,46,4,13,20,44,7,31,14,16,23,48,42,30,6,4,12,49,9,2,41,36,33,11,18,50,3,5,37,27,11,21,35,18,34,47,1,8,6,38,22,46,29,15,28,19,43,26$6.0
127$32,40,31,46,4,13,20,44,7,31,14,16,23,48,42,30,22,4,12,49,9,2,41,36,33,11,18,50,3,5,37,27,11,21,35,18,34,47,1,8,6,38,22,46,29,15,28,19,43,26$6.0
128$32,40,31,46,4,13,20,44,7,31,14,16,23,48,42,30,34,4,12,49,9,2,41,36,33,11,18,50,3,5,37,27,11,21,35,18,34,47,1,8,6,38,22,46,29,15,28,19,43,26$6.0
129$32,40,31,46,4,13,20,44,7,31,14,16,23,48,42,30,22,4,12,49,9,2,41,36,33,11,18,50,3,5,37,27,11,21,35,18,34,47,1,8,6,38,22,46,29,15,28,19,43,26$6.0
130$32,40,31,46,4,13,20,44,7,31,14,16,23,48,42,30,34,4,12,49,9,2,41,36,33,11,18,50,3,5,37,27,11,21,35,18,34,47,1,8,6,38,22,46,29,15,28,19,43,26$6.0
131$32,40,31,46,4,13,20,44,7,43,14,16,23,48,42,30,6,4,12,49,9,2,41,36,33,3,18,45,3,5,37,27,11,21,35,18,34,47,1,8,6,38,22,46,29,15,28,19,43,26$6.0
132$32,40,31,46,4,13,20,44,7,31,14,16,23,48,42,30,22,4,12,49,9,2,41,36,33,11,18,50,3,5,37,27,11,21,35,18,34,47,1,8,6,38,22,46,29,15,28,19,43,26$6.0
133$32,40,14,46,4,13,20,44,7,31,14,16,23,48,42,30,34,4,12,49,9,2,41,36,33,11,18,50,3,5,37,27,11,21,35,18,34,47,1,8,6,38,22,46,29,15,28,19,43,26$6.0
134$32,40,31,46,4,13,20,44,7,31,14,16,23,48,42,30,34,4,12,49,9,2,41,36,33,11,18,50,3,5,37,27,11,21,35,18,34,47,1,8,6,38,22,46,29,15,28,19,43,26$6.0
135$32,40,31,46,4,13,20,44,7,31,14,16,23,48,42,30,6,4,12,49,9,2,41,36,33,11,18,50,3,5,37,27,11,21,35,18,34,47,1,8,6,38,22,46,29,15,28,19,43,26$6.0
136$32,40,31,46,4,13,20,44,7,31,14,16,23,48,42,30,6,4,12,49,9,2,41,36,33,11,18,50,3,5,37,27,11,21,35,18,34,47,1,8,6,38,22,46,29,15,28,19,43,26$6.0
137$32,40,31,46,4,13,20,44,7,31,14,16,23,48,42,30,34,4,12,49,9,2,41,36,33,11,18,50,3,5,37,27,11,21,35,18,34,47,1,8,6,38,22,46,29,15,28,19,43,26$6.0
138$32,40,31,46,4,13,20,44,7,31,14,16,23,48,42,30,22,4,12,49,9,2,41,36,33,11,18,50,3,5,37,27,11,21,35,18,34,47,1,8,6,38,22,46,29,15,28,19,43,26$6.0
139$32,40,31,46,4,13,20,44,7,31,14,16,23,48,42,30,22,4,12,49,9,2,41,36,33,11,18,50,3,5,37,27,11,21,35,18,34,47,1,8,6,38,22,46,29,15,28,19,43,26$6.0
140$32,40,31,46,4,13,20,44,7,31,14,16,23,48,42,30,22,4,12,49,9,2,41,36,33,27,18,50,3,5,37,27,11,21,35,18,34,47,1,8,6,38,22,46,29,15,28,19,43,26$6.0
141$32,40,31,46,4,13,20,44,7,31,14,16,23,48,42,30,6,4,12,49,9,2,41,36,33,11,18,50,3,5,37,27,11,21,35,18,34,47,1,8,6,38,22,45,29,15,28,19,43,26$5.0
141$32,40,31,46,4,13,20,44,7,31,14,16,23,48,42,30,6,4,12,49,9,2,41,36,33,11,18,50,3,5,37,27,11,21,35,18,34,47,1,8,6,38,22,45,29,15,28,19,43,26$5.0
142$32,40,31,46,4,13,20,44,7,31,14,16,23,48,42,30,6,4,12,49,9,2,41,36,33,11,18,50,3,5,37,27,11,21,35,18,34,47,1,8,6,38,22,45,29,15,28,19,43,26$5.0
143$32,40,31,46,4,13,20,44,7,31,14,16,23,48,42,30,6,4,12,49,9,2,41,36,33,11,18,50,3,5,37,27,11,21,35,18,34,47,1,8,6,38,22,45,29,15,28,19,43,26$5.0
144$32,40,31,46,4,13,20,44,7,31,14,16,23,48,42,30,6,4,12,49,9,2,41,36,33,11,18,50,3,5,37,27,11,21,35,18,34,47,1,8,6,38,22,45,29,15,28,19,43,26$5.0
145$32,40,31,46,44,13,20,44,7,31,14,16,23,48,42,30,34,4,12,49,9,2,41,36,33,11,18,50,3,5,37,27,11,21,35,18,34,47,1,8,6,38,22,45,29,15,28,19,43,26$5.0
146$32,40,31,46,4,13,20,44,7,31,14,16,23,48,42,30,6,4,12,49,9,2,41,36,33,11,18,50,3,5,37,27,11,21,35,18,34,47,1,8,6,38,22,46,29,15,28,19,43,26$6.0
147$32,40,31,46,4,13,20,44,7,31,14,16,23,48,42,30,22,4,12,49,9,2,41,36,33,11,18,50,3,5,37,27,11,21,35,18,34,47,1,8,6,38,22,46,29,15,28,19,43,26$6.0
148$32,40,31,46,4,13,20,44,7,31,14,16,23,48,42,30,22,4,12,49,9,2,41,36,33,11,18,50,3,5,37,27,11,21,35,18,34,47,1,8,6,38,22,46,29,15,28,19,43,26$6.0
149$32,40,31,46,4,13,20,44,7,31,14,16,23,48,42,30,49,4,12,49,9,2,41,36,33,11,18,50,3,5,37,27,11,21,35,18,34,47,1,8,6,38,22,46,29,15,28,19,43,26$6.0
150$32,40,31,46,4,13,20,44,7,31,14,16,23,48,42,30,34,4,12,49,9,2,41,36,33,11,18,50,3,5,37,27,11,21,35,18,34,47,1,8,6,38,22,46,29,15,28,19,43,26$6.0
151$32,40,31,46,4,13,20,44,7,31,14,16,23,48,42,30,34,4,12,49,9,2,41,36,33,11,18,50,3,5,37,27,11,21,35,18,34,47,1,8,6,38,22,45,29,15,28,19,43,26$5.0
152$32,40,31,46,4,13,20,44,7,31,14,16,23,48,42,30,6,4,12,49,9,2,41,36,33,11,18,50,3,5,37,27,11,21,35,18,34,47,1,8,6,38,22,45,29,15,28,19,43,26$5.0
153$32,40,31,46,4,13,20,44,7,31,14,16,23,48,42,30,49,4,12,49,9,2,41,36,33,11,18,50,3,5,37,27,11,21,35,18,34,47,1,8,6,38,22,45,29,15,28,19,43,26$5.0
154$32,40,31,46,4,13,20,44,7,31,14,16,23,48,42,30,6,4,12,49,9,2,41,36,33,11,18,50,3,5,37,27,11,21,35,18,34,47,1,8,6,38,22,45,29,15,28,19,43,26$5.0
155$32,40,31,46,4,13,20,44,7,31,14,16,23,48,42,30,49,4,12,49,9,2,41,36,33,11,18,50,3,5,37,27,11,21,35,18,34,47,1,8,6,38,22,45,29,15,28,19,43,26$5.0
156$32,40,31,46,4,13,20,44,7,31,14,16,23,48,42,30,6,4,12,49,9,2,41,36,33,11,18,50,3,5,37,27,11,21,35,18,34,47,1,8,6,38,22,45,29,15,28,19,43,26$5.0
157$32,40,31,46,44,13,20,44,7,31,14,16,23,48,42,30,6,4,12,49,9,2,41,36,33,11,18,50,3,5,37,27,11,21,35,18,34,47,1,8,6,38,22,45,29,15,28,19,43,26$5.0
158$32,40,31,46,4,13,20,44,7,31,14,16,23,48,42,30,49,4,12,49,9,2,41,36,33,11,18,50,3,5,37,27,11,21,35,18,34,47,1,8,6,38,22,45,29,15,28,19,43,26$5.0
159$32,40,31,46,4,13,20,44,7,31,14,16,23,48,42,30,49,4,12,49,9,2,41,36,33,11,18,50,3,5,37,27,11,21,35,18,34,47,1,8,6,38,22,45,29,15,28,19,43,26$5.0
160$32,40,31,46,44,13,20,44,7,31,14,16,23,48,42,30,6,4,12,49,9,2,41,36,33,11,18,50,3,5,37,27,5,21,35,18,34,47,1,8,6,38,22,45,29,15,28,19,43,26$5.0
161$32,40,31,46,44,13,20,44,7,31,14,16,23,48,42,30,6,4,12,49,9,2,41,36,33,11,18,50,3,5,37,27,11,21,35,18,34,47,1,8,6,38,22,45,29,15,28,19,43,26$5.0
162$32,40,31,46,4,13,20,44,7,31,14,16,23,48,42,30,6,4,12,49,9,2,41,36,33,11,18,50,3,5,37,27,11,21,35,18,34,47,1,8,6,38,22,45,29,15,28,19,43,26$5.0
163$32,40,31,46,4,13,20,44,7,31,14,16,23,48,42,30,49,4,12,49,9,2,41,36,33,11,18,50,3,5,37,27,11,21,35,18,34,47,1,8,6,38,22,45,29,15,28,19,43,26$5.0
164$32,40,23,46,4,13,20,44,7,31,14,16,23,48,42,30,6,4,12,49,9,2,41,36,33,11,18,50,3,5,37,27,11,21,35,18,34,47,1,8,6,38,22,45,29,15,28,19,43,26$5.0
165$32,40,31,46,44,13,20,44,7,31,14,16,23,48,42,30,6,4,12,49,9,2,41,36,33,11,18,50,3,5,37,27,11,21,35,18,34,47,1,8,6,38,22,45,29,15,28,19,43,26$5.0
166$32,40,31,46,4,13,20,44,7,31,14,16,23,48,42,30,49,4,12,49,9,2,41,36,33,11,18,50,3,5,37,27,11,21,35,18,34,47,1,8,6,38,22,45,29,15,28,19,43,26$5.0
167$32,40,23,46,4,13,20,44,7,31,14,16,23,48,42,30,49,4,12,49,9,2,41,36,33,11,18,50,3,5,37,27,11,21,35,18,34,47,1,8,6,38,22,45,29,15,28,19,43,26$5.0
168$32,40,31,46,4,13,20,44,7,31,14,16,23,48,42,30,6,4,12,49,9,2,41,36,33,11,18,50,3,5,37,27,11,21,35,18,34,47,1,8,6,38,22,45,29,15,28,19,43,26$5.0
169$32,40,31,46,4,13,20,44,7,31,14,16,23,48,42,30,49,4,12,49,9,2,41,36,33,11,18,50,3,5,37,27,11,21,35,18,34,47,1,8,6,38,22,45,29,15,28,19,43,26$5.0
170$32,40,23,46,4,13,20,44,7,31,14,16,23,48,42,30,6,4,12,49,9,2,41,36,33,11,18,50,3,5,37,27,5,21,35,18,34,47,1,8,6,38,22,45,29,15,28,19,43,26$5.0
171$32,40,31,46,44,13,20,44,7,31,14,16,23,48,42,30,6,4,12,49,9,2,41,36,33,11,26,50,3,5,37,27,11,21,35,18,34,47,1,8,6,38,22,45,29,15,28,19,43,26$5.0
172$32,40,31,46,44,13,20,44,7,31,14,16,23,48,42,30,6,4,12,49,9,2,41,36,33,11,18,50,3,5,37,27,11,21,35,18,34,47,1,8,6,38,22,45,29,15,28,19,43,26$5.0
173$32,40,31,46,44,13,20,44,7,31,14,16,23,48,42,30,6,4,12,49,9,2,41,36,33,11,18,50,3,5,37,27,11,21,35,18,34,47,1,8,6,38,22,45,29,15,28,19,43,26$5.0
174$32,40,31,46,44,13,20,44,7,31,14,16,23,48,42,30,6,4,12,49,9,2,41,36,33,11,18,50,3,5,37,27,11,21,35,18,34,47,1,8,6,38,22,45,29,15,28,19,43,26$5.0
175$32,40,31,46,44,13,20,44,7,31,14,16,23,48,42,30,49,4,12,49,9,2,41,36,33,11,18,50,3,5,37,27,11,21,35,18,34,47,1,8,6,38,22,45,29,15,28,19,43,26$5.0
176$32,40,31,46,44,13,20,44,7,31,14,16,23,48,42,30,6,4,12,49,9,2,41,36,33,11,18,50,3,5,37,27,11,21,35,18,34,47,1,8,6,38,22,45,29,15,28,19,43,26$5.0
177$32,40,31,46,44,13,20,44,7,31,14,16,23,48,42,30,6,4,12,49,9,2,41,36,33,11,18,50,3,5,37,27,11,21,35,18,34,47,1,8,6,38,22,45,29,15,28,19,43,26$5.0
178$32,40,31,46,44,13,20,44,7,31,14,16,23,48,42,30,6,4,12,49,9,2,41,36,33,11,18,50,3,5,37,27,11,21,35,18,34,47,1,8,6,38,22,45,29,15,28,19,43,26$5.0
179$32,40,31,46,44,13,20,44,7,31,14,16,23,48,42,30,6,4,12,49,9,2,41,36,33,11,18,50,3,5,37,27,10,21,35,18,34,47,1,8,6,38,22,45,29,15,28,19,43,26$4.0
179$32,40,31,46,44,13,20,44,7,31,14,16,23,48,42,30,6,4,12,49,9,2,41,36,33,11,18,50,3,5,37,27,10,21,35,18,34,47,1,8,6,38,22,45,29,15,28,19,43,26$4.0
180$32,40,31,46,44,13,20,44,7,31,14,16,23,48,42,30,6,4,12,49,9,2,41,36,33,11,18,50,3,5,37,27,11,21,35,18,34,47,1,8,6,38,22,45,29,15,28,19,43,26$5.0
181$32,40,31,46,44,13,20,44,7,31,14,16,23,48,42,30,6,4,12,49,9,2,41,36,33,11,18,50,3,5,37,27,11,21,35,18,34,47,1,8,6,38,22,45,29,15,28,19,43,26$5.0
182$32,40,31,46,44,13,20,44,7,31,14,16,23,48,42,30,49,4,12,49,9,2,41,36,33,11,18,50,3,5,37,27,11,21,35,18,34,47,1,8,6,38,22,45,29,15,28,19,43,26$5.0
183$32,40,31,46,44,13,20,44,7,31,14,16,23,48,42,30,6,4,12,49,9,2,41,36,33,11,18,50,3,5,37,27,11,21,35,18,34,47,1,8,6,38,22,45,29,15,28,19,43,26$5.0
184$32,40,23,46,4,13,20,44,7,31,14,16,23,48,42,30,49,4,12,49,9,2,41,36,33,11,18,50,3,5,37,27,11,21,35,18,34,47,1,8,6,38,22,45,29,15,28,19,43,26$5.0
185$32,40,31,46,44,13,20,44,7,31,14,16,23,48,42,30,6,4,12,49,9,2,41,36,33,11,18,50,3,5,37,27,10,21,35,18,34,47,1,8,6,38,22,45,29,15,28,19,43,26$4.0
186$32,40,31,46,44,13,20,44,7,31,14,16,23,48,42,30,6,4,12,49,9,2,41,36,33,11,18,50,3,5,37,27,11,21,35,18,34,47,1,8,6,38,22,45,29,15,28,19,43,26$5.0
187$32,40,23,46,4,13,20,44,7,31,14,16,23,48,42,30,6,4,12,49,9,2,41,36,33,11,18,50,3,5,37,27,11,21,35,18,34,47,1,8,6,38,22,45,29,15,28,19,43,26$5.0
188$32,40,31,46,44,13,20,44,7,31,14,16,23,48,42,30,34,4,12,49,9,2,41,36,33,11,18,50,3,5,37,27,11,21,35,18,34,47,1,8,6,38,22,45,29,15,28,19,43,26$5.0
189$32,40,31,46,44,13,20,44,7,31,14,16,23,48,42,30,6,4,12,49,9,2,41,36,33,11,18,50,3,5,37,27,23,21,35,18,34,47,1,8,6,38,22,45,29,15,28,19,43,26$5.0
190$32,40,23,46,4,13,20,44,7,31,14,16,23,48,42,30,49,4,12,49,9,2,41,36,33,11,18,50,3,5,37,27,11,21,35,18,34,47,1,8,6,38,22,45,29,15,28,19,43,26$5.0
191$32,40,31,46,44,13,20,44,7,31,14,16,23,48,42,30,49,4,12,49,9,2,41,36,33,11,18,50,3,5,37,27,11,21,35,18,34,47,1,8,6,38,22,45,29,15,28,19,43,26$5.0
192$32,40,31,46,44,13,20,44,7,31,14,16,23,48,42,30,49,4,12,49,9,2,41,36,33,25,18,50,3,5,37,27,11,21,35,18,34,47,1,8,6,38,22,45,29,15,28,19,43,26$4.0
193$32,40,31,46,44,13,20,44,7,31,14,16,23,48,42,30,49,4,12,49,9,2,41,36,33,25,18,50,3,5,37,27,11,21,35,18,34,47,1,8,6,38,22,45,29,15,28,19,43,26$4.0
194$32,40,31,46,44,13,20,44,7,31,14,16,23,48,42,30,49,4,12,49,9,2,41,36,33,25,18,50,3,5,37,27,11,21,35,18,34,47,1,8,6,38,22,45,29,15,28,19,43,26$4.0
195$32,40,31,46,44,13,20,44,7,31,14,16,23,48,42,30,49,4,12,49,9,2,41,36,33,25,18,50,3,5,37,27,11,21,35,18,34,47,1,8,6,38,22,45,29,15,28,19,43,26$4.0
196$32,40,31,46,44,13,20,44,7,31,14,16,23,48,42,30,49,4,12,49,9,2,41,36,33,25,18,50,3,5,37,27,11,21,35,18,34,47,1,8,6,38,22,45,29,15,28,19,43,26$4.0
197$32,40,31,46,10,13,20,44,7,31,14,16,23,48,42,30,49,4,12,49,9,2,41,36,33,11,18,50,3,5,37,27,11,21,35,18,34,47,1,8,6,38,22,45,29,15,28,19,43,26$4.0
198$32,40,31,46,10,13,20,44,7,31,14,16,23,48,42,30,49,4,12,49,9,2,41,36,33,11,18,50,3,5,37,27,11,21,35,18,34,47,1,8,6,38,22,45,29,15,28,19,43,26$4.0
199$32,40,31,46,10,13,20,44,7,31,14,16,23,48,42,30,49,4,12,49,9,2,41,36,33,11,18,50,3,5,37,27,11,21,35,18,34,47,1,8,6,38,22,45,29,15,28,19,43,26$4.0
200$32,40,31,46,44,13,20,44,7,31,14,16,23,48,42,30,49,4,12,49,9,2,41,36,33,25,18,50,3,5,37,27,11,21,35,18,34,47,1,8,6,38,22,45,29,15,28,19,43,26$4.0
201$32,40,31,46,44,13,20,44,7,31,14,16,23,48,42,30,49,4,12,49,9,2,41,36,33,25,18,50,3,5,37,27,11,21,35,18,34,47,1,8,6,38,22,45,29,15,28,19,43,26$4.0
202$32,40,31,46,44,13,20,44,7,31,14,16,23,48,42,30,49,4,12,49,9,2,41,36,33,25,18,50,3,5,37,27,11,21,35,18,34,47,1,8,6,38,22,45,29,15,28,19,43,26$4.0
203$32,40,31,46,44,13,20,44,7,31,14,16,23,48,42,30,49,4,12,49,9,2,41,36,33,25,18,50,3,5,37,27,11,21,35,18,34,47,1,8,6,38,22,45,29,15,28,19,43,26$4.0
204$32,40,31,46,10,13,20,44,7,31,14,16,23,48,42,30,49,4,12,49,9,2,41,36,33,25,18,50,3,5,37,27,11,21,35,18,34,47,1,8,6,38,22,45,29,15,28,19,43,26$3.0
204$32,40,31,46,10,13,20,44,7,31,14,16,23,48,42,30,49,4,12,49,9,2,41,36,33,25,18,50,3,5,37,27,11,21,35,18,34,47,1,8,6,38,22,45,29,15,28,19,43,26$3.0
205$32,40,31,46,10,13,20,44,7,31,14,16,23,48,42,30,49,4,12,49,9,2,41,36,33,25,18,50,3,5,37,27,11,21,35,18,34,47,1,8,6,38,22,45,29,15,28,19,43,26$3.0
206$32,40,31,46,10,13,20,44,7,31,14,16,23,48,42,30,49,4,12,49,9,2,41,36,33,25,18,50,3,5,37,27,11,21,35,18,34,47,1,8,6,38,22,45,29,15,28,19,43,26$3.0
207$32,40,31,46,10,13,20,44,7,31,14,16,23,48,42,30,49,4,12,49,9,2,41,36,33,25,18,50,3,5,37,27,11,21,35,18,34,47,1,8,6,38,22,45,29,15,28,19,43,26$3.0
208$32,40,31,46,10,13,20,44,7,31,14,16,23,48,42,30,49,4,12,49,9,2,41,36,33,25,18,50,3,5,37,27,11,21,35,18,34,47,1,8,6,38,22,45,29,15,28,19,43,26$3.0
209$32,40,31,46,10,13,20,44,7,31,14,16,23,48,42,30,49,4,12,49,9,2,41,36,33,25,18,50,3,5,37,27,11,21,35,18,34,47,1,8,6,38,22,45,29,15,28,19,43,26$3.0
210$32,40,31,46,10,13,20,44,7,31,14,16,23,48,42,30,49,4,12,49,9,2,41,36,33,25,18,50,3,5,37,27,11,21,35,18,34,47,1,8,6,38,22,45,29,15,28,19,43,26$3.0
211$32,40,31,46,10,13,20,44,7,31,14,16,23,48,42,30,49,4,12,49,9,2,41,36,33,25,18,50,3,5,37,27,11,21,35,18,34,47,1,8,6,38,22,45,29,15,28,19,43,26$3.0
212$32,40,31,46,10,13,20,44,7,31,14,16,23,48,42,30,49,4,12,49,9,2,41,36,33,25,18,50,3,5,37,27,11,21,35,18,34,47,1,8,6,38,22,45,29,15,28,19,43,26$3.0
213$32,40,31,46,10,13,20,44,7,31,14,16,23,48,42,30,49,4,12,49,9,2,41,36,33,25,18,50,3,5,37,27,11,21,35,18,34,47,1,8,6,38,22,45,29,15,28,19,43,26$3.0
214$32,40,31,46,10,13,20,44,7,31,14,16,23,48,42,30,49,4,12,49,9,2,41,36,33,25,18,50,3,5,37,27,11,21,35,18,34,47,1,8,6,38,22,45,29,15,28,19,43,26$3.0
215$32,40,31,46,10,13,20,44,7,31,14,16,23,48,42,30,49,4,12,49,9,2,41,36,33,25,18,50,3,5,37,27,11,21,35,18,34,47,1,8,6,38,22,45,29,15,28,19,43,26$3.0
216$32,40,31,46,10,13,20,44,7,31,14,16,23,48,42,30,49,4,12,49,9,2,41,36,33,25,18,50,3,5,37,27,11,21,35,18,34,47,1,8,6,38,22,45,29,15,28,19,43,26$3.0
217$32,40,31,46,10,13,20,44,7,31,14,16,23,48,42,30,49,4,12,49,9,2,41,36,33,25,16,50,3,5,37,27,11,21,35,18,34,47,1,8,6,38,22,45,29,15,28,19,43,26$3.0
218$32,40,31,46,10,13,20,44,7,31,14,16,23,48,42,30,49,4,12,49,9,2,41,36,33,25,16,50,3,5,37,27,11,21,35,18,34,47,1,8,6,38,22,45,29,15,28,19,43,26$3.0
219$32,40,31,46,10,13,20,44,7,31,14,16,23,48,42,30,49,4,12,49,9,2,41,36,33,25,18,50,3,5,37,27,11,21,35,18,34,47,1,8,6,38,22,45,29,15,28,19,43,26$3.0
220$32,40,31,46,10,13,20,44,7,31,14,16,23,48,42,30,49,4,12,49,9,2,41,36,33,25,18,50,3,5,37,27,11,21,35,18,34,47,1,8,6,38,22,45,29,15,28,19,43,26$3.0
221$32,40,31,46,10,13,20,44,7,31,14,16,23,48,42,30,49,4,12,49,9,2,41,36,33,25,18,50,3,5,37,27,11,21,35,18,34,47,1,8,6,38,22,45,29,15,28,19,43,26$3.0
222$32,40,31,46,10,13,20,44,7,31,14,16,23,48,42,30,49,4,12,49,9,2,41,36,33,25,18,50,3,5,37,27,11,21,35,18,34,47,1,8,6,38,22,45,29,15,28,19,43,26$3.0
223$32,40,31,46,10,13,20,44,7,31,14,16,23,48,42,30,49,4,12,49,9,2,41,36,33,25,18,50,3,5,37,27,11,21,35,18,34,47,1,8,6,38,22,45,29,15,28,19,43,26$3.0
224$32,40,31,46,10,13,20,44,7,31,14,16,23,48,42,30,49,4,12,49,9,2,41,36,33,25,18,50,3,5,37,27,11,21,35,18,34,47,1,8,6,38,22,45,29,15,28,19,43,26$3.0
225$32,40,31,46,10,13,20,44,7,31,14,16,23,48,42,30,49,4,12,49,9,2,41,36,33,25,18,50,3,5,37,27,11,21,35,18,34,47,1,8,6,38,22,45,29,15,28,19,43,26$3.0
226$32,40,31,46,10,13,20,44,7,31,14,16,23,48,42,30,49,4,12,49,9,2,41,36,33,25,18,50,3,5,37,27,11,21,35,18,34,47,1,8,6,38,22,45,29,15,28,19,43,26$3.0
227$32,40,31,46,10,13,20,44,7,31,14,16,23,48,42,30,49,4,12,49,9,2,41,36,33,25,18,50,3,5,37,27,11,21,35,18,34,47,1,8,6,38,22,45,29,15,28,19,43,26$3.0
228$32,40,31,46,10,13,20,44,7,31,14,16,23,48,42,30,49,4,12,49,9,2,41,36,33,25,16,50,3,5,37,27,11,21,35,18,34,47,1,8,6,38,22,45,29,15,28,19,43,26$3.0
229$32,40,31,46,10,13,20,44,7,31,14,16,23,48,42,30,49,4,12,49,9,2,41,36,33,25,18,50,3,5,37,27,11,21,35,18,34,47,1,8,6,38,22,45,29,15,28,19,43,26$3.0
230$32,40,36,46,10,13,20,44,7,31,14,16,23,48,42,30,49,4,12,49,9,2,41,36,33,25,18,50,3,5,37,27,11,21,35,18,34,47,1,8,6,38,22,45,29,15,28,19,43,26$3.0
231$32,40,31,46,10,13,20,44,7,31,14,16,23,48,42,30,49,4,12,49,9,2,41,36,33,25,16,50,3,5,37,27,11,21,35,18,34,47,1,8,6,38,22,45,29,15,28,19,43,26$3.0
232$32,40,31,46,10,13,20,44,7,31,14,16,23,48,42,30,49,4,12,49,9,2,41,36,33,25,18,50,3,5,37,27,11,21,35,18,34,47,1,8,6,38,22,45,29,15,28,19,43,26$3.0
233$32,40,5,46,10,13,20,44,7,31,14,16,23,48,42,30,49,4,12,49,9,2,41,36,33,25,16,50,3,5,37,27,11,21,35,18,34,47,1,8,6,38,22,45,29,15,28,19,43,26$3.0
234$32,40,31,46,10,13,20,44,7,31,14,16,23,48,42,30,49,4,12,49,9,2,41,36,33,25,16,50,3,5,37,27,11,21,35,18,34,47,1,8,6,38,22,45,29,15,28,19,43,26$3.0
235$32,40,31,46,10,13,20,44,7,31,14,16,23,48,42,30,49,4,12,49,9,2,41,36,33,25,16,50,3,5,37,27,11,21,35,18,34,47,1,8,6,38,22,45,29,15,28,19,43,26$3.0
236$32,40,31,46,10,13,20,44,7,31,14,16,23,48,42,30,49,4,12,49,9,2,41,36,33,25,16,50,3,5,37,27,11,21,35,18,34,47,24,8,6,38,22,45,29,15,28,19,43,26$3.0
237$32,40,31,46,10,13,20,44,7,31,14,16,23,48,42,30,49,4,12,49,9,2,41,36,33,25,18,50,3,5,37,27,11,21,35,18,34,47,1,8,6,38,22,45,29,15,28,19,43,26$3.0
238$32,40,31,46,10,13,20,44,7,31,14,16,23,48,42,30,49,4,12,49,9,2,41,36,33,25,18,50,3,5,37,27,11,21,35,18,34,47,1,8,6,38,22,45,29,15,28,19,43,26$3.0
239$32,40,31,46,10,13,20,44,7,31,14,16,23,48,42,30,49,4,12,49,9,2,41,36,33,25,18,1,3,5,37,27,11,21,35,18,34,47,24,8,6,38,22,45,29,15,28,19,43,26$3.0
240$32,40,31,46,10,13,20,44,7,31,14,16,23,48,42,30,49,4,12,49,9,2,41,36,33,25,16,50,3,5,37,27,11,21,35,18,34,47,24,8,6,38,22,45,29,15,28,19,43,26$3.0
241$32,40,31,46,10,13,20,44,7,31,14,16,23,48,42,30,49,4,12,49,9,2,41,36,33,25,16,50,3,5,37,27,11,21,35,18,34,1,24,8,6,38,22,45,29,15,28,19,43,26$3.0
242$32,40,31,46,10,13,20,44,7,31,14,16,23,48,42,30,49,4,12,49,9,2,41,36,33,25,18,50,3,5,37,27,11,21,35,18,34,47,1,8,6,38,22,45,29,15,28,19,43,26$3.0
243$32,40,31,46,10,13,20,44,7,31,14,16,23,48,42,30,49,4,12,49,9,2,41,36,33,25,18,50,3,5,37,27,11,21,35,18,34,47,1,8,6,38,22,45,29,15,28,19,43,26$3.0
244$32,40,31,46,10,13,20,44,7,31,14,16,23,48,42,30,49,4,12,49,9,2,41,36,33,25,16,50,3,5,37,27,11,21,35,18,34,47,1,8,6,38,22,45,29,15,28,19,43,26$3.0
245$32,40,31,46,10,13,20,44,7,31,14,16,23,48,42,30,49,4,12,49,9,2,41,36,33,25,16,50,3,5,37,27,11,21,35,18,34,47,24,8,6,38,22,45,29,15,28,19,43,26$3.0
246$32,40,31,46,10,13,20,44,7,31,14,16,23,48,42,30,49,4,12,49,9,2,41,36,33,25,18,50,3,5,37,27,11,21,35,18,34,47,24,8,6,38,22,45,29,15,28,19,43,26$3.0
247$32,40,31,46,10,13,20,44,7,31,14,16,23,48,42,30,49,4,12,49,9,2,41,36,33,25,16,50,3,5,37,27,11,21,35,18,34,47,1,8,6,38,22,45,29,15,28,19,43,26$3.0
248$32,40,31,46,10,13,20,44,7,31,14,16,23,48,42,30,49,4,12,49,9,2,41,36,33,25,16,50,3,5,37,27,11,21,35,18,34,47,1,8,6,38,22,45,29,15,28,19,43,26$3.0
249$32,40,31,46,10,13,20,44,7,31,14,16,23,48,42,30,49,4,12,49,9,2,41,36,33,25,16,50,3,5,37,27,11,21,35,18,34,47,24,8,6,38,22,45,29,15,28,19,43,26$3.0
250$32,40,31,46,10,13,20,44,7,31,14,16,23,48,42,30,32,4,12,49,9,2,41,36,33,25,18,50,3,5,37,27,11,21,35,18,34,47,1,8,6,38,22,45,29,15,28,19,43,26$3.0
251$32,40,31,46,10,13,20,44,7,31,14,16,23,48,42,30,49,4,12,49,9,2,41,36,33,25,16,50,3,5,37,27,11,21,35,18,34,47,1,8,6,38,22,45,29,15,28,19,43,26$3.0
252$32,40,31,46,10,13,20,44,7,31,14,16,23,48,42,30,49,4,12,49,9,2,41,36,33,25,16,50,3,5,37,27,11,21,35,18,34,47,1,8,6,38,22,45,29,15,28,19,43,26$3.0
253$32,40,31,46,10,13,20,44,7,31,14,16,23,48,42,30,49,4,12,49,9,2,41,36,33,25,18,50,3,5,37,27,11,21,35,18,34,47,24,8,6,38,22,45,29,15,28,19,43,26$3.0
254$32,40,31,46,10,13,20,44,7,31,14,16,23,48,42,30,49,4,12,49,9,2,41,36,33,25,16,50,3,5,37,27,11,21,35,18,34,47,1,8,6,38,22,45,29,15,28,19,43,26$3.0
255$32,40,31,46,10,13,20,44,7,31,14,16,23,48,42,30,49,4,12,49,9,2,41,36,33,25,16,50,3,5,37,27,11,21,35,18,34,47,1,8,6,38,22,45,29,15,28,19,43,26$3.0
256$32,40,31,46,10,13,20,44,7,31,14,16,23,48,42,30,49,4,12,49,9,2,41,36,33,25,16,50,3,5,37,27,11,21,35,18,34,47,1,8,6,38,22,45,29,15,28,19,43,26$3.0
257$32,40,31,46,10,13,20,44,7,31,14,16,23,48,42,30,32,4,12,49,9,2,41,36,33,25,18,50,3,5,37,27,11,21,35,18,34,47,1,8,6,38,22,45,29,15,28,19,43,26$3.0
258$32,40,31,46,10,13,20,44,7,31,14,16,23,48,42,30,32,4,12,49,9,2,41,36,33,25,16,50,3,5,37,27,11,21,35,18,34,47,24,8,6,38,22,45,29,15,28,19,43,26$3.0
259$32,40,31,46,10,13,20,44,7,31,14,16,23,48,42,30,49,4,12,49,9,2,41,36,33,25,18,50,3,5,37,27,11,21,35,18,34,47,1,8,6,38,22,45,29,15,28,19,43,26$3.0
260$32,40,31,46,10,13,20,44,7,31,14,16,23,48,42,30,49,4,12,49,9,2,41,36,33,25,16,50,3,5,37,27,11,21,35,18,34,47,24,8,6,38,22,45,29,15,28,19,43,26$3.0
261$32,40,31,46,10,13,20,44,7,31,14,16,23,48,42,30,32,4,12,49,9,2,41,36,33,25,18,50,3,5,37,27,11,21,35,18,34,47,24,8,6,38,22,45,29,15,28,19,43,26$3.0
262$32,40,31,46,10,13,20,44,7,31,14,16,23,48,42,30,32,4,12,49,9,2,41,36,33,25,16,50,3,5,37,27,11,21,35,18,34,47,1,8,6,38,22,45,29,15,28,19,43,26$3.0
263$32,40,31,46,10,13,20,44,7,31,14,16,23,48,42,30,49,4,12,49,9,2,41,36,33,25,16,50,3,5,37,27,11,21,35,18,34,47,24,8,6,38,22,45,29,15,28,19,43,26$3.0
264$32,40,31,46,10,13,20,44,7,31,14,16,23,48,42,30,32,4,12,49,9,2,41,36,33,25,18,50,3,5,37,27,11,21,35,18,34,47,1,8,6,38,22,45,29,15,28,19,43,26$3.0
265$32,40,31,46,10,13,20,44,7,31,14,16,23,48,42,30,49,4,12,49,9,2,41,36,33,25,18,50,3,5,37,27,11,21,35,18,34,47,24,8,6,38,22,45,29,15,28,19,43,26$3.0
266$32,40,31,46,10,13,20,44,7,31,14,16,23,48,42,30,49,4,12,49,9,2,41,36,33,25,16,50,3,5,37,27,11,21,35,18,34,47,24,8,6,38,22,45,29,15,28,19,43,26$3.0
267$32,40,31,46,10,13,20,44,7,31,14,16,23,48,42,30,49,4,12,49,9,2,41,36,33,25,18,50,3,5,37,27,11,21,35,18,34,47,24,8,6,38,22,45,29,15,28,19,43,26$3.0
268$32,40,31,46,10,13,20,44,7,31,14,16,23,48,42,30,49,4,12,49,9,2,41,36,33,25,18,50,3,5,37,27,11,21,35,18,34,47,24,8,6,38,22,45,29,15,28,19,43,26$3.0
269$32,40,31,46,10,13,20,44,7,31,14,16,23,48,42,30,49,4,12,49,9,2,41,36,33,25,16,50,3,5,37,27,11,21,35,18,34,47,24,8,6,38,22,45,29,15,28,19,43,26$3.0
270$32,40,31,46,10,13,20,44,7,31,14,16,23,48,42,30,49,4,12,49,9,2,41,36,33,25,16,50,3,5,37,27,11,21,35,18,34,47,24,8,6,38,22,45,29,15,28,19,43,26$3.0
271$32,40,31,46,10,13,20,44,7,31,14,16,23,48,42,30,49,4,12,49,9,2,41,36,33,25,16,50,3,5,37,27,11,21,35,18,34,47,24,8,6,38,22,45,29,15,28,19,43,26$3.0
272$32,40,31,46,10,13,20,44,7,31,14,16,23,48,42,30,49,4,12,49,9,2,41,36,33,25,16,50,3,5,37,27,11,21,35,18,34,47,1,8,6,38,22,45,29,15,28,19,43,26$3.0
273$32,40,31,46,10,13,20,44,7,31,14,16,23,48,42,30,49,4,12,49,9,2,41,36,33,25,16,50,3,5,37,27,11,21,35,18,34,47,1,8,6,38,22,45,29,15,28,19,43,26$3.0
274$32,40,31,46,10,13,20,44,7,31,14,16,23,48,42,30,49,4,12,49,9,2,41,36,33,25,16,50,3,5,37,27,11,21,35,18,34,47,1,8,6,38,22,45,29,15,28,19,43,26$3.0
275$32,40,31,46,10,13,20,44,7,31,14,16,23,48,42,30,49,4,12,49,9,2,41,36,33,25,16,50,3,5,37,27,11,21,35,18,34,47,24,8,6,38,22,45,29,15,28,19,43,26$3.0
276$32,40,31,46,10,13,20,44,7,31,14,16,23,48,42,30,49,4,12,49,9,2,41,36,33,25,16,50,3,5,37,27,11,21,35,18,34,47,24,8,6,38,22,45,29,15,28,19,43,26$3.0
277$32,40,20,46,10,13,20,44,7,31,14,16,23,48,42,30,49,4,12,49,9,2,41,36,33,25,18,50,3,5,37,27,11,21,35,18,34,47,24,8,6,38,22,45,29,15,28,19,43,26$3.0
278$32,40,20,46,10,13,20,44,7,31,14,16,23,48,42,30,49,4,12,49,9,2,41,36,33,25,18,50,3,5,37,27,11,21,35,18,34,47,24,8,6,38,22,45,29,15,28,19,43,26$3.0
279$32,40,31,46,10,13,20,44,7,31,14,16,23,48,42,30,49,4,12,49,9,2,41,36,33,25,16,50,3,5,37,27,11,21,35,18,34,47,24,8,6,38,22,45,29,15,28,19,43,26$3.0
280$32,40,31,46,10,13,20,44,7,31,14,16,23,48,42,30,49,4,12,49,9,2,41,36,33,25,16,50,3,5,37,27,11,21,35,18,34,47,24,8,6,38,22,45,29,15,28,19,43,26$3.0
281$32,40,31,46,10,13,20,44,7,31,14,16,23,48,42,30,49,4,12,49,9,2,41,36,33,25,16,50,3,5,37,27,11,21,35,18,34,47,24,8,6,38,22,45,29,15,28,19,43,26$3.0
282$32,40,31,46,10,13,20,44,7,31,14,16,23,48,42,30,49,4,12,49,9,2,41,36,33,25,16,50,3,5,37,27,11,21,35,18,34,47,24,8,6,38,22,45,29,15,28,19,43,26$3.0
283$32,40,31,46,10,13,20,44,7,31,14,16,23,48,42,30,49,4,12,49,9,2,41,36,33,25,16,50,3,5,37,27,11,21,35,18,34,47,1,8,6,38,22,45,29,15,28,19,43,26$3.0
284$32,40,31,46,10,13,20,44,7,31,14,16,23,48,42,30,49,4,12,49,9,2,41,36,33,25,18,50,3,5,37,27,11,21,35,18,34,47,24,8,6,38,22,45,29,15,28,19,43,26$3.0
285$32,40,31,46,10,13,20,44,7,31,14,16,23,48,42,30,49,4,12,49,9,2,41,36,33,25,18,50,3,5,37,27,11,21,35,18,34,47,1,8,6,38,22,45,29,15,28,19,43,26$3.0
286$32,40,31,46,10,13,20,44,7,31,14,16,23,48,42,30,49,4,12,49,9,2,41,36,33,25,16,50,3,5,37,27,11,21,35,18,34,47,24,8,6,38,22,45,29,15,28,19,43,26$3.0
287$32,40,31,46,10,13,20,44,7,31,14,16,23,48,42,30,49,4,12,49,9,2,41,36,33,25,16,50,3,5,37,27,11,21,35,18,34,47,1,8,6,38,22,45,29,15,28,19,43,26$3.0
288$32,40,31,46,10,13,20,44,7,31,14,16,23,48,42,30,49,4,12,49,9,2,41,36,33,25,16,50,3,5,37,27,11,21,35,18,34,47,24,8,6,38,22,45,29,15,28,19,43,26$3.0
289$32,40,31,46,10,13,20,44,7,31,14,16,23,48,42,30,49,4,12,49,9,2,41,36,33,25,16,50,3,5,37,27,11,21,35,18,34,47,1,8,6,38,22,45,29,15,28,19,43,26$3.0
290$32,40,31,46,10,13,20,44,7,31,14,16,23,48,42,30,49,4,12,49,9,2,41,36,33,25,16,50,3,5,37,27,11,21,35,18,34,47,1,8,6,38,22,45,29,15,28,19,43,26$3.0
291$32,40,31,46,10,13,20,44,7,31,14,16,23,48,42,30,49,4,12,49,9,2,41,36,33,25,16,50,3,5,37,27,11,21,35,18,34,47,1,8,6,38,22,45,29,15,28,19,43,26$3.0
292$32,40,31,46,10,13,20,44,7,1,14,16,23,48,42,30,49,4,12,49,9,2,41,36,33,25,16,50,3,5,37,27,11,21,35,18,34,47,1,8,6,38,22,45,29,15,28,19,43,26$3.0
293$32,40,31,46,10,13,20,44,7,1,14,16,23,48,42,30,49,4,12,49,9,2,41,36,33,25,16,50,3,5,37,27,11,21,35,18,34,47,24,8,6,38,22,45,29,15,28,19,43,26$2.0
293$32,40,31,46,10,13,20,44,7,1,14,16,23,48,42,30,49,4,12,49,9,2,41,36,33,25,16,50,3,5,37,27,11,21,35,18,34,47,24,8,6,38,22,45,29,15,28,19,43,26$2.0
294$32,40,31,46,10,13,20,44,7,1,14,16,23,48,42,30,49,4,12,49,9,2,41,36,33,25,16,50,3,5,37,27,11,21,35,18,34,47,24,8,6,38,22,45,29,15,28,19,43,26$2.0
295$32,40,31,46,10,13,20,44,7,1,14,16,23,48,42,30,49,4,12,49,9,2,41,36,33,25,16,50,3,5,37,27,11,21,35,18,34,47,24,8,6,38,22,45,29,15,28,19,43,26$2.0
296$32,40,31,46,10,13,20,44,7,1,14,16,23,48,42,30,49,4,12,49,9,2,41,36,33,25,16,50,3,5,37,27,11,21,35,18,34,47,24,8,6,38,22,45,29,15,28,19,43,26$2.0
297$32,40,31,46,10,13,20,44,7,1,14,16,23,48,42,30,49,4,12,49,9,2,41,36,33,25,16,50,3,5,37,27,11,21,35,18,34,47,24,8,6,38,22,45,29,15,28,19,43,26$2.0
298$32,40,31,46,10,13,20,44,7,1,14,16,23,48,42,30,49,4,12,49,9,2,41,36,33,25,16,50,3,5,37,27,11,21,35,18,34,47,24,8,6,38,22,45,29,15,28,19,43,26$2.0
299$32,40,31,46,10,13,20,44,7,1,14,16,23,48,42,30,49,4,12,49,9,2,41,36,33,25,16,50,3,5,37,27,11,21,35,18,34,47,24,8,6,38,22,45,29,15,28,19,43,26$2.0
300$32,40,31,46,10,13,20,44,7,1,14,16,23,48,42,30,49,4,12,49,9,2,41,36,33,25,16,50,3,5,37,27,11,21,35,18,34,47,24,8,6,38,22,45,29,15,28,19,43,26$2.0
301$32,40,31,46,10,13,20,44,7,1,14,16,23,48,42,30,49,4,12,49,9,2,41,36,33,25,16,50,3,5,37,27,11,21,35,18,34,47,24,8,6,38,22,45,29,15,28,19,43,26$2.0
302$32,40,31,46,10,13,20,44,7,1,14,16,23,48,42,30,49,4,12,49,9,2,41,36,33,25,16,50,3,5,37,27,11,21,35,18,34,47,24,8,6,38,22,45,29,15,28,19,43,26$2.0
303$32,40,31,46,10,13,20,44,7,1,14,16,23,48,42,30,49,4,12,49,9,2,41,36,33,25,16,50,3,5,37,27,11,21,35,18,34,47,24,8,6,38,22,45,29,15,28,19,43,26$2.0
304$32,40,31,46,10,13,20,44,7,1,14,16,23,48,42,30,49,4,12,49,9,2,41,36,33,25,16,50,3,5,37,27,11,21,35,18,34,47,24,8,6,38,22,45,29,15,28,19,43,26$2.0
305$32,40,31,46,10,13,20,44,7,1,14,16,23,48,42,30,49,4,12,49,9,2,41,36,33,25,16,50,3,5,37,27,11,21,35,18,34,47,24,8,6,38,22,45,29,15,28,19,43,26$2.0
306$32,40,31,46,10,13,20,44,7,1,14,16,23,48,42,30,49,4,12,49,9,2,41,36,33,25,16,50,3,5,37,27,11,21,35,18,34,47,24,8,6,38,22,45,29,15,28,19,43,26$2.0
307$32,40,31,46,10,13,20,44,7,1,14,16,23,48,42,30,49,4,12,49,9,2,41,36,33,25,16,50,3,5,37,27,11,21,35,18,34,47,24,8,6,38,22,45,29,15,28,19,43,26$2.0
308$32,40,31,46,10,13,20,44,7,1,14,16,23,48,42,30,49,4,12,49,9,2,41,36,33,25,16,50,3,5,37,27,11,21,35,18,34,47,24,8,6,38,22,45,29,15,28,19,43,26$2.0
309$32,40,31,46,10,13,20,44,7,1,14,16,23,48,42,30,49,4,12,49,9,2,41,36,33,25,16,50,3,5,37,27,11,21,35,18,34,47,24,8,6,38,22,45,29,15,28,19,43,26$2.0
310$32,40,31,46,10,13,20,44,7,1,14,16,23,48,42,30,49,4,12,49,9,2,41,36,33,25,16,50,3,5,37,27,11,21,35,18,34,47,24,8,6,38,22,45,29,15,28,19,43,26$2.0
311$32,40,31,46,10,13,20,44,7,1,14,16,23,48,42,30,49,4,12,49,9,2,41,36,33,25,16,50,3,5,37,27,11,21,35,18,34,47,24,8,6,38,22,45,29,15,28,19,43,26$2.0
312$32,40,31,46,10,13,20,44,7,1,14,16,23,48,42,30,49,4,12,49,9,2,41,36,33,25,16,50,3,5,37,27,11,21,35,18,34,47,24,8,6,38,22,45,29,15,28,19,43,26$2.0
313$32,40,31,46,10,13,20,44,7,1,14,16,23,48,42,30,49,4,12,49,9,2,41,36,33,25,16,50,3,5,37,27,11,21,35,18,34,47,24,8,6,38,22,45,29,15,28,19,43,26$2.0
314$32,40,31,46,10,13,20,44,7,1,14,16,23,48,42,30,49,4,12,49,9,2,41,36,33,25,16,50,3,5,37,27,11,21,35,18,34,47,24,8,6,38,22,45,29,15,28,19,43,26$2.0
315$32,40,31,46,10,13,20,44,7,1,14,16,23,48,42,30,49,4,12,49,9,2,41,36,33,25,16,50,3,5,37,27,11,21,35,18,34,47,24,8,6,38,22,45,29,15,28,19,43,26$2.0
316$32,40,31,46,10,13,20,44,7,1,14,16,23,48,42,30,49,4,12,49,9,2,41,36,33,25,16,50,3,5,37,27,11,21,35,18,34,47,24,8,6,38,22,45,29,15,28,19,43,26$2.0
317$32,40,31,46,10,13,20,44,7,1,14,16,23,48,42,30,49,4,12,49,9,2,41,36,33,25,16,50,3,5,37,27,11,21,35,18,34,47,24,8,6,38,22,45,29,15,28,19,43,26$2.0
318$32,40,31,46,10,13,20,44,7,1,14,16,23,48,42,30,49,4,12,49,9,2,41,36,33,25,16,50,3,5,37,27,11,21,35,18,34,47,24,8,6,38,22,45,29,15,28,19,43,26$2.0
319$32,40,31,46,10,13,20,44,7,1,14,16,23,48,42,30,49,4,12,49,9,2,41,36,33,25,16,50,3,5,37,27,11,21,35,18,34,47,24,8,6,38,22,45,29,15,28,19,43,26$2.0
320$32,40,31,46,10,13,20,44,7,1,14,16,23,48,42,30,49,4,12,49,9,2,41,36,33,25,16,50,3,5,37,27,11,21,35,18,34,47,24,8,6,38,22,45,29,15,28,19,43,26$2.0
321$32,40,31,46,10,13,20,44,7,1,14,16,23,48,42,30,49,4,12,49,9,2,41,36,33,25,16,50,3,5,37,27,11,21,35,18,34,47,24,8,6,38,22,45,29,15,28,19,43,26$2.0
322$32,40,31,46,10,13,20,44,7,1,14,16,23,48,42,30,49,4,12,49,9,2,41,36,33,25,16,50,3,5,37,27,11,21,35,18,34,47,24,8,6,38,22,45,29,15,28,19,43,26$2.0
323$32,40,31,46,10,13,20,44,7,1,14,16,23,48,42,30,49,4,12,49,9,2,41,36,33,25,16,50,3,5,37,27,11,21,35,18,34,47,24,8,6,38,22,45,29,15,28,19,43,26$2.0
324$32,40,31,46,10,13,20,44,7,1,14,16,23,48,42,30,49,4,12,49,9,2,41,36,33,25,16,50,3,5,37,27,11,21,35,18,34,47,24,8,6,38,22,45,29,15,28,19,43,26$2.0
325$32,40,31,46,10,13,20,44,7,1,14,16,23,48,42,30,49,4,12,49,9,2,41,36,33,25,16,50,3,5,37,27,11,21,35,18,34,47,24,8,6,38,22,45,29,15,28,19,43,26$2.0
326$32,40,31,46,10,13,20,44,7,1,14,16,23,48,42,30,49,4,12,49,9,2,41,36,33,25,16,50,3,5,37,27,11,21,35,18,34,47,24,8,6,38,22,45,29,15,28,19,43,26$2.0
327$32,40,31,46,10,13,20,44,7,1,14,16,23,48,42,30,49,4,12,49,9,2,41,36,33,25,16,50,3,5,37,27,11,21,35,18,34,47,24,8,6,38,22,45,29,15,28,19,43,26$2.0
328$32,40,31,46,10,39,20,44,7,1,14,16,23,48,42,30,49,4,12,49,9,2,41,36,33,25,16,50,3,5,37,27,11,21,35,18,34,47,24,8,6,38,22,45,29,15,28,19,43,26$2.0
329$32,40,31,46,10,13,20,44,7,1,14,16,23,48,42,30,49,4,12,49,9,2,41,36,33,25,16,50,3,5,37,27,11,21,35,18,34,47,24,8,6,38,22,45,29,15,28,19,43,26$2.0
330$32,40,31,46,10,13,20,44,7,1,14,16,23,48,42,30,49,4,12,49,9,2,41,36,33,25,16,50,3,5,37,27,11,21,35,18,34,47,24,8,6,38,22,45,29,15,28,19,43,26$2.0
331$32,40,31,46,10,13,20,44,7,1,14,16,23,48,42,30,49,4,12,49,9,2,41,36,33,25,16,50,3,5,37,27,11,21,35,18,34,47,24,8,6,38,22,45,29,15,28,19,43,26$2.0
332$32,40,31,46,10,13,20,44,7,1,14,16,23,48,42,30,49,4,12,49,9,2,41,36,33,25,16,50,3,5,37,27,11,21,35,18,34,47,24,8,6,38,22,45,29,15,28,19,43,26$2.0
333$17,40,31,46,10,13,20,44,7,1,14,16,23,48,42,30,49,4,12,49,9,2,41,36,33,25,16,50,3,5,37,27,11,21,35,18,34,47,24,8,6,38,22,45,29,15,28,19,43,26$2.0
334$32,40,31,46,10,13,20,44,7,1,14,16,23,48,42,30,49,4,12,49,9,2,41,36,33,25,16,50,3,5,37,27,11,21,35,18,34,47,24,8,6,38,22,45,29,15,28,19,43,26$2.0
335$32,40,31,46,10,13,20,44,7,1,14,16,23,48,42,30,49,4,12,49,9,2,41,36,33,25,16,50,3,5,37,27,11,21,35,18,34,47,24,8,6,38,22,45,29,15,28,19,43,26$2.0
336$17,40,31,46,10,39,20,44,7,1,14,16,23,48,42,30,49,4,12,49,9,2,41,36,33,25,16,50,3,5,37,27,11,21,35,18,34,47,24,8,6,38,22,45,29,15,28,19,43,26$2.0
337$17,40,31,46,10,13,20,44,7,1,14,16,23,48,42,30,49,4,12,49,9,2,41,36,33,25,16,50,3,5,37,27,11,21,35,18,34,47,24,8,6,38,22,45,29,15,28,19,43,26$2.0
338$17,40,31,46,10,39,20,44,7,1,14,16,23,48,42,30,49,4,12,49,9,2,41,36,33,25,16,50,3,5,37,27,11,21,35,18,34,47,24,8,6,38,22,45,29,15,28,19,43,26$2.0
339$17,40,31,46,10,13,20,44,7,1,14,16,23,48,42,30,49,4,12,49,9,2,41,36,33,25,16,50,3,5,37,27,11,21,35,18,34,47,24,8,6,38,22,45,29,15,28,19,43,26$2.0
340$32,40,31,46,10,13,20,44,7,1,14,16,23,48,42,30,49,4,12,49,9,2,41,36,33,25,16,50,3,5,37,27,11,21,35,18,34,47,24,8,6,38,22,45,29,15,28,19,43,26$2.0
341$32,40,31,46,10,39,20,44,7,1,14,16,23,48,42,30,49,4,12,49,9,2,41,36,33,25,16,50,3,5,37,27,11,21,35,18,34,47,24,8,6,38,22,45,29,15,28,19,43,26$2.0
342$17,40,31,46,10,13,20,44,7,1,14,16,23,48,42,30,49,4,12,49,9,2,41,36,33,25,16,50,3,5,37,27,11,21,35,18,34,47,24,8,6,38,22,45,29,15,28,19,43,26$2.0
343$32,40,31,46,10,39,20,44,7,1,14,16,23,48,42,30,49,4,12,49,9,2,41,36,33,25,16,50,3,5,37,27,11,21,35,18,34,47,24,8,6,38,22,45,29,15,28,19,43,26$2.0
344$17,40,31,46,10,13,20,44,7,1,14,16,23,48,42,30,32,4,12,49,9,2,41,36,33,25,16,50,3,5,37,27,11,21,35,18,34,47,24,8,6,38,22,45,29,15,28,19,43,26$1.0
344$17,40,31,46,10,13,20,44,7,1,14,16,23,48,42,30,32,4,12,49,9,2,41,36,33,25,16,50,3,5,37,27,11,21,35,18,34,47,24,8,6,38,22,45,29,15,28,19,43,26$1.0
345$17,40,31,46,10,13,20,44,7,1,14,16,23,48,42,30,32,4,12,49,9,2,41,36,33,25,16,50,3,5,37,27,11,21,35,18,34,47,24,8,6,38,22,45,29,15,28,19,43,26$1.0
346$17,40,31,46,10,13,20,44,7,1,14,16,23,48,42,30,32,4,12,49,9,2,41,36,33,25,16,50,3,5,37,27,11,21,35,18,34,47,24,8,6,38,22,45,29,15,28,19,43,26$1.0
347$17,40,31,46,10,13,20,44,7,1,14,16,23,48,42,30,32,4,12,49,9,2,41,36,33,25,16,50,3,5,37,27,11,21,35,18,34,47,24,8,6,38,22,45,29,15,28,19,43,26$1.0
348$17,40,31,46,10,13,20,44,7,1,14,16,23,48,42,30,32,4,12,49,9,2,41,36,33,25,16,50,3,5,37,27,11,21,35,18,34,47,24,8,6,38,22,45,29,15,28,19,43,26$1.0
349$17,40,31,46,10,13,20,44,7,1,14,16,23,48,42,30,32,4,12,49,9,2,41,36,33,25,16,50,3,5,37,27,11,21,35,18,34,47,24,8,6,38,22,45,29,15,28,19,43,26$1.0
350$17,40,31,46,10,13,20,44,7,1,14,16,23,48,42,30,32,4,12,49,9,2,41,36,33,25,16,50,3,5,37,27,11,21,35,18,34,47,24,8,6,38,22,45,29,15,28,19,43,26$1.0
351$17,40,31,46,10,13,20,44,7,1,14,16,23,48,42,30,32,4,12,49,9,2,41,36,33,25,16,50,3,5,37,27,11,21,35,18,34,47,24,8,6,38,22,45,29,15,28,19,43,26$1.0
352$17,40,31,46,10,13,20,44,1,1,14,16,23,48,42,30,32,4,12,49,9,2,41,36,33,25,16,50,3,5,37,27,11,21,35,18,34,47,24,8,6,38,22,45,29,15,28,19,43,26$2.0
353$17,40,31,46,10,13,20,44,7,1,14,16,23,48,42,30,49,4,12,49,9,2,41,36,33,25,16,50,3,5,37,27,11,21,35,18,34,47,24,8,6,38,22,45,29,15,28,19,43,26$2.0
354$17,40,31,46,10,13,20,44,1,1,14,44,23,48,42,30,32,4,12,49,9,2,41,36,33,25,16,50,3,5,37,27,11,21,35,18,34,47,24,8,6,38,22,45,29,15,28,19,43,26$2.0
355$17,40,31,46,10,13,20,44,7,1,14,16,23,48,42,30,32,4,12,49,9,2,41,36,33,25,16,50,3,5,37,27,11,21,35,18,34,47,24,8,6,38,22,45,29,15,28,19,43,26$1.0
356$17,40,31,46,10,13,20,44,7,1,14,16,23,48,42,30,32,4,12,49,9,2,41,36,33,25,16,50,3,5,37,27,11,21,35,18,34,47,24,8,6,38,22,45,29,15,28,19,43,26$1.0
357$32,40,31,46,10,13,20,44,7,1,14,16,23,48,42,30,49,4,12,49,9,2,41,36,33,25,16,50,3,5,37,27,11,21,35,18,34,47,24,8,6,38,22,45,29,15,28,19,43,26$2.0
358$17,40,31,46,10,13,20,44,7,1,14,16,23,48,42,30,32,4,12,49,9,2,41,36,33,25,16,50,3,5,37,27,11,21,35,18,34,47,24,8,6,38,22,45,29,15,28,19,43,26$1.0
359$17,40,31,46,10,13,20,44,7,1,14,16,23,48,42,30,32,4,12,49,9,2,41,36,33,25,16,50,3,5,37,27,11,21,35,18,34,47,24,8,6,38,22,45,29,15,28,19,43,26$1.0
360$17,40,31,46,10,13,20,44,7,1,14,16,23,48,42,30,32,4,12,49,9,2,41,36,33,25,16,50,3,5,37,27,11,21,35,18,34,47,24,8,6,38,22,45,29,15,28,19,43,26$1.0
361$17,40,31,46,10,13,20,44,7,1,14,16,23,48,42,30,32,4,12,49,9,2,41,36,33,25,16,50,3,5,37,27,11,21,35,18,34,47,24,8,6,38,22,45,29,15,28,19,43,26$1.0
362$17,40,31,46,10,13,20,44,7,1,14,16,23,48,42,30,32,4,12,49,9,2,41,36,33,25,16,50,3,5,37,27,11,21,35,18,34,47,24,8,6,38,22,45,29,15,28,19,43,26$1.0
363$17,40,31,46,10,13,20,44,7,1,14,16,23,48,42,30,32,4,12,49,9,2,41,36,33,25,16,50,3,5,37,27,11,21,35,18,34,47,24,8,6,38,22,45,29,15,28,19,43,26$1.0
364$17,40,31,46,10,13,20,44,7,1,14,16,23,48,42,30,32,4,12,49,9,2,41,36,33,25,16,50,3,5,37,27,11,21,35,18,34,47,24,8,6,38,22,45,29,15,28,19,43,26$1.0
365$17,40,31,46,10,13,20,44,7,1,14,16,23,48,42,30,32,4,12,49,9,2,41,36,33,25,16,50,3,5,37,27,11,21,35,18,34,47,24,8,6,38,22,45,29,15,28,19,43,26$1.0
366$17,40,31,46,10,13,20,44,7,1,14,16,23,48,42,30,32,4,12,49,9,2,41,36,33,25,16,50,3,5,37,27,11,21,35,18,34,47,24,8,6,38,22,45,29,15,28,19,43,26$1.0
367$17,40,31,46,10,13,20,44,7,1,14,16,23,48,42,30,32,4,12,49,9,2,41,36,33,25,16,50,3,5,37,27,11,21,35,18,34,47,24,8,6,38,22,45,29,15,28,19,43,26$1.0
368$17,40,31,46,10,13,20,44,7,1,14,16,23,48,42,30,32,4,12,49,9,2,41,36,33,25,16,50,3,5,37,27,11,21,35,18,34,47,24,8,6,38,22,45,29,15,28,19,43,26$1.0
369$17,40,31,46,10,13,20,44,7,1,14,16,23,48,42,30,32,4,12,49,9,2,41,36,33,25,16,50,3,5,37,27,11,21,35,18,34,47,24,8,6,38,22,45,29,15,28,19,43,26$1.0
370$17,40,31,46,10,13,20,44,7,1,14,16,23,48,42,30,32,4,12,49,9,2,41,36,33,25,16,50,3,5,37,27,11,21,35,18,34,47,24,8,6,38,22,45,29,15,28,19,43,26$1.0
371$17,40,31,46,10,13,20,44,7,1,14,16,23,48,42,30,32,4,12,49,9,2,41,36,33,25,16,50,3,5,37,27,11,21,35,18,34,47,24,8,6,38,22,45,29,15,28,19,43,26$1.0
372$17,40,31,46,10,13,20,44,7,1,14,16,23,48,42,30,32,4,12,49,9,2,41,36,33,25,16,50,3,5,37,27,11,21,35,18,34,47,24,8,6,38,22,45,29,15,28,19,43,26$1.0
373$17,40,31,46,10,13,20,44,7,1,14,16,23,48,42,30,32,4,12,49,9,2,41,36,33,25,16,50,3,5,37,27,11,21,35,18,34,47,24,8,6,38,22,45,29,15,28,19,43,26$1.0
374$17,39,31,46,10,13,20,44,7,1,14,16,23,48,42,30,32,4,12,49,9,2,41,36,33,25,16,50,3,5,37,27,11,21,35,18,34,47,24,8,6,38,22,45,29,15,28,19,43,26$1.0
375$17,40,31,46,10,13,20,44,7,1,14,16,23,48,42,30,32,4,12,49,9,2,41,36,33,25,16,50,3,5,37,27,11,21,35,18,34,47,24,8,6,38,22,45,29,15,28,19,43,26$1.0
376$17,39,31,46,10,13,20,44,7,1,14,16,23,48,42,30,32,4,12,49,9,2,41,36,33,25,16,50,3,5,37,27,11,21,35,18,34,47,24,8,6,38,22,45,29,15,28,19,43,26$1.0
377$17,40,31,46,10,13,20,44,7,1,14,16,23,48,42,30,32,4,12,49,9,2,41,36,33,25,16,50,3,5,37,27,11,21,35,18,34,47,24,8,6,38,22,45,29,15,28,19,43,26$1.0
378$17,40,31,46,10,13,20,44,7,1,14,16,23,48,42,30,32,4,12,49,9,2,41,36,33,25,16,50,3,5,37,27,11,21,35,18,34,47,24,8,6,38,22,45,29,15,28,19,43,26$1.0
379$17,40,31,46,10,13,20,44,7,1,14,16,23,48,42,30,32,4,12,49,9,2,41,36,33,25,16,50,3,5,37,27,11,21,35,18,34,47,24,8,6,38,22,45,29,15,28,19,43,26$1.0
380$17,40,31,46,10,13,20,44,7,1,14,16,23,48,42,30,32,4,12,49,9,2,41,36,33,25,16,50,3,5,37,27,11,21,35,18,34,47,24,8,6,38,22,45,29,15,28,19,43,26$1.0
381$17,40,31,46,10,13,20,44,7,1,14,16,23,48,42,30,32,4,12,49,9,2,41,36,33,25,16,50,3,5,37,27,11,21,35,18,34,47,24,8,6,38,22,45,29,15,28,19,43,26$1.0
382$17,40,31,46,10,13,20,44,7,1,14,16,23,48,42,30,32,4,12,49,9,2,41,36,33,25,16,50,3,5,37,27,11,21,35,18,34,47,24,8,6,38,22,45,29,15,28,19,43,26$1.0
383$17,40,31,46,10,13,20,44,7,1,14,16,23,48,42,30,32,4,12,49,9,2,41,36,33,25,16,50,3,5,37,27,11,21,35,18,34,47,24,8,6,38,22,45,29,15,28,19,43,26$1.0
384$17,40,31,46,10,13,20,44,7,1,14,16,23,48,42,30,32,4,12,49,9,2,41,36,33,25,16,50,3,5,37,27,11,21,35,18,34,47,24,8,6,38,22,45,29,15,28,19,43,26$1.0
385$17,40,31,46,10,13,20,44,7,1,14,16,23,48,42,30,32,4,12,49,9,2,41,36,33,25,16,50,3,5,37,27,11,21,35,18,34,47,24,8,6,38,22,45,29,15,28,19,43,26$1.0
386$17,40,31,46,10,13,20,44,7,1,14,16,23,48,42,30,32,4,12,49,9,2,41,36,33,25,16,50,3,5,37,27,11,21,35,18,34,47,24,8,6,38,22,45,29,15,28,19,43,26$1.0
387$17,40,31,46,10,13,20,44,7,1,14,16,23,48,42,30,32,4,12,49,9,2,41,36,33,25,16,50,3,5,37,27,11,21,35,18,34,47,24,8,6,38,22,45,29,15,28,19,43,26$1.0
388$17,40,31,46,10,13,20,44,7,1,14,16,23,48,42,30,32,4,12,49,9,2,41,36,33,25,16,50,3,5,37,27,11,21,35,18,34,47,24,8,6,38,22,45,29,15,28,19,43,26$1.0
389$17,40,31,46,10,13,20,44,7,1,14,16,23,48,42,30,32,4,12,49,9,2,41,36,33,25,16,50,3,5,37,27,11,21,35,18,34,47,24,8,6,38,22,45,29,15,28,19,43,26$1.0
390$17,40,31,46,10,13,20,44,7,1,14,16,23,48,42,30,32,4,12,49,9,2,41,36,33,25,16,50,3,5,37,27,11,21,35,18,34,47,24,8,6,38,22,45,29,15,28,19,43,26$1.0
391$17,40,31,46,10,13,20,44,7,1,14,16,23,48,42,30,32,4,12,49,9,2,41,36,33,25,16,50,3,5,37,27,11,21,35,18,34,47,24,8,6,38,22,45,29,15,28,19,43,26$1.0
392$17,40,31,46,10,13,20,44,7,1,14,16,23,48,42,30,32,4,12,49,9,2,41,36,33,25,16,50,3,5,37,27,11,21,35,18,34,47,24,8,6,38,22,45,29,15,28,19,43,26$1.0
393$17,40,31,46,10,13,20,44,7,1,14,16,23,48,42,30,32,4,12,49,9,2,41,36,33,25,16,50,3,5,37,27,11,21,35,18,34,47,24,8,6,38,22,45,29,15,28,19,43,26$1.0
394$17,40,31,46,10,13,20,44,7,1,14,16,23,48,42,30,32,4,12,49,9,2,41,36,33,25,16,50,3,5,37,27,11,21,35,18,34,47,24,8,6,38,22,45,29,15,28,19,43,26$1.0
395$17,40,31,46,10,13,20,44,7,1,14,16,23,48,42,30,32,4,12,49,9,2,41,36,33,25,16,50,3,5,37,27,11,21,35,18,34,47,24,8,6,38,22,45,29,15,28,19,43,26$1.0
396$17,40,31,46,10,13,20,44,7,1,14,16,23,48,42,30,32,4,12,49,9,2,41,36,33,25,16,50,3,5,37,27,11,21,35,18,34,47,24,8,6,38,22,45,29,15,28,19,43,26$1.0
397$17,39,31,46,10,13,20,44,7,1,14,16,23,48,42,30,32,4,12,49,9,2,41,36,33,25,16,50,3,5,37,27,11,21,35,18,34,47,24,8,6,38,22,45,29,15,28,19,43,26$1.0
398$17,40,31,46,10,13,20,44,7,1,14,16,23,48,42,30,32,4,12,49,9,2,41,36,33,25,16,50,3,5,37,27,11,21,35,18,34,47,24,8,6,38,22,45,29,15,28,19,43,26$1.0
399$17,40,31,46,10,13,20,44,7,1,14,16,23,48,42,30,32,4,12,49,9,2,41,36,33,25,16,50,3,5,37,27,11,21,35,18,34,47,24,8,6,38,22,45,29,15,28,19,43,26$1.0
400$17,40,31,46,10,13,20,44,7,1,14,16,23,48,42,30,32,4,12,49,9,2,41,36,33,25,16,50,3,5,37,27,11,21,35,18,34,47,24,8,6,38,22,45,29,15,28,19,43,26$1.0
401$17,40,31,46,10,13,20,44,7,1,14,16,23,48,42,30,32,4,12,49,9,2,41,36,33,25,16,50,3,5,37,27,11,21,35,18,34,47,24,8,6,38,22,45,29,15,28,19,43,26$1.0
402$17,40,31,46,10,13,20,44,7,1,14,16,23,48,42,30,32,4,12,49,9,2,41,36,33,25,16,50,3,5,37,27,11,21,35,18,34,47,24,8,6,38,22,45,29,15,28,19,43,26$1.0
403$17,40,31,46,10,13,20,44,7,1,14,16,23,48,42,30,32,4,12,49,9,2,41,36,33,25,16,50,3,5,37,27,11,21,35,18,34,47,24,8,6,38,22,45,29,15,28,19,43,26$1.0
404$17,40,31,46,10,13,20,44,7,1,14,2,23,48,42,30,32,4,12,49,9,2,41,36,33,25,16,50,3,5,37,27,11,21,35,18,34,47,24,8,6,38,22,45,29,15,28,19,43,26$1.0
405$17,40,31,46,10,13,20,44,7,1,14,16,23,48,42,30,32,4,12,49,9,2,41,36,33,25,16,50,3,5,37,27,11,21,35,18,34,47,24,8,6,38,22,45,29,15,28,19,43,26$1.0
406$17,40,31,46,10,13,20,44,7,1,14,16,23,48,42,30,32,4,12,49,9,2,41,36,33,25,16,50,3,5,37,27,11,21,35,18,34,47,24,8,6,38,22,45,29,15,28,19,43,26$1.0
407$17,40,31,46,10,13,20,44,7,1,14,16,23,48,42,30,32,4,12,49,9,2,41,36,33,25,16,50,3,5,37,27,11,21,35,18,34,47,24,8,6,38,22,45,29,15,28,19,43,26$1.0
408$17,40,31,46,10,13,20,44,7,1,14,2,23,48,42,30,32,4,12,49,9,2,41,36,33,25,16,50,3,5,37,27,11,21,35,18,34,47,24,8,6,38,22,45,29,15,28,19,43,26$1.0
409$17,40,31,46,10,13,20,44,7,1,14,16,23,48,42,30,32,4,12,49,9,2,41,36,33,25,16,50,3,5,37,27,11,21,35,18,34,47,24,8,6,38,22,45,29,15,28,19,43,26$1.0
410$17,40,31,46,10,13,20,44,7,1,14,16,23,48,42,30,32,4,12,49,9,2,41,36,33,25,16,50,3,5,37,27,11,21,35,18,34,47,24,8,6,38,22,45,29,15,28,19,43,26$1.0
411$17,39,31,46,10,13,20,44,7,1,14,16,23,48,42,30,32,4,12,49,9,2,41,36,33,25,16,50,3,5,37,27,11,21,35,18,34,47,24,8,6,38,22,45,29,15,28,19,43,26$1.0
412$17,40,31,46,10,13,20,44,7,1,14,16,23,48,42,30,32,4,12,49,9,2,41,36,33,25,16,50,3,5,37,27,11,21,35,18,34,47,24,8,6,38,22,45,29,15,28,19,43,26$1.0
413$17,39,31,46,10,13,20,44,7,1,14,16,23,48,42,30,32,4,12,49,9,2,41,36,33,25,16,50,3,5,37,27,11,21,35,18,34,47,24,8,6,38,22,45,29,15,28,19,43,26$1.0
414$17,39,31,46,10,13,20,44,7,1,14,16,23,48,42,30,32,4,12,49,9,2,41,36,33,25,16,50,3,5,37,27,11,21,35,18,34,47,24,8,6,38,22,45,29,15,28,19,43,26$1.0
415$17,40,31,46,10,13,20,44,7,1,14,16,23,48,42,30,32,4,12,49,9,2,41,36,33,25,16,50,3,5,37,27,11,21,35,18,34,47,24,8,6,38,22,45,29,15,28,19,43,26$1.0
416$17,40,31,46,10,13,20,44,7,1,14,16,23,48,42,30,32,4,12,49,9,2,41,36,33,25,16,50,3,5,37,27,11,21,35,18,34,47,24,8,6,38,22,45,29,15,28,19,43,26$1.0
417$17,40,31,46,10,13,20,44,7,1,14,16,23,48,42,30,32,4,12,49,9,2,41,36,33,25,16,50,3,5,37,27,11,21,35,18,34,47,24,8,6,38,22,45,29,15,28,19,43,26$1.0
418$17,40,31,46,10,13,20,44,7,1,14,16,23,48,42,30,32,4,12,49,9,2,41,36,33,25,16,50,3,5,37,27,11,21,35,18,34,47,24,8,6,38,22,45,29,15,28,19,43,26$1.0
419$17,40,31,46,10,13,20,44,7,1,14,16,23,48,42,30,32,4,12,49,9,2,41,36,33,25,16,50,3,5,37,27,11,21,35,18,34,47,24,8,6,38,22,45,29,15,28,19,43,26$1.0
420$17,40,31,46,10,13,20,44,7,1,14,16,23,48,42,30,32,4,12,49,9,2,41,36,33,25,16,50,3,5,37,27,11,21,35,18,34,47,24,8,6,38,22,45,29,15,28,19,43,26$1.0
421$17,40,31,46,10,13,20,44,7,1,14,16,23,48,42,30,32,4,12,49,9,2,41,36,33,25,16,50,3,5,37,27,11,21,35,18,34,47,24,8,6,38,22,45,29,15,28,19,43,26$1.0
422$17,40,31,46,10,13,20,44,7,1,14,16,23,48,42,30,32,4,12,49,9,2,41,36,33,25,16,50,3,5,37,27,11,21,35,18,34,47,24,8,6,38,22,45,29,15,28,19,43,26$1.0
423$17,40,31,46,10,13,20,44,7,1,14,16,23,48,42,30,32,4,12,49,9,2,41,36,33,25,16,50,3,5,37,27,11,21,35,18,34,47,24,8,6,38,22,45,29,15,28,19,43,26$1.0
424$17,40,31,46,10,13,20,44,7,1,14,16,23,48,42,30,32,4,12,49,9,2,41,36,33,25,16,50,3,5,37,27,11,21,35,18,34,47,24,8,6,38,22,45,29,15,28,19,43,26$1.0
425$17,40,31,46,10,13,20,44,7,1,14,16,23,48,42,30,32,4,12,49,9,2,41,36,33,25,16,50,3,5,37,27,11,21,35,18,34,47,24,8,6,38,22,45,29,15,28,19,43,26$1.0
426$17,40,31,46,10,13,20,44,7,1,14,16,23,48,42,30,32,4,12,49,9,2,41,36,33,25,16,50,3,5,37,27,11,21,35,18,34,47,24,8,6,38,22,45,29,15,28,19,43,26$1.0
427$17,40,31,46,10,13,20,44,7,1,14,16,23,48,42,30,32,4,12,49,9,2,41,36,33,25,16,50,3,5,37,27,11,21,35,18,34,47,24,8,6,38,22,45,29,15,28,19,43,26$1.0
428$17,40,31,46,10,13,20,44,7,1,14,16,23,48,42,30,32,4,12,49,9,2,41,36,33,25,16,50,3,5,37,27,11,21,35,18,34,47,24,8,6,38,22,45,29,15,28,19,43,26$1.0
429$17,40,31,46,10,13,20,44,7,1,14,16,23,48,42,30,32,4,12,49,9,2,41,36,33,25,16,50,3,5,37,27,11,21,35,18,34,47,24,8,6,38,22,45,29,15,28,19,43,26$1.0
430$17,40,31,46,10,13,20,44,7,1,14,16,23,48,42,30,32,4,12,49,9,2,41,36,33,25,16,50,3,5,37,27,11,21,35,18,34,47,24,8,6,38,22,45,29,15,28,19,43,26$1.0
431$17,40,31,46,10,13,20,44,7,1,14,16,23,48,42,30,32,4,12,49,9,2,41,36,33,25,16,50,3,5,37,27,11,21,35,18,34,47,24,8,6,38,22,45,29,15,28,19,43,26$1.0
432$17,40,31,46,10,13,20,44,7,1,14,16,23,48,42,30,32,4,12,49,9,2,41,36,33,25,16,50,3,5,37,27,11,21,35,18,34,47,24,8,6,38,22,45,29,15,28,19,43,26$1.0
433$17,40,31,46,10,13,20,44,7,1,14,16,23,48,42,30,32,4,12,49,9,2,41,36,33,25,16,50,3,5,37,27,11,21,35,18,34,47,24,8,6,38,22,45,29,15,28,19,43,26$1.0
434$17,40,31,46,10,13,20,44,7,1,14,16,23,48,42,30,32,4,12,49,9,2,41,36,33,25,16,50,3,5,37,27,11,21,35,18,34,47,24,8,6,38,22,45,29,15,28,19,43,26$1.0
435$17,40,31,46,10,13,20,44,7,1,14,16,23,48,42,30,32,4,12,49,9,2,41,36,33,25,16,50,3,5,37,27,11,21,35,18,34,47,24,8,6,38,22,45,29,15,28,19,43,26$1.0
436$17,40,31,46,10,13,20,44,7,1,14,16,23,48,42,30,32,4,12,49,9,2,41,36,33,25,16,50,3,5,37,27,11,21,35,18,34,47,24,8,6,38,22,45,29,15,28,19,43,26$1.0
437$17,40,31,46,10,13,20,44,7,1,14,16,23,48,42,30,32,4,12,49,9,2,41,36,33,25,16,50,3,5,37,27,11,21,35,18,34,47,24,8,6,38,22,45,29,15,28,19,43,26$1.0
438$17,40,31,46,10,13,20,44,7,1,14,16,23,48,42,30,32,4,12,49,9,2,41,36,33,25,16,50,3,5,37,27,11,21,35,18,34,47,24,8,6,38,22,45,29,15,28,19,43,26$1.0
439$17,40,31,46,10,13,20,44,7,1,14,16,23,48,42,30,32,4,12,49,9,2,41,36,33,25,16,50,3,5,37,27,11,21,35,18,34,47,24,8,6,38,22,45,29,15,28,19,43,26$1.0
440$17,40,31,46,10,13,20,44,7,1,14,16,23,48,42,30,32,4,12,49,9,2,41,36,33,25,16,50,3,5,37,27,11,21,35,18,34,47,24,8,6,38,22,45,29,15,28,19,43,26$1.0
441$17,40,31,46,10,13,20,44,7,1,14,16,23,48,42,30,32,4,12,49,9,2,41,36,33,25,16,50,3,5,37,27,11,21,35,18,34,47,24,8,6,38,22,45,29,15,28,19,43,26$1.0
442$17,40,31,46,10,13,20,44,7,1,14,16,23,48,42,30,32,4,12,49,9,2,41,36,33,25,16,50,3,5,37,27,11,21,35,18,34,47,24,8,6,38,22,45,29,15,28,19,43,26$1.0
443$17,40,31,46,10,13,20,44,7,1,14,16,23,48,42,30,32,4,12,49,9,2,41,36,33,25,16,50,3,5,37,27,11,21,35,18,34,47,24,8,6,38,22,45,29,15,28,19,43,26$1.0
444$17,40,31,46,10,13,20,44,7,1,14,16,23,48,42,30,32,4,12,49,9,2,41,36,33,25,16,50,3,5,37,27,11,21,35,18,34,47,24,8,6,38,22,45,29,15,28,19,43,26$1.0
445$17,40,31,46,10,13,20,44,7,1,14,16,23,48,42,30,32,4,12,49,9,2,41,36,33,25,16,50,3,5,37,27,11,21,35,18,34,47,24,8,6,38,22,45,29,15,28,19,43,26$1.0
446$17,40,31,46,10,13,20,44,7,1,14,16,23,48,42,30,32,4,12,49,9,2,41,36,33,25,16,50,3,5,37,27,11,21,35,18,34,47,24,8,6,38,22,45,29,15,28,19,43,26$1.0
447$17,40,31,46,10,13,20,44,7,1,14,16,23,48,42,30,32,4,12,49,9,2,41,36,33,25,16,50,3,5,37,27,11,21,35,18,34,47,24,8,6,38,22,45,29,15,28,19,43,26$1.0
448$17,40,31,46,10,13,20,44,7,1,14,16,23,48,42,30,32,4,12,49,9,2,41,36,33,25,16,50,3,5,37,27,11,21,35,18,34,47,24,8,6,38,22,45,29,15,28,19,43,26$1.0
449$17,40,31,46,10,13,20,44,7,1,14,16,23,48,42,30,32,4,12,49,9,2,41,36,33,25,16,50,3,5,37,27,11,21,35,18,34,47,24,8,6,38,22,45,29,15,28,19,43,26$1.0
450$17,40,31,46,10,13,20,44,7,1,14,16,23,48,42,30,32,4,12,49,9,2,41,36,33,25,16,50,3,5,37,27,11,21,35,18,34,47,24,8,6,38,22,45,29,15,28,19,43,26$1.0
451$17,40,31,46,10,13,20,44,7,1,14,16,23,48,42,30,32,4,12,49,9,2,41,36,33,25,16,50,3,5,37,27,11,21,35,18,34,47,24,8,6,38,22,45,29,15,28,19,43,26$1.0
452$17,40,31,46,10,13,20,44,7,1,14,16,23,48,42,30,32,4,12,49,9,2,41,36,33,25,16,50,3,5,37,27,11,21,35,18,34,47,24,8,6,38,22,45,29,15,28,19,43,26$1.0
453$17,40,31,46,10,13,20,44,7,1,14,16,23,48,42,30,32,4,12,49,9,2,41,36,33,25,16,50,3,5,37,27,11,21,35,18,34,47,24,8,6,38,22,45,29,15,28,19,43,26$1.0
454$17,40,31,46,10,13,20,44,7,1,14,16,23,48,42,30,32,4,12,49,9,2,41,36,33,25,16,50,3,5,37,27,11,21,35,18,34,47,24,8,6,38,22,45,29,15,28,19,43,26$1.0
455$17,40,31,46,10,13,20,44,7,1,14,16,23,48,42,30,32,4,12,49,9,2,41,36,33,25,16,50,3,5,37,27,11,21,35,18,34,47,24,8,6,38,22,45,29,15,28,19,43,26$1.0
456$17,40,31,46,10,13,20,44,7,1,14,16,23,48,42,30,32,4,12,49,9,2,41,36,33,25,16,50,3,5,37,27,11,21,35,18,34,47,24,8,6,38,22,45,29,15,28,19,43,26$1.0
457$17,40,31,46,10,39,20,44,7,1,14,16,23,48,42,30,32,4,12,49,9,2,41,36,33,25,16,50,3,5,37,27,11,21,35,18,34,47,24,8,6,38,22,45,29,15,28,19,43,26$1.0
458$17,40,31,46,10,13,20,44,7,1,14,16,23,48,42,30,32,4,12,49,9,2,41,36,33,25,16,50,3,5,37,27,11,21,35,18,34,47,24,8,6,38,22,45,29,15,28,19,43,26$1.0
459$17,40,31,46,10,13,20,44,7,1,14,16,23,48,42,30,32,4,12,49,9,2,41,36,33,25,16,50,3,5,37,27,11,21,35,18,34,47,24,8,6,38,22,45,29,15,28,19,43,26$1.0
460$17,40,31,46,10,13,20,44,7,1,14,16,23,48,42,30,32,4,12,49,9,2,41,36,33,25,16,50,3,5,37,27,11,21,35,18,34,47,24,8,6,38,22,45,29,15,28,19,43,26$1.0
461$17,40,31,46,10,13,20,44,7,1,14,16,23,48,42,30,32,4,12,49,9,2,41,36,33,25,16,50,3,5,37,27,11,21,35,18,34,47,24,8,6,38,22,45,29,15,28,19,43,26$1.0
462$17,40,31,46,10,13,20,44,7,1,14,16,23,48,42,30,32,4,12,49,9,2,41,36,33,25,16,50,3,5,37,27,11,21,35,18,34,47,24,8,6,38,22,45,29,15,28,19,43,26$1.0
463$17,40,31,46,10,39,20,44,7,1,14,16,23,48,42,30,32,4,12,49,9,2,41,36,33,25,16,50,3,5,37,27,11,21,35,18,34,47,24,8,6,38,22,45,29,15,28,19,43,26$1.0
464$17,40,31,46,10,13,20,44,7,1,14,16,23,48,42,30,32,4,12,49,9,2,41,36,33,25,16,50,3,5,37,27,11,21,35,18,34,47,24,8,6,38,22,45,29,15,28,19,43,26$1.0
465$17,40,31,46,10,13,20,44,7,1,14,16,23,48,42,30,32,4,12,49,9,2,41,36,33,25,16,50,3,5,37,27,11,21,35,18,34,47,24,8,6,38,22,45,29,15,28,19,43,26$1.0
466$17,40,31,46,10,39,20,44,7,1,14,16,23,48,42,30,32,4,12,49,9,2,41,36,33,25,16,50,3,5,37,27,11,21,35,18,34,47,24,8,6,38,22,45,29,15,28,19,43,26$1.0
467$17,40,31,46,10,13,20,44,7,1,14,16,23,48,42,30,32,4,12,49,9,2,41,36,33,25,16,50,3,5,37,27,11,21,35,18,34,47,24,8,6,38,22,45,29,15,28,19,43,26$1.0
468$17,40,31,46,10,13,20,44,7,1,14,16,23,48,42,30,32,4,12,49,9,2,41,36,33,25,16,50,3,5,37,27,11,21,35,18,34,47,24,8,6,38,22,45,29,15,28,19,43,26$1.0
469$17,40,31,46,10,13,20,44,7,1,14,16,23,48,42,30,32,4,12,49,9,2,41,36,33,25,16,50,3,5,37,27,11,21,35,18,34,47,24,8,6,38,22,45,29,15,28,19,43,26$1.0
470$17,40,31,46,10,13,20,44,7,1,14,16,23,48,42,30,32,4,12,49,9,2,41,36,33,25,16,50,3,5,37,27,11,21,35,18,34,47,24,8,6,38,22,45,29,15,28,19,43,26$1.0
471$17,40,31,46,10,13,20,44,7,1,14,16,23,48,42,30,32,4,12,49,9,2,41,36,33,25,16,50,3,5,37,27,11,21,35,18,34,47,24,8,6,38,22,45,29,15,28,19,43,26$1.0
472$17,40,31,46,10,13,20,44,7,1,14,16,23,48,42,30,32,4,12,49,9,2,41,36,33,25,16,50,3,5,37,27,11,21,35,18,34,47,24,8,6,38,22,45,29,15,28,19,43,26$1.0
473$17,40,31,46,10,13,20,44,7,1,14,16,23,48,42,30,32,4,12,49,9,2,41,36,33,25,16,50,3,5,37,27,11,21,35,18,34,47,24,8,6,38,22,45,29,15,28,19,43,26$1.0
474$17,40,31,46,10,13,20,44,7,1,14,16,23,48,42,30,32,4,12,49,9,2,41,36,33,25,16,50,3,5,37,27,11,21,35,18,34,47,24,8,6,38,22,45,29,15,28,19,43,26$1.0
475$17,40,31,46,10,13,20,44,7,1,14,16,23,48,42,30,32,4,12,49,9,2,41,36,33,25,16,50,3,5,37,27,11,21,35,18,34,47,24,8,6,38,22,45,29,15,28,19,43,26$1.0
476$17,40,31,46,10,13,20,44,7,1,14,16,23,48,42,30,32,4,12,49,9,2,41,36,33,25,16,50,3,5,37,27,11,21,35,18,34,47,24,8,6,38,22,45,29,15,28,19,43,26$1.0
477$17,40,31,46,10,13,20,44,7,1,14,16,23,48,42,30,32,4,12,49,9,2,41,36,33,25,46,50,3,5,37,27,11,21,35,18,34,47,24,8,6,38,22,45,29,15,28,19,43,26$1.0
478$17,40,31,46,10,13,20,44,7,1,14,16,23,48,42,30,32,4,12,49,9,2,41,36,33,25,16,50,3,5,37,27,11,21,35,18,34,47,24,8,6,38,22,45,29,15,28,19,43,26$1.0
479$17,40,31,46,10,13,20,44,7,1,14,16,23,48,42,30,32,4,12,49,9,2,41,36,33,25,16,50,3,5,37,27,11,21,35,18,34,47,24,8,6,38,22,45,29,15,28,19,43,26$1.0
480$17,40,31,46,10,13,20,44,7,1,14,16,23,48,42,30,32,4,12,49,9,2,41,36,33,25,16,50,3,5,37,27,11,21,35,18,34,47,24,8,6,38,22,45,29,15,28,19,43,26$1.0
481$17,40,31,46,10,13,20,44,7,1,14,16,23,48,42,30,32,4,12,49,9,2,41,36,33,25,16,50,3,5,37,27,11,21,35,18,34,47,24,8,6,38,22,45,29,15,28,19,43,26$1.0
482$17,40,31,46,10,13,20,44,7,1,14,16,23,48,42,30,32,4,12,49,9,2,41,36,33,25,16,50,3,5,37,27,11,21,35,18,34,47,24,8,6,38,22,45,29,15,28,19,43,26$1.0
483$17,40,31,46,10,13,20,44,7,1,14,16,23,48,42,30,32,4,12,49,9,2,41,36,33,25,16,50,3,5,37,27,11,21,35,18,34,47,24,8,6,38,22,45,29,15,28,19,43,26$1.0
484$17,40,31,46,10,13,20,44,7,1,14,16,23,48,42,30,32,4,12,49,9,2,41,36,33,25,16,50,3,5,37,27,11,21,35,18,34,47,24,8,6,38,22,45,29,15,28,19,43,26$1.0
485$17,40,31,46,10,13,20,44,7,1,14,16,23,48,42,30,32,4,12,49,9,2,41,36,33,25,16,50,3,5,37,27,11,21,35,18,34,47,24,8,6,38,22,45,29,15,28,19,43,26$1.0
486$17,40,31,46,10,13,20,44,7,1,14,16,23,48,42,30,32,4,12,49,9,2,41,36,33,25,46,50,3,5,37,27,11,21,35,18,34,47,24,8,6,38,22,45,29,15,28,19,43,26$1.0
487$17,40,31,46,10,13,20,44,7,1,14,16,23,48,42,30,32,4,12,49,9,2,41,36,33,25,16,50,3,5,37,27,11,21,35,18,34,47,24,8,6,38,22,45,29,15,28,19,43,26$1.0
488$17,40,31,46,10,13,20,44,7,1,14,16,23,48,42,30,32,4,12,49,9,2,41,36,33,25,16,50,3,5,37,27,11,21,35,18,34,47,24,8,6,38,22,45,29,15,28,19,43,26$1.0
489$17,40,31,46,10,13,20,44,7,1,14,16,23,48,42,30,32,4,12,49,9,2,41,36,33,25,46,50,3,5,37,27,11,21,35,18,34,47,24,8,6,38,22,45,29,15,28,19,43,26$1.0
490$17,40,31,46,10,13,20,44,7,1,14,16,23,48,42,30,32,4,12,49,9,2,41,36,33,25,16,50,3,5,37,27,11,21,35,18,34,47,24,8,6,38,22,45,29,15,28,19,43,26$1.0
491$17,40,31,46,10,13,20,44,7,1,14,16,23,48,42,30,32,4,12,49,9,2,41,36,33,25,16,50,3,5,37,27,11,21,35,18,34,47,24,8,6,38,22,45,29,15,28,19,43,26$1.0
492$17,40,31,46,10,13,20,44,7,1,14,16,23,48,42,30,32,4,12,49,9,2,41,36,33,25,16,50,3,5,37,27,11,21,35,18,34,47,24,8,6,38,22,45,29,15,28,19,43,26$1.0
493$17,40,31,46,10,13,20,44,7,1,14,16,23,48,42,30,32,4,12,49,9,2,41,36,33,25,16,50,3,5,37,27,11,21,35,18,34,47,24,8,6,38,22,45,29,15,28,19,43,26$1.0
494$17,40,31,46,10,13,20,44,7,1,14,16,23,48,42,30,32,4,12,49,9,2,41,36,33,25,16,50,3,5,37,27,11,21,35,18,34,47,24,8,6,38,22,45,29,15,28,19,43,26$1.0
495$17,40,31,46,10,13,20,44,7,1,14,16,23,48,42,30,32,4,12,49,9,2,41,36,33,25,16,50,3,5,37,27,11,21,35,18,34,47,24,8,6,38,22,45,29,15,28,19,43,26$1.0
496$17,40,31,46,10,13,20,44,7,1,14,16,23,48,42,30,32,4,12,49,9,2,41,36,33,25,16,50,3,5,37,27,11,21,35,18,34,47,24,8,6,38,22,45,29,15,28,19,43,26$1.0
497$17,40,31,46,10,13,20,44,7,1,14,16,23,48,42,30,32,4,12,49,9,2,41,36,33,25,46,50,3,5,37,27,11,21,35,18,34,47,24,8,6,38,22,45,29,15,28,19,43,26$1.0
498$17,40,31,46,10,13,20,44,7,1,14,16,23,48,42,30,32,4,12,49,9,2,41,36,33,25,16,50,3,5,37,27,11,21,35,18,34,47,24,8,6,38,22,45,29,15,28,19,43,26$1.0
499$17,40,31,46,10,13,20,44,7,1,14,16,23,48,42,30,32,4,12,49,9,2,41,36,33,25,46,50,3,5,37,27,11,21,35,18,34,47,24,8,6,38,22,45,29,15,28,19,43,26$1.0
500$17,40,31,46,10,13,20,44,7,1,14,33,23,48,42,30,32,4,12,49,9,2,41,36,33,25,16,50,3,5,37,27,11,21,35,18,34,47,24,8,6,38,22,45,29,15,28,19,43,26$1.0
501$17,40,31,46,10,13,20,44,7,1,14,33,23,48,42,30,32,4,12,49,9,2,41,36,33,25,16,50,3,5,37,27,11,21,35,18,34,47,24,8,6,38,22,45,29,15,28,19,43,26$1.0
502$17,40,31,46,10,13,20,44,7,1,14,16,23,48,42,30,32,4,12,49,9,2,41,36,33,25,16,50,3,5,37,27,11,21,35,18,34,47,24,8,6,38,22,45,29,15,28,19,43,26$1.0
503$17,40,31,46,10,13,20,44,7,1,14,16,23,48,42,30,32,4,12,49,9,2,41,36,33,25,46,50,3,5,37,27,11,21,35,18,34,47,24,8,6,38,22,45,29,15,28,19,43,26$1.0
504$17,40,31,46,10,13,20,44,7,1,14,16,23,48,42,30,32,4,12,49,9,2,41,36,33,25,46,50,3,5,37,27,11,21,35,18,34,47,24,8,6,38,22,45,29,15,28,19,43,26$1.0
505$17,40,31,46,10,13,20,44,7,1,14,16,23,48,42,30,32,4,12,49,9,2,41,36,33,25,46,50,3,5,37,27,11,21,35,18,34,47,24,8,6,38,22,45,29,15,28,19,43,26$1.0
506$17,40,31,46,10,13,20,44,7,1,14,33,23,48,42,30,32,4,12,49,9,2,41,36,33,25,16,50,3,5,37,27,11,21,35,18,34,47,24,8,6,38,22,45,29,15,28,19,43,26$1.0
507$17,40,31,46,10,13,20,44,7,1,14,16,23,48,42,30,32,4,12,49,9,2,41,36,33,25,16,50,3,5,37,27,11,21,35,18,34,47,24,8,6,38,22,45,29,15,28,19,43,26$1.0
508$17,40,31,46,10,13,20,44,7,1,14,16,23,48,42,30,32,4,12,49,9,2,41,36,33,25,46,50,3,5,37,27,11,21,35,18,34,47,24,8,6,38,22,45,29,15,28,19,43,26$1.0
509$17,40,31,46,10,13,20,44,7,1,14,16,23,48,42,30,32,4,12,49,9,2,41,36,33,25,46,50,3,5,37,27,11,21,35,18,34,47,24,8,6,38,22,45,29,15,28,19,43,26$1.0
510$17,40,31,46,10,13,20,44,7,1,14,16,23,48,42,30,32,4,12,49,9,2,41,36,33,25,16,50,3,5,37,27,11,21,35,18,34,47,24,8,6,38,22,45,29,15,28,19,43,26$1.0
511$17,40,31,46,10,13,20,44,7,1,14,16,23,48,42,30,32,4,12,49,9,2,41,36,33,25,16,50,3,5,37,27,11,21,35,18,34,47,24,8,6,38,22,45,29,15,28,19,43,26$1.0
512$17,40,31,46,10,13,20,44,7,1,14,16,23,48,42,30,32,4,12,49,9,2,41,36,33,25,46,50,3,5,37,27,11,21,35,18,34,47,24,8,6,38,22,45,29,15,28,19,43,26$1.0
513$17,40,31,46,10,13,20,44,7,1,14,16,23,48,42,30,32,4,12,49,9,2,41,36,33,25,46,50,3,5,37,27,11,21,35,18,34,47,24,8,6,38,22,45,29,15,28,19,43,26$1.0
514$17,40,31,46,10,13,20,44,7,1,14,16,23,48,42,30,32,4,12,49,9,2,41,36,33,25,46,50,3,5,37,27,11,21,35,18,34,47,24,8,6,38,22,45,29,15,28,19,43,26$1.0
515$17,40,31,46,10,13,20,44,7,1,14,16,23,48,42,30,32,4,12,49,9,2,41,36,33,25,46,50,3,5,37,27,11,21,35,18,34,47,24,8,6,38,22,45,29,15,28,19,43,26$1.0
516$17,40,31,46,10,13,20,44,7,1,14,16,23,48,42,30,32,4,12,49,9,2,41,36,33,25,46,50,3,5,37,27,11,21,35,18,34,47,24,8,6,38,22,45,29,15,28,19,43,26$1.0
517$17,40,31,46,10,13,20,44,7,1,14,16,23,48,42,30,32,4,12,49,9,2,41,36,33,25,46,50,3,5,37,27,11,21,35,18,34,47,24,8,6,38,22,45,29,15,28,19,43,26$1.0
518$17,40,31,46,10,13,20,44,7,1,14,16,23,48,42,30,32,4,12,49,9,2,41,36,33,25,46,50,3,5,37,27,11,21,35,18,34,47,24,8,6,38,22,45,29,15,28,19,43,26$1.0
519$17,40,31,46,10,13,20,44,7,1,14,16,23,48,42,30,32,4,12,49,9,2,41,36,33,25,46,50,3,5,37,27,11,21,35,18,34,47,24,8,6,38,22,45,29,15,28,19,43,26$1.0
520$17,40,31,46,10,13,20,44,7,1,14,16,23,48,42,30,32,4,12,49,9,2,41,36,33,25,46,50,3,5,37,27,11,21,35,18,34,47,24,8,6,38,22,45,29,15,28,19,43,26$1.0
521$17,40,31,46,10,13,20,44,7,1,14,16,23,48,42,30,32,4,12,49,9,2,41,36,33,25,46,50,3,5,37,27,11,21,35,18,34,47,24,8,6,38,22,45,29,15,28,19,43,26$1.0
522$17,40,31,46,10,13,20,44,7,1,14,16,23,48,42,30,32,4,12,49,9,2,41,36,33,25,46,50,3,5,37,27,11,21,35,18,34,47,24,8,6,38,22,45,29,15,28,19,43,26$1.0
523$17,40,31,46,10,13,20,44,7,1,14,16,23,48,42,30,32,4,12,49,9,2,41,36,33,25,16,50,3,5,37,27,11,21,35,18,34,47,24,8,6,38,22,45,29,15,28,19,43,26$1.0
524$17,40,31,46,10,13,20,44,7,1,14,16,23,48,42,30,32,4,12,49,9,2,41,36,33,25,46,50,3,5,37,27,11,21,35,18,34,47,24,8,6,38,22,45,29,15,28,19,43,26$1.0
525$17,40,31,46,10,13,20,44,7,1,14,16,23,48,42,30,32,4,12,49,9,2,41,36,33,25,16,50,3,5,37,27,11,21,35,18,34,47,24,8,6,38,22,45,29,15,28,19,43,26$1.0
526$17,40,31,46,10,13,20,44,7,1,14,16,23,48,42,30,32,4,12,49,9,2,41,36,33,25,46,50,3,5,37,27,11,21,35,18,34,47,24,8,6,38,22,45,29,15,28,19,43,26$1.0
527$17,40,31,46,10,13,20,44,7,1,14,16,23,48,42,30,32,4,12,49,9,2,41,36,33,25,16,50,3,5,37,27,11,21,35,18,34,47,24,8,6,38,22,45,29,15,28,19,43,26$1.0
528$17,40,31,46,10,13,20,44,7,1,14,16,23,48,42,30,32,4,12,49,9,2,41,36,33,25,46,50,3,5,37,27,11,21,35,18,34,47,24,8,6,38,22,45,29,15,28,19,43,26$1.0
529$17,40,31,46,10,13,20,44,7,1,14,16,23,48,42,30,32,4,12,49,9,2,41,36,33,25,46,50,3,5,37,27,11,21,35,18,34,47,24,8,6,38,22,45,29,15,28,19,43,26$1.0
530$17,40,31,46,10,13,20,44,7,1,14,16,23,48,42,30,32,4,12,49,9,2,41,36,33,25,46,50,3,5,37,27,11,21,35,18,34,47,24,8,6,38,22,45,29,15,28,19,43,26$1.0
531$17,40,31,46,10,13,20,44,7,1,14,16,23,48,42,30,32,4,12,49,9,2,41,36,33,25,46,50,3,5,37,27,11,21,35,18,34,47,24,8,6,38,22,45,29,15,28,19,43,26$1.0
532$17,40,31,46,10,13,20,44,7,1,14,16,23,48,42,30,32,4,12,49,9,2,41,36,33,25,46,50,3,5,37,27,11,21,35,18,34,47,24,8,6,38,22,45,29,15,28,19,43,26$1.0
533$17,40,31,46,10,13,20,44,7,1,14,16,23,48,42,30,32,4,12,49,9,2,41,36,33,25,46,50,3,5,37,27,11,21,35,18,34,47,24,8,6,38,22,45,29,15,28,19,43,26$1.0
534$17,40,31,46,10,13,20,44,7,1,14,16,23,48,42,30,32,4,12,49,9,2,41,36,33,25,46,50,3,5,37,27,11,21,35,18,34,47,24,8,6,38,22,45,29,15,28,19,43,26$1.0
535$17,40,31,46,10,13,20,44,7,1,14,16,23,48,42,30,32,4,12,49,9,2,41,36,33,25,46,50,3,5,37,27,11,21,35,18,34,47,24,8,6,38,22,45,29,15,28,19,43,26$1.0
536$17,40,31,46,10,13,20,44,7,1,14,16,23,48,42,30,32,4,12,49,9,2,41,36,33,25,46,50,3,5,37,27,11,21,35,18,34,47,24,8,6,38,22,45,29,15,28,19,43,26$1.0
537$17,40,31,46,10,13,20,44,7,1,14,16,23,48,42,30,32,4,12,49,9,2,41,36,33,25,46,50,3,5,37,27,11,21,35,18,34,47,24,8,6,38,22,45,29,15,28,19,43,26$1.0
538$17,40,31,34,10,13,20,44,7,1,14,16,23,48,42,30,32,4,12,49,9,2,41,36,33,25,46,50,3,5,37,27,11,21,35,18,34,47,24,8,6,38,22,45,29,15,28,19,43,26$1.0
539$17,40,31,46,10,13,20,44,7,1,14,16,23,48,42,30,32,4,12,49,9,2,41,36,33,25,46,50,3,5,37,27,11,21,35,18,34,47,24,8,6,38,22,45,29,15,28,19,43,26$1.0
540$17,40,31,46,10,13,20,44,7,1,14,16,23,48,42,30,32,4,12,49,9,2,41,36,33,25,46,50,3,5,37,27,11,21,35,18,34,47,24,8,6,38,22,45,29,15,28,19,43,26$1.0
541$17,40,31,46,10,13,20,44,7,1,14,16,23,48,42,30,32,4,12,49,9,2,41,36,33,25,46,50,3,5,37,27,11,21,35,18,34,47,24,8,6,38,22,45,29,15,28,19,43,26$1.0
542$17,40,31,46,10,13,20,44,7,1,14,16,23,48,42,30,32,4,12,49,9,2,41,36,33,25,46,50,3,5,37,27,11,21,35,18,34,47,24,8,6,38,22,45,29,15,28,19,43,26$1.0
543$17,40,31,46,10,13,20,44,7,1,14,16,23,48,42,30,32,4,12,49,9,2,41,36,33,25,46,50,3,5,37,27,11,21,35,18,34,47,24,8,6,38,22,45,29,15,28,19,43,26$1.0
544$17,40,31,46,10,13,20,44,7,1,14,16,23,48,42,30,32,4,12,49,9,2,41,36,33,25,46,50,3,5,37,27,11,21,35,18,34,47,24,8,6,38,22,45,29,15,28,19,43,26$1.0
545$17,40,31,46,10,13,20,44,7,1,14,16,23,48,42,30,32,4,12,49,9,2,41,36,33,25,46,50,3,5,37,27,11,21,35,18,34,47,24,8,6,38,22,45,29,15,28,19,43,26$1.0
546$17,40,31,46,10,13,20,44,7,1,14,16,23,48,42,30,32,4,12,49,9,2,41,36,33,25,46,50,3,5,37,27,11,21,35,18,34,47,24,8,6,38,22,45,29,15,28,19,43,26$1.0
547$17,40,31,46,10,13,20,44,7,1,14,16,23,48,42,30,32,4,12,49,9,2,41,36,33,25,46,50,3,5,37,27,11,21,35,18,34,47,24,8,6,38,22,45,29,15,28,19,43,26$1.0
548$17,40,31,46,10,13,20,44,7,1,14,16,23,48,42,30,32,4,12,49,9,2,41,36,33,25,46,50,3,5,37,27,11,21,35,18,34,47,24,8,6,38,22,45,29,15,28,19,43,26$1.0
549$17,40,31,46,10,13,20,44,7,1,14,16,23,48,42,30,32,4,12,49,9,2,41,36,33,25,46,50,3,5,37,27,11,21,35,18,34,47,24,8,6,38,22,45,29,15,28,19,43,26$1.0
550$17,40,31,46,10,13,20,44,7,1,14,16,23,48,42,30,32,4,12,49,9,2,41,36,33,25,46,50,3,5,37,27,11,21,35,18,34,47,24,8,6,38,22,45,29,15,28,19,43,26$1.0
551$17,40,31,46,10,13,20,44,7,1,14,16,23,48,42,30,32,4,12,49,9,2,41,36,33,25,46,50,3,5,37,27,11,21,35,18,34,47,24,8,6,38,22,45,29,15,28,19,43,26$1.0
552$17,40,31,46,10,13,20,44,7,1,14,16,23,48,42,30,32,4,12,49,9,2,41,36,33,25,46,50,3,5,37,27,11,21,35,18,34,47,24,8,6,38,22,45,29,15,28,19,43,26$1.0
553$17,40,31,46,10,13,20,44,7,1,14,16,23,48,42,30,32,4,12,49,9,2,41,36,33,25,46,50,3,5,37,27,11,21,35,18,34,47,24,8,6,38,22,45,29,15,28,19,43,26$1.0
554$17,40,31,46,10,13,20,44,7,1,14,16,23,48,42,30,32,4,12,49,9,2,41,36,33,25,46,50,3,5,37,27,11,21,35,18,34,47,24,8,6,38,22,45,29,15,28,19,43,26$1.0
555$17,40,31,46,10,13,20,44,7,1,14,16,23,48,42,30,32,4,12,49,9,2,41,36,33,25,46,50,3,5,37,27,11,21,35,18,34,47,24,8,6,38,22,45,29,15,28,19,43,26$1.0
556$17,40,31,34,10,13,20,44,7,1,14,16,23,48,42,30,32,4,12,49,9,2,41,36,33,25,46,50,3,5,37,27,11,21,35,18,34,47,24,8,6,38,22,45,29,15,28,19,43,26$1.0
557$17,40,31,46,10,13,20,44,7,1,14,16,23,48,42,30,32,4,12,49,9,2,41,36,33,25,46,50,3,5,37,27,11,21,35,18,34,47,24,8,6,38,22,45,29,15,28,19,43,26$1.0
558$17,40,31,46,10,13,20,44,7,1,14,16,23,48,42,30,32,4,12,49,9,2,41,36,33,25,46,50,3,5,37,27,11,21,35,18,34,47,24,8,6,38,22,45,29,15,28,19,43,26$1.0
559$17,40,31,46,10,13,20,44,7,1,14,16,23,48,42,30,32,4,12,49,9,2,41,36,33,25,46,50,3,5,37,27,11,21,35,18,34,47,24,8,6,38,22,45,29,15,28,19,43,26$1.0
560$17,40,31,46,10,13,20,44,7,1,14,16,23,48,42,30,32,4,12,49,9,2,41,36,33,25,46,50,3,5,37,27,11,21,35,18,34,47,24,8,6,38,22,45,29,15,28,19,43,26$1.0
561$17,40,31,46,10,13,20,44,7,1,14,16,23,48,42,30,32,4,12,49,9,2,41,36,33,25,46,50,3,5,37,27,11,21,35,18,34,47,24,8,6,38,22,45,29,15,28,19,43,26$1.0
562$17,40,31,46,10,13,20,44,7,1,14,16,23,48,42,30,32,4,12,49,9,2,41,36,33,25,46,50,3,5,37,27,11,21,35,18,34,47,24,8,6,38,22,45,29,15,28,19,43,26$1.0
563$17,40,31,46,10,13,20,44,7,1,14,16,23,48,42,30,32,4,12,49,9,2,41,36,33,25,46,50,3,5,37,27,11,21,35,18,34,47,24,8,6,38,22,45,29,15,28,19,43,26$1.0
564$17,40,31,46,10,13,20,44,7,1,14,16,23,48,42,30,32,4,12,49,9,2,41,36,33,25,46,50,3,5,37,27,11,21,35,18,34,47,24,8,6,38,22,45,29,15,28,19,43,26$1.0
565$17,40,31,46,10,39,20,44,7,1,14,16,23,48,42,30,32,4,12,49,9,2,41,36,33,25,46,50,3,5,37,27,11,21,35,18,34,47,24,8,6,38,22,45,29,15,28,19,43,26$1.0
566$17,40,31,46,10,13,20,44,7,1,14,16,23,48,42,30,32,4,12,49,9,2,41,36,33,25,46,50,3,5,37,27,11,21,35,18,34,47,24,8,6,38,22,45,29,15,28,19,43,26$1.0
567$17,40,31,46,10,13,20,44,7,1,14,16,23,48,42,30,32,4,12,49,9,2,41,36,33,25,46,50,3,5,37,27,11,21,35,18,34,47,24,8,6,38,22,45,29,15,28,19,43,26$1.0
568$17,40,31,46,10,13,20,44,7,1,14,16,23,48,42,30,32,4,12,49,9,2,41,36,33,25,46,50,3,5,37,27,11,21,35,18,34,47,24,8,6,38,22,45,29,15,28,19,43,26$1.0
569$17,40,31,46,10,13,20,44,7,1,14,16,23,48,42,30,32,4,12,49,9,2,41,36,33,25,46,50,3,5,37,27,11,21,35,18,34,47,24,8,6,38,22,45,29,15,28,19,43,26$1.0
570$17,40,31,46,10,13,20,44,7,1,14,16,23,48,42,30,32,4,12,49,9,2,41,36,33,25,46,50,3,5,37,27,11,21,35,18,34,47,24,8,6,38,22,45,29,15,28,19,43,26$1.0
571$17,40,31,46,10,13,20,44,7,1,14,16,23,48,42,30,32,4,12,49,9,2,41,36,33,25,46,50,3,5,37,27,11,21,35,18,34,47,24,8,6,38,22,45,29,15,28,19,43,26$1.0
572$17,40,31,46,10,13,20,44,7,1,14,16,23,48,42,30,32,4,12,49,9,2,41,36,33,25,46,50,3,5,37,27,11,21,35,18,34,47,24,8,6,38,22,45,29,15,28,19,43,26$1.0
573$17,40,31,46,10,13,20,44,7,1,14,16,23,48,42,30,32,4,12,49,9,2,41,36,33,25,46,50,3,5,37,27,11,21,35,18,34,47,24,8,6,38,22,45,29,15,28,19,43,26$1.0
574$17,40,31,46,10,13,20,44,7,1,14,16,23,48,42,30,32,4,12,49,9,2,41,36,33,25,46,50,3,5,37,27,11,21,35,18,34,47,24,8,6,38,22,45,29,15,28,19,43,26$1.0
575$17,40,31,46,10,13,20,44,7,1,14,16,23,48,42,30,32,4,12,49,9,2,41,36,33,25,46,50,3,5,37,27,11,21,35,18,34,47,24,8,6,38,22,45,29,15,28,19,43,26$1.0
576$17,40,31,46,10,13,20,44,7,1,14,16,23,48,42,30,32,4,12,49,9,2,41,36,33,25,46,50,3,5,37,27,11,21,35,18,34,47,24,8,6,38,22,45,29,15,28,19,43,26$1.0
577$17,40,31,46,10,13,20,44,7,1,14,16,23,48,42,30,32,4,12,49,9,2,41,36,33,25,46,50,3,5,37,27,11,21,35,18,34,47,24,8,6,38,22,45,29,15,28,19,43,26$1.0
578$17,40,31,46,10,13,20,44,7,1,14,16,23,48,42,30,32,4,12,49,9,2,41,36,33,25,46,50,3,5,37,27,11,21,35,18,34,47,24,8,6,38,22,45,29,15,28,19,43,26$1.0
579$17,40,31,46,10,13,20,44,7,1,14,16,23,48,42,30,32,4,12,49,9,2,41,36,33,25,46,50,3,5,37,27,11,21,35,18,34,47,24,8,6,38,22,45,29,15,28,19,43,26$1.0
580$17,40,31,46,10,13,20,44,7,1,14,16,23,48,42,30,32,4,12,49,9,2,41,36,33,25,46,50,3,5,37,27,11,21,35,18,34,47,24,8,6,38,22,45,29,15,28,19,43,26$1.0
581$17,40,31,46,10,13,20,44,7,1,14,16,23,48,42,30,32,4,12,49,9,2,41,36,33,25,46,50,3,5,37,27,11,21,35,18,34,47,24,8,6,38,22,45,29,15,28,19,43,26$1.0
582$17,40,31,46,10,13,20,44,7,1,14,16,23,48,42,30,32,4,12,49,9,2,41,36,33,25,46,50,3,5,37,27,11,21,35,18,34,47,24,8,6,38,22,45,29,15,28,19,43,26$1.0
583$17,40,31,46,10,13,20,44,7,1,14,16,23,48,42,30,32,4,12,49,9,2,41,36,33,25,46,50,3,5,37,27,11,21,35,18,34,47,24,8,6,38,22,45,29,15,28,19,43,26$1.0
584$17,40,31,46,10,13,20,44,7,1,14,16,23,48,42,30,32,4,12,49,9,2,41,36,33,25,46,50,3,5,37,27,11,21,35,18,34,47,24,8,6,38,22,45,29,15,28,19,43,26$1.0
585$17,40,31,46,10,13,20,44,7,1,14,16,23,48,42,30,32,4,12,49,9,2,41,36,33,25,46,50,3,5,37,27,11,21,35,18,34,47,24,8,6,38,22,45,29,15,28,19,43,26$1.0
586$17,40,31,46,10,13,20,44,7,1,14,16,23,48,42,30,32,4,12,49,9,2,41,36,33,25,46,50,3,5,37,27,11,21,35,18,34,47,24,8,6,38,22,45,29,15,28,19,43,26$1.0
587$17,40,31,46,10,13,20,44,7,1,14,16,23,48,42,30,32,4,12,49,9,2,41,36,33,25,46,50,3,5,37,27,11,21,35,18,34,47,24,8,6,38,22,45,29,15,28,19,43,26$1.0
588$17,40,31,46,10,13,20,44,7,1,14,16,23,48,42,30,32,4,12,49,9,2,41,36,33,25,46,50,3,5,37,27,11,21,35,18,34,47,24,8,6,38,22,45,29,15,28,19,43,26$1.0
589$17,40,31,46,10,13,20,44,7,1,14,16,23,48,42,30,32,4,12,49,9,2,41,36,33,25,46,50,3,5,37,27,11,21,35,18,34,47,24,8,6,38,22,45,29,15,28,19,43,26$1.0
590$17,40,31,46,10,13,20,44,7,1,14,16,23,48,42,30,32,4,12,49,9,2,41,36,33,25,46,50,3,5,37,27,11,21,35,18,34,47,24,8,6,38,22,45,29,15,28,19,43,26$1.0
591$17,40,31,46,10,13,20,44,7,1,14,16,23,48,42,30,32,4,12,49,9,2,41,36,33,25,46,50,3,5,37,27,11,21,35,18,34,47,24,8,6,38,22,45,29,15,28,19,43,26$1.0
592$17,40,31,46,10,13,20,44,7,1,14,16,23,48,42,30,32,4,12,49,9,2,41,36,33,25,46,50,3,5,37,27,11,21,35,18,34,47,24,8,6,38,22,45,29,15,28,19,43,26$1.0
593$17,40,31,39,10,13,20,44,7,1,14,16,23,48,42,30,32,4,12,49,9,2,41,36,33,25,46,50,3,5,37,27,11,21,35,18,34,47,24,8,6,38,22,45,29,15,28,19,43,26$0.0
593$17,40,31,39,10,13,20,44,7,1,14,16,23,48,42,30,32,4,12,49,9,2,41,36,33,25,46,50,3,5,37,27,11,21,35,18,34,47,24,8,6,38,22,45,29,15,28,19,43,26$0.0
