16
0$10,16,1,4,10,16,10,2,15,14,12,8,1,14,4,11$11.0
0$4,1,11,8,4,1,12,11,3,16,5,9,5,11,2,16$19.0
0$6,11,14,7,9,10,14,7,2,3,1,13,16,14,7,2$17.0
0$16,10,9,3,13,13,6,1,2,1,5,10,15,11,5,4$16.0
0$15,9,12,4,9,16,1,1,15,10,7,1,14,5,14,4$13.0
0$10,16,1,4,10,16,10,2,15,14,12,8,1,14,4,11$11.0
1$9,7,14,4,12,9,11,6,6,3,3,16,14,5,1,10$12.0
2$9,7,14,3,8,15,5,10,16,6,12,6,9,14,4,11$7.0
2$9,7,14,3,8,15,5,10,16,6,12,6,9,14,4,11$7.0
3$9,7,14,3,8,15,5,10,16,3,12,6,9,14,4,11$7.0
4$10,16,10,14,3,1,13,4,6,3,3,16,12,2,5,7$11.0
5$16,14,10,14,3,1,13,4,6,3,13,16,12,2,9,7$10.0
6$9,7,14,5,3,1,13,4,6,3,3,16,12,2,11,7$8.0
7$9,7,14,5,3,1,13,4,6,3,3,16,12,2,11,7$8.0
8$9,7,14,5,3,1,13,4,6,3,3,16,12,2,11,7$8.0
9$9,7,14,5,3,1,13,4,6,3,3,16,12,2,11,7$8.0
10$12,16,2,7,3,1,13,4,8,14,5,6,1,11,4,7$9.0
11$9,14,14,5,3,1,13,4,6,1,15,13,16,14,7,2$7.0
12$9,14,14,5,3,1,13,4,6,1,15,13,16,14,7,2$7.0
13$9,3,10,4,3,1,13,4,6,1,15,2,16,14,7,2$8.0
14$9,14,14,5,3,1,13,4,6,1,15,2,16,14,7,2$5.0
14$9,14,14,5,3,1,13,4,6,1,15,2,16,14,7,2$5.0
15$9,14,14,5,3,1,13,4,6,1,15,2,16,14,7,2$5.0
16$9,14,14,5,3,1,13,4,6,1,15,2,16,14,7,2$5.0
17$9,14,12,5,3,1,13,4,6,1,15,2,16,14,7,2$5.0
18$9,15,10,15,3,1,13,4,6,1,15,2,16,14,7,2$5.0
19$9,14,16,5,3,1,13,4,6,1,15,2,16,14,7,2$4.0
19$9,14,16,5,3,1,13,4,6,1,15,2,16,14,7,2$4.0
20$9,14,14,5,3,1,13,4,6,3,15,2,16,14,7,2$5.0
21$9,14,14,5,3,1,13,4,6,1,15,2,16,14,7,2$5.0
22$9,14,14,5,3,1,13,4,6,3,15,2,16,16,7,2$4.0
23$9,14,14,5,3,1,13,4,6,3,15,2,16,16,7,2$4.0
24$9,14,12,5,3,1,13,4,16,1,15,2,16,14,7,2$4.0
25$9,14,12,5,3,1,13,4,16,1,15,2,16,14,7,2$4.0
26$9,14,12,5,3,1,13,4,6,3,15,11,16,14,7,2$4.0
27$9,14,14,5,3,1,13,4,6,3,15,11,16,14,7,2$4.0
28$9,1,8,5,3,1,13,4,6,3,15,2,16,14,9,2$4.0
29$9,14,12,5,3,1,13,4,16,3,15,2,10,14,7,2$3.0
29$9,14,12,5,3,1,13,4,16,3,15,2,10,14,7,2$3.0
30$9,14,12,5,3,1,13,4,16,3,15,2,10,14,7,2$3.0
31$9,14,12,5,8,1,13,4,16,3,15,2,10,14,7,2$4.0
32$9,14,10,5,3,1,13,4,6,1,15,2,16,14,7,2$3.0
33$9,14,12,5,3,1,13,4,16,11,15,2,10,14,7,2$4.0
34$9,14,10,5,3,1,13,4,6,1,15,2,16,14,7,2$3.0
35$9,14,12,5,3,12,6,4,11,1,15,2,16,14,7,5$3.0
36$9,15,3,5,14,1,13,4,6,3,15,2,16,16,7,2$4.0
37$9,14,10,5,3,1,13,4,6,1,15,2,16,13,7,2$3.0
38$3,14,10,5,3,1,13,4,6,1,15,2,16,14,7,2$4.0
39$9,1,14,5,3,15,13,4,6,3,15,2,16,14,7,2$4.0
40$9,15,10,5,3,1,13,4,6,1,15,2,16,14,7,2$3.0
41$9,14,8,5,3,1,13,4,6,9,15,2,16,14,7,2$3.0
42$9,15,10,5,3,1,13,4,6,1,15,2,16,14,7,2$3.0
43$9,14,12,5,3,1,13,4,6,3,15,11,16,14,7,2$4.0
44$9,14,8,5,3,1,13,4,6,4,15,11,16,7,7,2$2.0
44$9,14,8,5,3,1,13,4,6,4,15,11,16,7,7,2$2.0
45$9,14,8,5,3,1,13,4,6,4,15,11,16,7,7,2$2.0
46$9,14,8,5,3,1,13,4,6,4,15,11,16,14,7,2$2.0
47$9,14,8,5,12,1,13,4,6,3,15,2,16,14,7,2$2.0
48$9,14,8,5,3,1,13,4,6,4,15,11,16,14,7,2$2.0
49$9,14,8,5,3,1,13,4,6,4,15,11,16,14,7,2$2.0
50$9,14,12,5,3,1,13,4,16,3,15,11,16,14,7,2$3.0
51$9,14,8,5,12,1,13,4,6,4,15,11,16,14,7,2$2.0
52$9,14,8,5,3,1,13,4,6,4,15,11,16,14,7,2$2.0
53$9,14,8,5,3,1,13,4,6,4,15,11,16,14,7,2$2.0
54$9,14,12,5,3,1,13,4,16,1,15,11,6,14,7,2$2.0
55$9,14,12,5,3,1,13,4,16,1,15,11,6,14,7,2$2.0
56$9,14,8,5,3,1,13,4,6,4,15,11,16,7,7,2$2.0
57$9,14,8,5,12,1,13,4,6,4,15,11,16,14,7,2$2.0
58$9,14,8,5,3,1,13,4,16,4,15,11,6,14,7,2$2.0
59$9,14,8,5,3,1,13,4,6,3,15,11,16,14,7,2$2.0
60$9,14,8,5,3,1,13,4,6,4,15,11,16,14,7,2$2.0
61$9,14,8,5,3,1,13,4,6,4,15,11,16,14,7,2$2.0
62$9,14,8,5,3,1,13,4,6,4,15,11,16,14,7,2$2.0
63$9,14,8,5,3,1,13,4,6,4,15,11,16,14,7,2$2.0
64$9,14,8,5,3,1,13,4,6,4,15,11,16,14,7,2$2.0
65$9,14,8,5,12,1,13,4,6,4,15,11,16,14,7,2$2.0
66$9,14,8,5,12,1,13,4,6,4,15,11,16,14,7,2$2.0
67$9,14,10,5,3,1,13,4,6,4,15,11,16,14,7,2$2.0
68$9,14,8,5,3,1,13,4,6,4,15,11,16,14,7,2$2.0
69$9,14,8,5,3,1,13,4,6,4,15,11,16,14,7,2$2.0
70$9,14,8,5,12,1,13,4,6,4,15,11,16,14,7,2$2.0
71$9,14,8,5,12,1,13,4,6,3,15,11,16,14,7,2$1.0
71$9,14,8,5,12,1,13,4,6,3,15,11,16,14,7,2$1.0
72$9,14,8,5,12,1,13,4,6,3,15,11,16,14,7,2$1.0
73$9,14,8,5,12,1,13,4,6,4,15,11,16,14,7,2$2.0
74$9,14,8,5,12,1,13,4,6,4,15,11,16,14,7,2$2.0
75$9,14,8,5,12,1,13,4,6,4,15,11,16,14,7,2$2.0
76$9,14,8,5,12,1,13,4,6,3,15,11,16,14,7,2$1.0
77$9,14,8,5,12,1,13,4,6,4,15,11,16,14,7,2$2.0
78$9,14,8,5,12,1,13,4,6,4,15,11,16,14,7,2$2.0
79$9,14,8,5,12,1,13,4,6,4,15,11,16,14,7,2$2.0
80$9,14,8,5,12,1,13,4,6,4,15,11,16,14,7,2$2.0
81$9,14,8,5,12,1,13,4,6,4,15,11,16,14,7,2$2.0
82$9,14,8,5,12,1,13,4,6,4,15,11,16,14,7,2$2.0
83$9,14,8,5,12,1,13,4,6,4,15,11,16,14,7,2$2.0
84$9,14,8,5,12,1,13,4,6,4,15,11,16,14,7,2$2.0
85$9,14,8,5,12,1,13,4,6,3,15,11,16,14,7,2$1.0
86$9,14,8,5,12,1,13,4,6,3,15,11,16,14,7,2$1.0
87$9,14,8,5,12,1,13,4,6,3,15,11,16,14,7,2$1.0
88$9,14,8,5,12,1,13,4,6,3,15,11,16,14,7,2$1.0
89$9,14,8,5,12,1,13,4,6,3,15,11,16,14,7,2$1.0
90$9,4,8,5,12,1,13,4,6,3,15,11,16,14,7,2$1.0
91$9,14,8,5,12,1,13,4,6,3,15,11,16,14,7,2$1.0
92$9,14,8,5,12,1,13,4,6,3,15,11,16,14,7,2$1.0
93$9,14,8,5,12,1,13,4,6,3,15,11,16,14,7,2$1.0
94$9,14,8,5,12,1,13,4,6,3,15,11,16,14,7,2$1.0
95$9,14,8,5,12,1,13,4,6,3,15,11,16,14,7,2$1.0
96$9,4,8,5,12,1,13,4,6,3,15,11,16,14,7,2$1.0
97$9,4,8,5,12,1,13,4,6,3,15,11,16,14,7,2$1.0
98$9,14,8,5,12,1,13,4,6,3,15,11,16,14,7,2$1.0
99$9,14,8,5,12,1,13,4,6,3,15,11,16,14,7,2$1.0
100$9,14,8,5,12,1,13,4,6,3,15,11,16,14,7,2$1.0
101$9,14,8,5,12,1,13,4,6,3,15,11,16,14,7,2$1.0
102$9,14,8,5,12,1,13,4,6,3,15,11,16,14,7,2$1.0
103$9,14,8,5,12,1,13,4,6,3,15,11,16,14,7,2$1.0
104$9,4,8,5,12,1,13,4,6,3,15,11,16,14,7,2$1.0
105$9,14,8,5,12,1,13,4,6,3,15,11,16,14,7,2$1.0
106$9,14,8,5,12,1,13,4,6,3,15,11,16,14,7,2$1.0
107$9,14,8,5,12,1,13,4,6,3,15,11,16,14,7,2$1.0
108$9,14,8,5,12,1,13,4,6,3,15,11,16,14,7,2$1.0
109$9,14,8,5,12,1,13,4,6,3,15,11,16,14,7,2$1.0
110$9,14,8,5,12,1,13,4,6,3,15,11,16,14,7,2$1.0
111$9,14,8,5,12,1,13,4,6,3,15,11,16,14,7,2$1.0
112$9,14,8,5,12,1,13,4,6,3,15,11,16,14,7,2$1.0
113$9,14,8,5,12,1,13,4,6,3,15,11,16,14,7,2$1.0
114$9,14,8,5,12,1,13,4,6,3,15,11,16,14,7,2$1.0
115$9,14,8,5,12,1,13,4,6,3,15,11,16,14,7,2$1.0
116$9,14,8,5,12,1,13,4,6,3,15,11,16,14,7,2$1.0
117$9,14,8,5,12,1,13,4,6,3,15,11,16,14,7,2$1.0
118$9,14,8,5,12,1,13,4,6,3,15,11,16,14,7,2$1.0
119$9,14,8,5,12,1,13,4,6,3,15,11,16,14,7,2$1.0
120$9,14,8,5,12,1,13,4,6,3,15,11,16,14,7,2$1.0
121$9,14,8,5,12,1,13,4,6,3,15,11,16,14,7,2$1.0
122$9,14,8,5,12,1,13,4,6,3,15,11,16,14,7,2$1.0
123$9,14,8,5,12,1,13,4,6,3,15,11,16,14,7,2$1.0
124$9,14,8,5,12,1,13,4,6,3,15,11,16,14,7,2$1.0
125$9,14,8,5,12,1,13,4,6,3,15,11,16,14,7,2$1.0
126$9,4,8,5,12,1,13,4,6,3,15,11,16,14,7,2$1.0
127$9,14,8,5,12,1,13,4,6,3,15,11,16,14,7,2$1.0
128$9,14,8,5,12,1,13,4,6,3,15,11,16,14,7,2$1.0
129$9,4,8,5,12,1,13,4,6,3,15,11,16,14,7,2$1.0
130$9,14,8,5,12,1,13,4,6,3,15,11,16,14,7,2$1.0
131$9,14,8,5,12,1,13,4,6,3,15,11,16,14,7,2$1.0
132$9,14,8,5,12,1,13,4,6,3,15,11,16,14,7,2$1.0
133$9,4,8,5,12,1,13,4,6,3,15,11,16,14,7,2$1.0
134$9,14,8,5,12,1,13,4,6,3,15,11,16,14,7,2$1.0
135$9,14,8,5,12,1,13,4,6,3,15,11,16,14,7,2$1.0
136$9,14,8,5,12,1,13,4,6,3,15,11,16,14,7,2$1.0
137$9,4,8,5,12,1,13,4,6,3,15,11,16,14,7,2$1.0
138$9,4,8,5,12,1,13,4,6,3,15,11,16,14,7,2$1.0
139$9,14,8,5,12,1,13,4,6,3,15,11,16,14,7,2$1.0
140$9,14,8,5,12,1,13,4,6,3,15,11,16,14,7,2$1.0
141$9,14,8,5,12,1,13,4,6,3,15,11,16,14,7,2$1.0
142$9,14,8,5,12,1,13,4,6,3,15,11,16,14,7,2$1.0
143$9,14,8,5,12,1,13,4,6,3,15,11,16,5,7,2$1.0
144$9,14,8,5,12,1,13,4,6,3,15,11,16,14,7,2$1.0
145$9,4,8,5,12,1,13,4,6,3,15,11,16,14,7,2$1.0
146$9,14,8,5,12,1,13,4,6,3,15,11,16,14,7,2$1.0
147$9,14,8,5,12,1,13,4,6,3,15,11,16,14,7,2$1.0
148$9,14,8,5,12,1,13,4,6,3,15,11,16,14,7,2$1.0
149$9,14,8,5,12,1,13,4,6,3,15,11,16,5,7,2$1.0
150$9,14,8,5,12,1,13,4,6,3,15,11,16,14,7,2$1.0
151$9,4,8,5,12,1,13,4,6,3,15,11,16,14,7,2$1.0
152$9,14,8,5,12,1,13,4,6,3,15,11,16,14,7,2$1.0
153$9,14,8,5,12,1,13,4,6,3,15,11,16,5,7,2$1.0
154$9,4,8,5,12,1,13,4,6,3,15,11,16,14,7,2$1.0
155$9,14,8,5,12,1,13,4,6,3,15,11,16,14,7,2$1.0
156$9,14,8,5,12,1,13,4,6,3,15,11,16,14,7,2$1.0
157$9,14,8,5,12,1,13,4,6,3,15,11,16,14,7,2$1.0
158$9,14,8,5,12,1,13,4,6,3,15,11,16,14,7,2$1.0
159$9,4,8,5,12,1,13,4,6,3,15,11,16,14,7,2$1.0
160$9,14,8,5,12,1,13,4,6,3,15,11,16,14,7,2$1.0
161$9,14,8,5,12,1,13,4,6,3,15,11,16,14,7,2$1.0
162$9,14,8,5,12,1,13,4,6,3,15,11,16,14,7,2$1.0
163$9,14,8,5,12,1,13,4,6,3,15,11,16,14,7,2$1.0
164$9,14,8,5,12,1,13,4,6,3,15,11,16,14,7,2$1.0
165$9,14,8,5,12,1,13,4,6,3,15,11,16,14,7,2$1.0
166$9,14,8,5,12,1,13,4,6,3,15,11,16,14,7,2$1.0
167$9,14,8,5,12,1,13,4,6,3,15,11,16,5,7,2$1.0
168$9,14,8,5,12,1,13,4,6,3,15,11,16,5,7,2$1.0
169$9,14,8,5,12,1,13,4,6,3,15,11,16,5,7,2$1.0
170$9,14,8,5,12,1,13,4,6,3,15,11,16,5,7,2$1.0
171$9,14,8,5,12,1,13,4,6,3,15,11,16,5,7,2$1.0
172$9,14,8,5,12,1,13,4,6,3,15,11,16,14,7,2$1.0
173$9,14,8,5,12,1,13,4,6,3,15,11,16,14,7,2$1.0
174$9,14,8,5,12,1,13,4,6,3,15,11,16,14,7,2$1.0
175$9,14,8,5,12,1,13,4,6,3,15,11,16,14,7,2$1.0
176$9,14,8,5,12,1,13,4,6,3,15,11,16,14,7,2$1.0
177$9,14,8,5,12,1,13,4,6,3,15,11,16,14,7,2$1.0
178$9,14,8,5,12,1,13,4,6,3,15,11,16,14,7,2$1.0
179$9,14,8,5,12,1,13,4,6,3,15,11,16,14,7,2$1.0
180$9,14,8,5,12,1,13,4,6,3,15,11,16,14,7,2$1.0
181$9,14,8,5,12,1,13,4,6,3,15,11,16,14,7,2$1.0
182$9,14,8,5,12,1,13,4,6,3,15,11,11,16,7,2$1.0
183$9,12,8,5,3,1,13,4,6,3,15,11,16,14,7,2$1.0
184$9,14,8,5,12,1,13,4,6,3,15,11,16,14,7,2$1.0
185$9,14,8,5,12,1,13,4,6,3,15,11,16,14,7,2$1.0
186$9,14,8,5,12,1,13,4,6,3,15,11,16,14,7,2$1.0
187$9,14,8,5,12,1,13,4,6,3,15,11,16,14,7,2$1.0
188$9,14,8,5,12,1,13,4,6,3,15,11,16,14,7,2$1.0
189$9,14,8,5,12,1,13,4,6,3,15,11,16,14,7,2$1.0
190$9,14,8,5,12,1,13,4,6,3,15,11,16,16,7,2$1.0
191$9,14,8,5,12,1,13,4,6,3,15,11,16,16,7,2$1.0
192$9,14,8,5,12,1,13,4,6,3,15,11,16,14,7,2$1.0
193$9,14,8,5,12,1,13,4,6,3,15,11,16,16,7,2$1.0
194$9,14,8,5,12,1,13,4,6,3,15,11,16,14,7,2$1.0
195$9,14,8,5,12,1,13,4,6,3,15,11,16,5,7,2$1.0
196$9,14,8,5,12,1,13,4,6,3,15,11,16,16,7,2$1.0
197$9,14,8,5,12,1,13,4,6,3,15,11,16,14,7,2$1.0
198$9,14,8,5,12,1,13,4,6,3,15,11,11,16,7,2$1.0
199$9,14,8,5,12,1,13,4,6,3,15,11,16,16,7,2$1.0
200$9,14,8,5,12,1,13,4,6,3,15,11,11,16,7,2$1.0
201$9,14,8,5,12,1,13,4,6,3,15,11,11,16,7,2$1.0
202$9,14,8,5,12,1,13,4,6,3,15,11,16,16,7,2$1.0
203$9,12,8,5,12,1,13,4,6,3,15,11,16,14,7,2$1.0
204$9,14,8,5,12,1,13,4,6,3,15,11,16,16,7,2$1.0
205$9,14,8,5,12,1,13,4,6,3,15,11,16,16,7,2$1.0
206$9,14,8,5,12,1,13,4,6,3,15,11,11,16,7,2$1.0
207$9,14,8,5,12,1,13,4,6,3,15,11,11,16,7,2$1.0
208$9,14,8,5,12,1,13,4,6,3,15,11,16,14,7,2$1.0
209$9,14,8,5,12,1,13,4,6,3,15,11,16,16,7,2$1.0
210$9,14,8,5,12,1,13,4,6,3,15,11,11,16,7,2$1.0
211$9,14,8,5,12,1,13,4,6,3,15,11,16,16,7,2$1.0
212$9,14,8,5,12,1,13,4,6,3,15,11,16,14,7,2$1.0
213$9,14,8,5,12,1,13,4,6,3,15,11,16,14,7,2$1.0
214$9,14,8,5,12,1,13,4,6,3,15,11,1,16,7,2$1.0
215$9,14,8,5,12,1,13,4,6,3,15,11,16,16,7,2$1.0
216$9,14,8,5,12,1,13,4,6,3,15,11,16,16,7,2$1.0
217$9,14,8,5,12,1,13,4,6,3,15,11,1,16,7,2$1.0
218$9,14,8,5,12,1,13,4,6,3,15,11,16,16,7,2$1.0
219$9,14,8,5,12,1,13,4,6,3,15,11,11,16,7,2$1.0
220$9,14,8,5,12,15,13,4,6,3,15,11,1,16,7,2$1.0
221$9,14,8,5,12,1,13,4,6,3,15,15,11,16,7,2$1.0
222$9,14,8,5,12,1,13,4,6,3,15,11,11,16,7,2$1.0
223$9,14,8,5,12,1,13,4,6,3,15,11,11,16,7,2$1.0
224$9,14,8,5,12,1,13,4,6,3,15,11,1,16,7,2$1.0
225$9,14,8,5,12,1,13,4,6,3,15,11,16,16,7,2$1.0
226$9,14,8,5,12,1,13,4,6,3,15,11,16,16,7,2$1.0
227$9,14,8,5,12,1,13,4,6,3,15,11,16,16,7,2$1.0
228$9,14,8,5,12,1,13,4,6,3,15,11,16,16,7,2$1.0
229$9,14,8,5,12,1,13,4,6,3,15,11,16,14,7,2$1.0
230$9,14,8,5,12,1,13,4,6,3,15,11,16,16,7,2$1.0
231$9,14,8,5,12,1,13,4,6,3,15,11,16,14,7,2$1.0
232$9,14,8,5,12,1,13,4,6,3,15,11,16,14,7,2$1.0
233$9,14,8,5,12,1,13,4,6,3,15,11,16,14,7,2$1.0
234$9,14,8,5,12,1,13,4,6,3,15,11,16,14,7,2$1.0
235$9,14,8,5,12,1,13,4,6,3,15,11,16,14,7,2$1.0
236$9,14,8,5,12,1,13,4,6,3,15,11,16,14,7,2$1.0
237$9,14,8,5,12,1,13,4,6,3,15,11,16,14,7,2$1.0
238$9,14,8,5,12,1,13,4,6,3,15,11,16,16,7,2$1.0
239$9,12,8,5,12,1,13,4,6,3,15,11,16,14,7,2$1.0
240$9,14,8,5,12,1,13,4,6,3,15,11,16,16,7,2$1.0
241$9,12,8,5,12,1,13,4,6,3,15,11,16,14,7,2$1.0
242$9,14,8,5,12,1,13,4,6,3,15,11,16,16,7,2$1.0
243$9,14,8,5,12,1,13,4,6,3,15,11,16,16,7,2$1.0
244$9,12,8,5,12,1,13,4,6,3,15,11,16,14,7,2$1.0
245$9,14,8,5,12,1,13,4,6,3,15,11,16,16,7,2$1.0
246$9,14,8,5,12,1,13,4,6,3,15,11,16,14,7,2$1.0
247$9,14,8,5,12,1,13,4,6,3,15,11,16,16,7,2$1.0
248$9,14,8,5,12,1,13,4,6,3,15,11,16,14,7,2$1.0
249$9,14,8,5,12,1,13,4,6,3,15,11,16,14,7,2$1.0
250$9,4,8,5,12,1,13,4,6,3,15,11,16,14,7,2$1.0
251$9,12,8,5,12,1,13,4,6,3,15,11,16,14,7,2$1.0
252$9,14,8,5,12,1,13,4,6,3,15,11,16,14,7,2$1.0
253$9,14,8,5,12,1,13,4,6,3,15,11,16,14,7,2$1.0
254$9,14,8,5,12,1,13,4,6,3,15,11,16,14,7,2$1.0
255$9,12,8,5,12,1,13,4,6,3,15,11,16,14,7,2$1.0
256$9,14,8,5,12,1,13,4,6,3,15,11,16,16,7,2$1.0
257$9,14,8,5,12,1,13,4,6,3,15,11,16,14,7,2$1.0
258$9,14,8,5,12,1,13,4,6,3,15,11,16,14,7,2$1.0
259$9,12,8,5,12,1,13,4,6,3,15,11,16,14,7,2$1.0
260$9,14,8,5,12,1,13,4,6,3,15,11,16,16,7,2$1.0
261$9,14,8,5,12,1,13,4,6,3,15,11,16,14,7,2$1.0
262$9,14,8,5,12,1,13,4,6,3,15,11,16,14,7,2$1.0
263$9,14,8,5,12,1,13,4,6,3,15,11,16,14,7,2$1.0
264$9,14,8,5,12,1,13,4,6,3,15,11,16,14,7,2$1.0
265$9,14,8,5,12,1,13,4,6,3,15,11,16,14,7,2$1.0
266$9,14,8,5,12,1,13,4,6,3,15,11,16,14,7,2$1.0
267$9,14,8,5,12,1,13,4,6,3,15,11,16,14,7,2$1.0
268$9,14,8,5,12,1,13,4,6,3,15,11,16,14,7,2$1.0
269$9,14,8,5,12,1,13,4,6,3,15,11,16,14,7,2$1.0
270$9,14,8,5,12,1,13,4,6,3,15,11,16,14,7,2$1.0
271$9,14,8,5,12,1,13,4,6,3,15,11,16,14,7,2$1.0
272$9,14,8,5,12,1,13,4,6,3,15,11,16,14,7,2$1.0
273$9,14,8,5,12,1,13,4,6,3,15,11,16,14,7,2$1.0
274$9,14,8,5,12,1,13,4,6,3,15,11,16,14,7,2$1.0
275$9,14,8,5,12,1,13,4,6,3,15,11,16,14,7,2$1.0
276$9,14,8,5,12,1,13,4,6,3,15,11,16,14,7,2$1.0
277$9,14,8,5,12,1,13,4,6,3,15,11,16,14,7,2$1.0
278$9,14,8,5,12,1,13,4,6,3,15,11,16,16,7,2$1.0
279$9,14,8,5,12,1,13,4,6,3,15,11,16,14,7,2$1.0
280$9,14,8,5,12,1,13,4,6,3,15,11,16,14,7,2$1.0
281$9,14,8,5,12,1,13,4,6,3,15,11,16,14,7,2$1.0
282$9,14,8,5,12,1,13,4,6,3,15,11,16,14,7,2$1.0
283$9,14,8,5,12,1,13,4,6,3,15,11,16,14,7,2$1.0
284$9,14,8,5,12,1,13,4,6,3,15,11,16,16,7,2$1.0
285$9,14,8,5,12,1,13,4,6,3,15,11,16,14,7,2$1.0
286$9,14,8,5,12,1,13,4,6,3,15,11,16,16,7,2$1.0
287$9,14,8,5,12,1,13,4,6,3,15,11,16,14,7,2$1.0
288$9,14,8,5,12,1,13,4,6,3,15,11,16,14,7,2$1.0
289$9,14,8,5,12,1,13,4,6,3,15,11,16,16,7,2$1.0
290$9,14,8,5,12,1,13,4,6,3,15,11,16,16,7,2$1.0
291$9,14,8,5,12,1,13,4,6,3,15,11,16,14,7,2$1.0
292$9,14,8,5,12,1,13,4,6,3,15,11,16,14,7,2$1.0
293$9,14,8,5,12,1,13,4,6,3,15,11,16,16,7,2$1.0
294$9,14,8,5,12,1,13,4,6,3,15,11,16,14,7,2$1.0
295$9,14,8,5,12,1,13,4,6,3,15,11,16,5,7,2$1.0
296$9,14,8,5,12,1,13,4,6,3,15,11,16,16,7,2$1.0
297$9,14,8,5,12,1,13,4,6,3,15,11,16,5,7,2$1.0
298$9,14,8,5,12,1,13,4,6,3,15,11,16,16,7,2$1.0
299$9,14,8,5,12,1,13,4,6,3,15,11,16,14,7,2$1.0
300$9,14,8,5,12,1,13,4,6,3,15,11,16,14,7,2$1.0
301$9,14,8,5,12,1,13,4,6,3,15,11,16,5,7,2$1.0
302$9,14,8,5,12,1,13,4,6,3,15,11,16,16,7,2$1.0
303$9,14,8,5,12,1,13,4,6,3,15,11,16,14,7,2$1.0
304$9,14,8,5,12,1,13,4,6,3,15,11,16,5,7,2$1.0
305$9,14,8,5,12,1,13,4,6,3,15,11,16,14,7,2$1.0
306$9,14,8,5,12,1,13,4,6,3,15,11,16,16,7,2$1.0
307$9,14,8,5,12,1,13,4,6,3,15,11,16,5,7,2$1.0
308$9,14,8,5,12,1,13,4,6,3,15,11,16,5,7,2$1.0
309$9,14,8,5,12,1,13,4,6,3,15,11,16,14,7,2$1.0
310$9,14,8,5,12,1,13,4,6,3,15,11,16,5,7,2$1.0
311$9,14,8,5,12,1,13,4,6,3,15,11,16,5,7,2$1.0
312$9,14,8,5,12,1,13,4,6,3,15,11,16,5,7,2$1.0
313$9,14,8,5,12,1,13,4,6,3,15,11,16,5,7,2$1.0
314$9,14,8,5,12,1,13,4,6,3,15,11,16,5,7,2$1.0
315$9,14,8,5,12,1,13,4,6,3,15,11,16,5,7,2$1.0
316$9,14,8,5,12,1,13,4,6,3,15,11,16,5,7,2$1.0
317$9,14,8,5,12,1,13,4,6,3,15,11,16,5,7,2$1.0
318$9,14,8,5,12,1,13,4,6,3,15,11,16,5,7,2$1.0
319$9,14,8,5,12,1,13,4,6,3,15,11,16,5,7,2$1.0
320$9,14,8,5,12,1,13,4,6,3,15,11,16,5,7,2$1.0
321$9,14,8,5,12,1,13,4,6,3,15,11,16,5,7,2$1.0
322$9,14,8,5,12,1,13,4,6,3,15,11,16,5,7,2$1.0
323$9,14,8,5,12,1,13,4,6,3,15,11,16,5,7,2$1.0
324$9,14,8,5,12,1,13,4,6,3,15,11,16,5,7,2$1.0
325$9,14,8,5,12,1,13,4,6,3,15,11,16,5,7,2$1.0
326$9,14,8,5,12,1,13,4,6,3,15,11,16,5,7,2$1.0
327$9,14,8,5,12,1,13,4,6,3,15,11,16,5,7,2$1.0
328$9,14,8,5,12,1,13,4,6,3,15,11,16,5,7,2$1.0
329$9,14,8,5,12,1,13,4,6,3,15,11,16,5,7,2$1.0
330$9,14,8,5,12,1,13,4,6,3,15,11,16,5,7,2$1.0
331$9,14,8,5,12,1,13,4,6,3,15,11,16,5,7,2$1.0
332$9,14,8,5,12,1,13,4,6,3,15,11,16,5,7,2$1.0
333$9,14,8,5,12,1,13,4,6,3,15,11,16,5,7,2$1.0
334$9,14,8,5,12,1,13,4,6,3,15,11,16,16,7,2$1.0
335$9,14,8,5,12,1,13,4,6,3,15,11,16,5,7,2$1.0
336$9,14,8,5,12,1,13,4,6,3,15,11,16,5,7,2$1.0
337$9,14,8,5,12,1,13,4,6,3,15,11,16,5,7,2$1.0
338$9,14,8,5,12,1,13,4,6,3,15,11,16,5,7,2$1.0
339$9,14,8,5,12,1,13,4,6,3,15,11,16,5,7,2$1.0
340$9,14,8,5,12,1,13,4,6,3,15,11,16,16,7,2$1.0
341$9,14,8,5,12,1,13,4,6,3,15,11,16,5,7,2$1.0
342$9,14,8,5,12,1,13,4,6,3,15,11,16,5,7,2$1.0
343$9,14,8,5,12,1,13,4,6,3,15,11,16,5,7,2$1.0
344$9,14,8,5,12,1,13,4,6,3,15,11,16,5,7,2$1.0
345$9,14,8,5,12,1,13,4,6,3,15,11,16,5,7,2$1.0
346$9,14,8,5,12,1,13,4,6,3,15,11,16,14,7,2$1.0
347$9,14,8,5,12,1,13,4,6,3,15,11,16,5,7,2$1.0
348$9,14,8,5,12,1,13,4,6,3,15,11,16,5,7,2$1.0
349$9,14,8,5,12,1,13,4,6,3,15,11,16,5,7,2$1.0
350$9,14,8,5,12,1,13,4,6,3,15,11,16,5,7,2$1.0
351$9,14,8,5,12,1,13,4,6,3,15,11,16,5,7,2$1.0
352$9,14,8,5,12,1,13,4,6,3,15,11,16,5,7,2$1.0
353$9,14,8,5,12,1,13,4,6,3,15,11,16,5,7,2$1.0
354$9,14,8,5,12,1,13,4,6,3,15,11,16,5,7,2$1.0
355$9,14,8,5,12,1,13,4,6,3,15,11,16,5,7,2$1.0
356$9,14,8,5,12,1,13,4,6,3,15,11,16,5,7,2$1.0
357$9,14,8,5,12,1,13,4,6,3,15,11,16,5,7,2$1.0
358$9,14,8,5,12,1,13,4,6,3,15,11,16,5,7,2$1.0
359$9,14,8,5,12,1,13,4,6,3,15,11,16,5,7,2$1.0
360$9,14,8,5,12,1,13,4,6,3,15,11,16,5,7,2$1.0
361$9,14,8,5,12,1,13,4,6,3,15,11,16,5,7,2$1.0
362$9,14,8,5,12,1,13,4,6,3,15,11,16,5,7,2$1.0
363$9,14,8,5,12,1,13,4,6,3,15,11,16,5,7,2$1.0
364$9,14,8,5,12,1,13,4,6,3,15,11,16,5,7,2$1.0
365$9,14,8,5,12,1,13,4,6,3,15,11,16,5,7,2$1.0
366$9,14,8,5,12,1,13,4,6,3,15,11,16,5,7,2$1.0
367$9,14,8,5,12,1,13,4,6,3,15,11,16,5,7,2$1.0
368$9,14,8,5,12,1,13,4,6,3,15,11,16,5,7,2$1.0
369$9,14,8,5,12,1,13,4,6,3,15,11,16,5,7,2$1.0
370$9,14,8,5,12,1,13,4,6,3,15,11,16,5,7,2$1.0
371$9,14,8,4,12,1,13,4,6,3,15,11,16,5,7,2$1.0
372$9,14,8,5,12,1,13,4,6,3,15,11,16,16,7,2$1.0
373$9,14,8,5,12,1,13,4,6,3,15,11,16,5,7,2$1.0
374$9,14,8,5,12,1,13,4,6,3,15,11,16,5,7,2$1.0
375$9,14,8,5,12,1,13,4,6,3,15,11,16,5,7,2$1.0
376$9,14,8,5,12,1,13,4,6,3,15,11,16,5,7,2$1.0
377$9,14,8,5,12,1,13,4,6,3,15,11,16,5,7,2$1.0
378$9,14,8,4,12,1,13,4,6,3,15,11,16,5,7,2$1.0
379$9,14,8,5,12,1,13,4,6,3,15,11,16,5,7,2$1.0
380$9,14,8,4,12,1,13,4,6,3,15,11,16,5,7,2$1.0
381$9,14,8,5,12,1,13,4,6,3,15,11,16,5,7,2$1.0
382$9,14,8,5,12,1,13,4,6,3,15,11,16,5,7,2$1.0
383$9,14,8,5,12,1,13,4,6,3,15,11,16,5,7,2$1.0
384$9,14,8,5,12,1,13,4,6,3,15,11,16,5,7,2$1.0
385$9,14,8,5,12,1,13,4,6,3,15,11,16,5,7,2$1.0
386$9,14,8,5,12,1,13,6,6,3,15,11,16,10,7,2$1.0
387$9,14,8,5,12,1,13,4,6,3,15,11,16,16,7,2$1.0
388$9,14,8,5,12,1,13,4,6,3,15,11,16,5,7,2$1.0
389$9,14,8,5,12,1,13,4,6,3,15,11,16,5,7,2$1.0
390$9,14,8,5,12,1,13,4,6,3,15,11,16,5,7,2$1.0
391$9,14,8,5,12,1,13,4,6,3,15,11,16,5,7,2$1.0
392$9,14,8,5,12,1,13,4,6,3,15,11,16,5,7,2$1.0
393$9,14,8,5,12,1,13,4,6,3,15,11,16,5,7,2$1.0
394$9,14,8,5,12,1,13,4,6,3,15,11,16,5,7,2$1.0
395$9,14,8,5,12,1,13,4,6,3,15,11,16,5,7,2$1.0
396$9,14,8,5,12,1,13,4,6,3,15,11,16,5,7,2$1.0
397$9,14,8,5,12,1,13,4,6,3,15,11,16,5,7,2$1.0
398$9,14,8,5,12,1,13,4,6,3,15,11,16,5,7,2$1.0
399$9,14,8,5,12,1,13,4,6,3,15,11,16,5,7,2$1.0
400$9,14,8,5,12,1,13,4,6,3,15,11,16,5,7,2$1.0
401$9,14,8,5,12,1,13,4,6,3,15,11,16,5,7,2$1.0
402$9,14,8,5,12,1,13,4,6,3,15,11,16,5,7,2$1.0
403$9,14,8,5,12,1,13,4,6,3,15,11,16,5,7,2$1.0
404$9,14,8,5,12,1,13,4,6,3,15,11,16,5,7,2$1.0
405$9,14,8,5,12,1,13,4,6,3,15,11,16,16,7,2$1.0
406$9,14,8,5,12,1,13,4,6,3,15,11,16,5,7,2$1.0
407$9,14,8,2,12,1,13,4,6,3,15,11,16,5,7,2$1.0
408$9,14,8,5,12,1,13,4,6,3,15,11,16,14,7,2$1.0
409$9,14,8,5,12,1,13,4,6,3,15,11,16,5,7,2$1.0
410$9,14,8,5,12,1,13,4,6,3,15,11,16,5,7,2$1.0
411$9,14,8,5,12,1,13,4,6,3,15,11,16,5,7,2$1.0
412$9,14,8,5,12,1,13,4,6,3,15,11,16,5,7,2$1.0
413$9,14,8,5,12,1,13,4,6,3,15,11,16,5,7,2$1.0
414$9,14,8,5,12,1,13,4,6,3,15,11,16,5,7,2$1.0
415$9,14,8,5,12,1,13,4,6,3,15,11,16,5,7,2$1.0
416$9,14,8,5,12,1,13,4,6,3,15,11,16,5,7,2$1.0
417$9,14,8,5,12,1,13,4,6,3,15,11,16,5,7,2$1.0
418$9,14,8,5,12,1,13,4,6,3,15,11,16,5,7,2$1.0
419$9,14,8,5,12,1,13,4,6,3,15,11,16,5,7,2$1.0
420$9,14,8,2,12,1,13,4,6,3,15,11,16,5,7,2$1.0
421$9,14,8,5,12,1,13,4,6,3,15,11,16,5,7,2$1.0
422$9,14,8,5,12,1,13,4,6,3,15,11,16,5,7,2$1.0
423$9,14,8,5,12,1,13,4,6,3,15,11,16,5,7,2$1.0
424$9,14,8,5,12,1,13,4,6,3,15,11,16,5,7,2$1.0
425$9,14,8,5,12,1,13,4,6,3,15,11,16,5,7,2$1.0
426$9,14,8,5,12,1,13,4,6,3,15,11,16,5,7,2$1.0
427$9,14,8,5,12,1,13,4,6,3,15,11,16,14,7,2$1.0
428$9,14,8,5,12,1,13,4,6,3,15,11,16,5,7,2$1.0
429$9,14,8,5,12,1,13,4,6,3,15,11,16,5,7,2$1.0
430$9,14,8,5,12,1,13,4,6,3,15,11,16,5,7,2$1.0
431$9,14,8,5,12,1,13,4,6,3,15,11,16,5,7,2$1.0
432$9,14,8,5,12,1,13,4,6,3,15,11,16,5,7,2$1.0
433$9,14,8,5,12,1,13,4,6,3,15,11,16,5,7,2$1.0
434$9,14,8,5,12,1,13,4,6,3,15,11,16,5,7,2$1.0
435$9,14,8,5,12,1,13,4,6,3,15,11,16,5,7,2$1.0
436$9,14,8,2,12,1,13,4,6,3,15,11,16,5,7,2$1.0
437$9,14,8,5,12,1,13,4,6,3,15,11,16,5,7,2$1.0
438$9,14,8,5,12,1,13,4,6,3,15,11,16,5,7,2$1.0
439$9,14,8,5,12,1,13,4,6,3,15,11,16,5,7,2$1.0
440$9,14,8,5,12,1,13,4,6,3,15,11,16,5,7,2$1.0
441$9,14,8,2,12,1,13,4,6,3,15,11,16,5,7,2$1.0
442$9,14,8,5,12,1,13,4,6,3,15,11,16,5,7,2$1.0
443$9,14,8,5,12,1,13,4,6,3,15,11,16,5,7,2$1.0
444$9,14,8,5,12,1,13,4,6,3,15,11,16,5,7,2$1.0
445$9,14,8,5,12,1,13,4,6,3,15,11,16,5,7,2$1.0
446$9,14,8,5,12,1,13,4,6,3,15,11,16,5,7,2$1.0
447$9,14,8,5,12,1,13,4,6,3,15,11,16,5,7,2$1.0
448$9,14,8,5,12,1,13,4,6,3,15,11,16,16,7,2$1.0
449$9,14,8,5,12,1,13,4,6,3,15,11,16,5,7,2$1.0
450$9,14,8,5,12,1,13,4,6,3,15,11,16,5,7,2$1.0
451$9,14,8,5,12,1,13,4,6,3,15,11,16,5,7,2$1.0
452$9,14,8,5,12,1,13,4,6,3,15,11,16,5,7,2$1.0
453$9,14,8,5,12,1,13,4,6,3,15,11,16,5,7,2$1.0
454$9,14,8,5,12,1,13,4,6,3,15,11,16,5,7,2$1.0
455$9,14,8,5,12,1,13,4,6,3,15,11,16,5,7,2$1.0
456$9,14,8,5,12,1,13,4,6,3,15,11,16,5,7,2$1.0
457$9,14,8,5,12,1,13,4,6,3,15,11,16,5,7,2$1.0
458$9,14,8,5,12,1,13,4,6,3,15,11,16,5,7,2$1.0
459$9,14,8,5,12,1,13,4,6,3,15,11,16,5,7,2$1.0
460$9,14,8,5,12,1,13,4,6,3,15,11,16,5,7,2$1.0
461$9,14,8,5,12,1,13,4,6,3,15,11,16,5,7,2$1.0
462$9,14,8,5,12,1,13,4,6,3,15,11,16,5,7,2$1.0
463$9,14,8,5,12,1,13,4,6,3,15,11,16,5,7,2$1.0
464$9,14,8,5,12,1,13,4,6,3,15,11,16,5,7,2$1.0
465$9,14,8,5,12,1,13,4,6,3,15,11,16,5,7,2$1.0
466$9,14,8,5,12,1,13,4,6,3,15,11,16,5,7,2$1.0
467$9,14,8,5,12,1,13,4,6,3,15,11,16,16,7,2$1.0
468$9,14,8,5,12,1,13,4,6,3,15,11,16,5,7,2$1.0
469$9,14,8,5,12,1,13,4,6,3,15,11,16,5,7,2$1.0
470$9,14,8,5,12,1,13,4,6,3,15,11,16,5,7,2$1.0
471$9,14,8,5,12,1,13,4,6,3,15,11,16,5,7,2$1.0
472$9,14,8,5,12,1,13,4,6,3,15,11,16,5,7,2$1.0
473$9,14,8,5,12,1,13,4,6,3,15,11,16,5,7,2$1.0
474$9,14,8,5,12,1,13,4,6,3,15,11,16,5,7,2$1.0
475$9,14,8,5,12,1,13,4,6,3,15,11,16,5,7,2$1.0
476$9,14,8,5,12,1,13,4,6,3,15,11,16,5,7,2$1.0
477$9,14,8,5,12,1,13,4,6,3,15,11,16,5,7,2$1.0
478$9,14,8,5,12,1,13,4,6,3,15,11,16,5,7,2$1.0
479$9,14,8,5,12,1,13,4,6,3,15,11,16,5,7,2$1.0
480$9,14,8,5,12,1,13,4,6,3,15,11,16,5,7,2$1.0
481$9,14,8,5,12,1,13,4,6,3,15,11,16,5,7,2$1.0
482$9,14,8,5,12,1,13,4,6,3,15,11,16,5,7,2$1.0
483$9,14,8,5,12,1,13,4,6,3,15,11,16,5,7,2$1.0
484$9,14,8,5,12,1,13,4,6,3,15,11,16,5,7,2$1.0
485$9,14,8,5,12,1,13,4,6,3,15,11,16,5,7,2$1.0
486$9,14,8,5,12,1,13,4,6,3,15,11,16,5,7,2$1.0
487$9,14,8,5,12,1,13,4,6,3,15,11,16,5,7,2$1.0
488$9,14,8,5,12,1,13,4,6,3,15,11,16,5,7,2$1.0
489$9,14,8,5,12,1,13,4,6,3,15,11,16,5,7,2$1.0
490$9,14,8,5,12,1,13,4,6,3,15,11,16,5,7,2$1.0
491$9,14,8,5,12,1,13,4,6,3,15,11,16,5,7,2$1.0
492$9,14,8,5,12,1,13,4,6,3,15,11,16,5,7,2$1.0
493$9,14,8,5,12,1,13,4,6,3,15,11,16,5,7,2$1.0
494$9,14,8,5,12,1,13,4,6,3,15,11,16,5,7,2$1.0
495$9,14,8,5,12,1,13,4,6,3,15,11,16,5,7,2$1.0
496$9,14,8,5,12,1,13,4,6,3,15,11,16,5,7,2$1.0
497$9,14,8,5,12,1,13,4,6,3,15,11,16,5,7,2$1.0
498$9,14,8,5,12,1,13,4,6,3,15,11,16,5,7,2$1.0
499$9,14,8,5,12,1,13,4,6,3,15,11,16,5,7,2$1.0
500$9,14,8,5,12,1,13,4,6,3,15,11,16,5,7,2$1.0
501$9,14,8,5,12,1,13,4,6,3,15,11,16,5,7,2$1.0
502$9,14,8,2,12,1,13,4,6,3,15,11,16,5,7,2$1.0
503$9,14,8,5,12,1,13,4,6,3,15,11,16,5,7,2$1.0
504$9,14,8,5,12,1,13,4,6,3,15,11,16,5,7,2$1.0
505$9,14,8,5,12,1,13,4,6,3,15,11,16,5,7,2$1.0
506$9,14,8,5,12,1,13,4,6,3,15,11,16,16,7,2$1.0
507$9,14,8,5,12,1,13,4,6,3,15,11,16,5,7,2$1.0
508$9,14,8,5,12,1,13,4,6,3,15,11,16,5,7,2$1.0
509$9,14,8,5,12,1,13,4,6,3,15,11,16,5,7,2$1.0
510$9,14,8,5,12,1,13,4,6,3,15,11,16,5,7,2$1.0
511$9,14,8,5,12,1,13,4,6,3,15,11,16,5,7,2$1.0
512$9,14,8,5,12,1,13,4,6,3,15,11,16,14,7,2$1.0
513$9,14,8,5,12,1,13,4,6,3,15,11,16,5,7,2$1.0
514$9,14,8,5,12,1,13,4,6,3,15,11,16,14,7,2$1.0
515$9,14,8,2,12,1,13,4,6,3,15,11,16,5,7,2$1.0
516$9,14,8,5,12,1,13,4,6,3,15,11,16,14,7,2$1.0
517$9,14,8,5,12,1,13,4,6,3,15,11,16,14,7,2$1.0
518$9,14,8,2,12,1,13,4,6,3,15,11,16,5,7,2$1.0
519$9,14,8,4,12,1,13,4,6,3,15,11,16,5,7,2$1.0
520$9,14,8,4,12,1,13,4,6,3,15,11,16,5,7,2$1.0
521$9,14,8,4,12,1,13,4,6,3,15,11,16,5,7,2$1.0
522$9,14,8,5,12,1,13,4,6,3,15,11,16,5,7,2$1.0
523$9,14,8,2,12,1,13,4,6,3,15,11,16,5,7,2$1.0
524$9,14,8,5,12,1,13,4,6,3,15,11,16,5,7,2$1.0
525$9,14,8,4,12,1,13,4,6,3,15,11,16,5,7,2$1.0
526$9,14,8,4,12,1,13,4,6,3,15,11,16,5,7,2$1.0
527$9,14,8,5,12,1,13,4,6,3,15,11,16,5,7,2$1.0
528$9,14,8,5,12,1,13,4,6,3,15,11,16,5,7,2$1.0
529$9,14,8,2,12,1,13,4,6,3,15,11,16,5,7,2$1.0
530$9,14,8,5,12,1,13,4,6,3,15,11,16,5,7,2$1.0
531$9,14,8,5,12,1,13,4,6,3,15,11,16,5,7,2$1.0
532$9,14,8,2,12,1,13,4,6,3,15,11,16,5,7,2$1.0
533$9,14,8,5,12,1,13,4,6,3,15,11,16,5,7,2$1.0
534$9,14,1,5,12,8,13,4,6,3,15,11,16,5,7,2$1.0
535$9,14,1,5,12,8,13,4,6,3,15,11,16,5,7,2$1.0
536$9,14,8,5,12,1,13,4,6,3,15,11,16,5,7,2$1.0
537$9,14,8,5,12,1,13,4,6,3,15,11,16,5,7,2$1.0
538$9,14,8,5,12,1,13,4,6,3,15,11,16,5,7,2$1.0
539$9,14,8,5,12,1,13,4,6,3,15,11,16,5,7,2$1.0
540$9,14,8,5,12,1,13,4,6,3,15,11,16,5,7,2$1.0
541$9,14,8,5,12,1,13,4,6,3,15,11,16,5,7,2$1.0
542$9,14,8,5,12,1,13,4,6,3,15,11,16,5,7,2$1.0
543$9,14,8,5,12,1,13,4,6,3,15,11,16,5,7,2$1.0
544$9,14,8,5,12,1,13,4,6,3,15,11,16,5,7,2$1.0
545$9,14,8,5,12,1,13,4,6,3,15,11,16,5,7,2$1.0
546$9,14,8,5,12,1,13,4,6,3,15,11,16,5,7,2$1.0
547$9,14,8,5,12,1,13,4,6,3,15,11,16,5,7,2$1.0
548$9,14,8,5,12,1,13,4,6,3,15,11,16,5,7,2$1.0
549$9,14,8,5,12,1,13,4,6,3,15,11,16,5,7,2$1.0
550$9,14,8,5,12,1,13,4,6,3,15,11,16,5,7,2$1.0
551$9,14,8,5,12,1,13,4,6,3,15,11,16,5,7,2$1.0
552$9,14,8,5,12,1,13,4,6,3,15,11,16,5,7,2$1.0
553$9,14,8,5,12,1,13,4,6,3,15,11,16,5,7,2$1.0
554$9,14,8,5,12,1,13,4,6,3,15,11,16,5,7,2$1.0
555$9,14,8,5,12,1,13,4,6,3,15,11,16,5,7,2$1.0
556$9,14,8,5,12,1,13,4,6,3,15,11,16,5,7,2$1.0
557$9,14,8,5,12,1,13,4,6,3,15,11,16,5,7,2$1.0
558$9,14,8,5,12,1,13,4,6,3,15,11,16,5,7,2$1.0
559$9,14,8,5,12,1,13,4,6,3,15,11,16,5,7,2$1.0
560$9,14,8,5,12,1,13,4,6,3,15,11,16,5,7,2$1.0
561$9,14,8,5,12,1,13,4,6,3,15,11,16,5,7,2$1.0
562$9,14,8,5,12,1,13,4,6,3,15,11,16,14,7,2$1.0
563$9,14,8,5,12,1,13,4,6,3,15,11,16,5,7,2$1.0
564$9,14,8,5,12,1,13,4,6,3,15,11,16,5,7,2$1.0
565$9,14,8,5,12,1,13,4,6,3,15,11,16,5,7,2$1.0
566$9,14,8,5,12,1,13,4,6,3,15,11,16,5,7,2$1.0
567$9,14,8,5,12,1,13,4,6,3,15,11,16,5,7,2$1.0
568$9,14,8,5,12,1,13,4,6,3,15,11,16,14,7,2$1.0
569$9,14,8,4,12,1,13,6,6,3,15,11,16,5,7,2$1.0
570$9,14,8,4,12,1,13,4,6,3,15,11,16,5,7,2$1.0
571$9,14,8,4,12,1,13,4,6,3,15,11,16,5,7,2$1.0
572$9,14,8,5,12,1,13,4,6,3,15,11,16,5,7,2$1.0
573$9,14,8,4,12,1,13,4,6,3,15,11,16,5,7,2$1.0
574$9,14,8,5,12,1,13,4,6,3,15,11,16,5,7,2$1.0
575$9,14,8,5,12,1,13,4,6,3,15,11,16,5,7,2$1.0
576$9,14,8,5,12,1,13,4,6,3,15,11,16,5,7,2$1.0
577$9,14,8,5,12,1,13,4,6,3,15,11,16,5,7,2$1.0
578$9,14,8,5,12,1,13,4,6,3,15,11,16,14,7,2$1.0
579$9,14,8,4,12,1,13,4,6,3,15,11,16,5,7,2$1.0
580$9,14,8,5,12,1,13,4,6,3,15,11,16,5,7,2$1.0
581$9,14,8,4,12,1,13,4,6,3,15,11,16,5,7,2$1.0
582$9,14,8,5,12,1,13,4,6,3,15,11,16,5,7,2$1.0
583$9,14,8,5,12,1,13,4,6,3,15,11,16,5,7,2$1.0
584$9,14,8,4,12,1,13,4,6,3,15,11,16,5,7,2$1.0
585$9,14,8,5,12,1,13,4,6,3,15,11,16,5,7,2$1.0
586$9,14,8,5,12,1,13,4,6,3,15,11,16,5,7,2$1.0
587$9,14,8,5,12,1,13,4,6,3,15,11,16,5,7,2$1.0
588$9,14,8,4,12,1,13,4,6,3,15,11,16,5,7,2$1.0
589$9,14,8,5,12,1,13,4,6,3,15,11,16,5,7,2$1.0
590$9,14,8,4,12,1,13,4,6,3,15,11,16,5,7,2$1.0
591$9,14,8,5,12,1,13,4,6,3,15,11,16,5,7,2$1.0
592$9,14,8,5,12,1,13,4,6,3,15,11,16,5,7,2$1.0
593$9,14,8,5,12,1,13,4,6,3,15,11,16,5,7,2$1.0
594$9,14,8,5,12,1,13,4,6,3,15,11,16,5,7,2$1.0
595$9,14,8,4,12,1,13,4,6,3,15,11,16,5,7,2$1.0
596$9,14,8,4,12,1,13,4,6,3,15,11,16,5,7,2$1.0
597$9,14,8,4,12,1,13,4,6,3,15,11,16,5,7,2$1.0
598$9,14,8,5,12,1,13,4,6,3,15,11,16,5,7,2$1.0
599$9,14,8,4,12,1,13,4,6,3,15,11,16,5,7,2$1.0
600$9,14,8,4,12,1,13,4,6,3,15,11,16,5,7,2$1.0
601$9,14,8,4,12,1,13,4,6,3,15,11,16,5,7,2$1.0
602$9,14,8,4,12,1,13,4,6,3,15,11,16,5,7,2$1.0
603$9,14,8,4,12,1,13,4,6,3,15,11,16,5,7,2$1.0
604$9,14,8,4,12,1,13,4,6,3,15,11,16,5,7,2$1.0
605$9,14,8,4,12,1,13,4,6,3,15,11,16,5,7,2$1.0
606$9,14,8,4,12,1,13,4,6,3,15,11,16,5,7,2$1.0
607$9,14,8,4,12,1,13,4,6,3,15,11,16,5,7,2$1.0
608$9,14,8,4,12,1,13,4,6,3,15,11,16,5,7,2$1.0
609$9,14,8,4,12,1,13,4,6,3,15,11,16,5,7,2$1.0
610$9,14,8,4,12,1,13,4,6,3,15,11,16,5,7,2$1.0
611$9,14,8,4,12,1,13,4,6,3,15,11,16,5,7,2$1.0
612$9,14,8,4,12,1,13,4,6,3,15,11,16,5,7,2$1.0
613$9,14,8,4,12,1,13,4,6,3,15,11,16,5,7,2$1.0
614$9,14,8,4,12,1,13,4,6,3,15,11,16,5,7,2$1.0
615$9,14,8,4,12,1,13,4,6,3,15,11,16,5,7,2$1.0
616$9,14,8,4,12,1,13,4,6,3,15,11,16,5,7,2$1.0
617$9,14,8,4,12,1,13,4,6,3,15,11,16,5,7,2$1.0
618$9,14,8,4,12,1,13,4,6,3,15,11,16,5,7,2$1.0
619$9,14,8,4,12,1,13,4,6,3,15,11,16,5,7,2$1.0
620$9,14,8,4,12,1,13,4,6,3,15,11,16,5,7,2$1.0
621$9,14,8,5,12,1,13,4,6,3,15,11,16,5,7,2$1.0
622$9,14,8,4,12,1,13,4,6,3,15,11,16,5,7,2$1.0
623$9,14,8,4,12,1,13,6,6,3,15,11,16,5,7,2$1.0
624$9,14,8,2,12,1,13,4,6,3,15,11,16,5,7,2$1.0
625$9,14,8,4,12,1,13,4,6,3,15,11,16,5,7,2$1.0
626$9,14,8,4,12,1,13,4,6,3,15,11,16,5,7,2$1.0
627$9,14,8,4,12,1,13,4,6,3,15,11,16,5,7,2$1.0
628$9,14,8,4,12,1,13,4,6,3,15,11,16,5,7,2$1.0
629$9,14,8,4,12,1,13,4,6,3,15,11,16,5,7,2$1.0
630$9,14,8,4,12,1,13,4,6,3,15,11,16,5,7,2$1.0
631$9,14,8,4,12,1,13,4,6,3,15,11,16,5,7,2$1.0
632$9,14,8,4,12,1,13,6,6,3,15,11,16,5,7,2$1.0
633$9,14,8,4,12,1,13,4,6,3,15,11,16,5,7,2$1.0
634$9,14,8,4,12,1,13,4,6,3,15,11,16,5,7,2$1.0
635$9,14,8,2,12,1,13,4,6,3,15,11,16,5,7,2$1.0
636$9,14,8,2,12,1,13,4,6,3,15,11,16,5,7,2$1.0
637$9,14,8,4,12,1,13,4,6,3,15,11,16,5,7,2$1.0
638$9,14,8,2,12,1,13,4,6,3,15,11,16,5,7,2$1.0
639$9,14,8,2,12,1,13,4,6,3,15,11,16,5,7,2$1.0
640$9,14,8,4,12,1,13,4,6,3,15,11,16,5,7,2$1.0
641$9,14,8,4,12,1,13,4,6,3,15,11,16,5,7,2$1.0
642$9,14,8,4,12,1,13,4,6,3,15,11,16,5,7,2$1.0
643$9,14,8,4,12,1,13,4,6,3,15,11,16,5,7,2$1.0
644$9,14,8,2,12,1,13,4,6,3,15,11,16,5,7,2$1.0
645$9,14,8,2,12,1,13,4,6,3,15,11,16,5,7,2$1.0
646$9,14,8,5,12,1,13,4,6,3,15,11,16,5,7,2$1.0
647$9,14,8,2,12,1,13,4,6,3,15,11,16,5,7,2$1.0
648$9,14,8,5,12,1,13,4,6,3,15,11,16,5,7,2$1.0
649$9,14,8,4,12,1,13,4,6,3,15,11,16,5,7,2$1.0
650$9,14,8,2,12,1,13,4,6,3,15,11,16,5,7,2$1.0
651$9,14,8,5,12,1,13,4,6,3,15,11,16,5,7,2$1.0
652$9,14,8,5,12,1,13,4,6,3,15,11,16,5,7,2$1.0
653$9,14,8,5,12,1,13,4,6,3,15,11,16,5,7,2$1.0
654$9,14,8,4,12,1,13,4,6,3,15,11,16,5,7,2$1.0
655$9,14,8,5,12,1,13,4,6,3,15,11,16,5,7,2$1.0
656$9,14,8,5,12,1,13,4,6,3,15,11,16,5,7,2$1.0
657$9,14,8,5,12,1,13,4,6,3,15,11,16,5,7,2$1.0
658$9,14,8,5,12,1,13,4,6,3,15,11,16,5,7,2$1.0
659$9,14,8,5,12,1,13,4,6,3,15,11,16,5,7,2$1.0
660$9,14,8,5,12,1,13,4,6,3,15,11,16,5,7,2$1.0
661$9,14,8,2,12,1,13,4,6,3,15,11,16,5,7,2$1.0
662$9,14,8,5,12,1,13,4,6,3,15,11,16,14,7,2$1.0
663$9,14,8,5,12,1,13,4,6,3,15,11,16,5,7,2$1.0
664$9,14,8,5,12,1,13,4,6,3,15,11,16,14,7,2$1.0
665$9,14,8,5,12,1,13,4,6,3,15,11,16,5,7,2$1.0
666$9,14,8,5,12,1,13,4,6,3,15,11,16,5,7,2$1.0
667$9,14,8,2,12,1,13,4,6,3,15,11,16,5,7,2$1.0
668$9,14,8,4,12,1,13,4,6,3,15,11,16,5,7,2$1.0
669$9,14,8,5,12,1,13,4,6,3,15,11,16,5,7,2$1.0
670$9,14,8,2,12,1,13,4,6,3,15,11,16,5,7,2$1.0
671$9,14,8,4,12,1,13,4,6,3,15,11,16,5,7,2$1.0
672$9,14,8,5,12,1,13,4,6,3,15,11,16,5,7,2$1.0
673$9,14,8,5,12,1,13,4,6,3,15,11,16,14,7,2$1.0
674$9,14,8,5,12,1,13,4,6,3,15,11,16,5,7,2$1.0
675$9,14,8,5,12,1,13,4,6,3,15,11,16,5,7,2$1.0
676$9,14,8,5,12,1,13,4,6,3,15,11,16,5,7,2$1.0
677$9,14,8,5,12,1,13,4,6,3,15,11,16,14,7,2$1.0
678$9,14,8,5,12,1,13,4,6,3,15,11,16,14,7,2$1.0
679$9,14,8,5,12,1,13,4,6,3,15,11,16,5,7,2$1.0
680$9,14,8,5,12,1,13,4,6,3,15,11,16,5,7,2$1.0
681$9,14,8,5,12,1,13,4,6,3,15,11,16,5,7,2$1.0
682$9,14,8,5,12,1,13,4,6,3,15,11,16,14,7,2$1.0
683$9,14,8,5,12,1,13,4,6,3,15,11,16,5,7,2$1.0
684$9,14,8,5,12,1,13,4,6,3,15,11,16,5,7,2$1.0
685$9,14,8,5,12,1,13,4,6,3,15,11,16,5,7,2$1.0
686$9,14,8,5,12,1,13,4,6,3,15,11,16,5,7,2$1.0
687$9,14,8,5,12,1,13,4,6,3,15,11,16,5,7,2$1.0
688$9,14,8,5,12,1,13,4,6,3,15,11,16,5,7,2$1.0
689$9,14,8,5,12,1,13,4,6,3,15,11,16,5,7,2$1.0
690$9,14,8,5,12,1,13,4,6,3,15,11,16,5,7,2$1.0
691$9,14,8,5,12,1,13,4,6,3,15,11,16,5,7,2$1.0
692$9,14,8,5,12,1,13,4,6,3,15,11,16,5,7,2$1.0
693$9,14,8,5,12,1,13,4,6,3,15,11,16,5,7,2$1.0
694$9,14,8,5,12,1,13,4,6,3,15,11,16,5,7,2$1.0
695$9,14,8,5,12,1,13,4,6,3,15,11,16,5,7,2$1.0
696$9,14,8,5,12,1,13,4,6,3,15,11,16,14,7,2$1.0
697$9,14,8,5,12,1,13,4,6,3,15,11,16,5,7,2$1.0
698$9,14,8,5,12,1,13,4,6,3,15,11,16,14,7,2$1.0
699$9,4,8,5,12,1,13,4,6,3,15,11,16,14,7,2$1.0
700$9,14,8,5,12,1,13,4,6,3,15,11,16,16,7,2$1.0
701$9,14,8,5,12,1,13,4,6,3,15,11,16,14,7,2$1.0
702$9,14,8,5,12,1,13,4,6,3,15,11,16,14,7,2$1.0
703$9,14,8,5,12,1,13,4,6,3,15,11,16,5,7,2$1.0
704$9,14,8,5,12,1,13,4,6,3,15,11,16,5,7,2$1.0
705$9,14,8,5,12,1,13,4,6,3,15,11,16,5,7,2$1.0
706$9,12,8,5,12,1,13,4,6,3,15,11,16,14,7,2$1.0
707$9,14,8,5,12,1,13,4,6,3,15,11,16,5,7,2$1.0
708$9,14,8,5,12,1,13,4,6,3,15,11,16,14,7,2$1.0
709$9,14,8,5,12,1,13,4,6,3,15,11,16,14,7,2$1.0
710$9,12,8,5,12,1,13,4,6,3,15,11,16,14,7,2$1.0
711$9,14,8,5,12,1,13,4,6,3,15,11,16,14,7,2$1.0
712$9,12,8,5,12,1,13,4,6,3,15,11,16,14,7,2$1.0
713$9,14,8,5,12,1,13,4,6,3,15,11,16,5,7,2$1.0
714$9,12,8,5,12,1,13,4,6,3,15,11,16,14,7,2$1.0
715$9,14,8,5,12,1,13,4,6,3,15,11,16,5,7,2$1.0
716$9,14,8,5,12,1,13,4,6,3,15,11,16,14,7,2$1.0
717$9,14,8,5,12,1,13,4,6,3,15,11,16,5,7,2$1.0
718$9,14,8,5,12,1,13,4,6,3,15,11,16,5,7,2$1.0
719$9,14,8,5,12,1,13,4,6,3,15,11,16,5,7,2$1.0
720$9,14,8,5,12,1,13,4,6,3,15,11,16,14,7,2$1.0
721$9,14,8,5,12,1,13,4,6,3,15,11,16,14,7,2$1.0
722$9,14,8,5,12,1,13,4,6,3,15,11,16,16,7,2$1.0
723$9,14,8,5,12,1,13,4,6,3,15,11,16,14,7,2$1.0
724$9,14,8,5,12,1,13,4,6,3,15,11,16,14,7,2$1.0
725$9,14,8,5,12,1,13,4,6,3,15,11,16,14,7,2$1.0
726$9,14,8,5,12,1,13,4,6,3,15,11,16,14,7,2$1.0
727$9,14,8,5,12,1,13,4,6,3,15,11,16,14,7,2$1.0
728$9,14,8,5,12,1,13,4,6,3,15,11,16,14,7,2$1.0
729$9,14,8,5,12,1,13,4,6,3,15,11,16,14,7,2$1.0
730$9,14,8,5,12,1,13,4,6,3,15,11,16,5,7,2$1.0
731$9,14,8,5,12,1,13,4,6,3,15,11,16,14,7,2$1.0
732$9,14,8,5,12,1,13,4,6,3,15,11,16,5,7,2$1.0
733$9,14,8,5,12,1,13,4,6,3,15,11,16,14,7,2$1.0
734$9,14,8,5,12,1,13,4,6,3,15,11,16,14,7,2$1.0
735$9,14,8,5,12,1,13,4,6,3,15,11,16,14,7,2$1.0
736$9,14,8,5,12,1,13,4,6,3,15,11,16,14,7,2$1.0
737$9,14,8,5,12,1,13,4,6,3,15,11,16,14,7,2$1.0
738$9,14,8,5,12,1,13,4,6,3,15,11,16,14,7,2$1.0
739$9,14,8,5,12,1,13,4,6,3,15,11,16,14,7,2$1.0
740$9,14,8,5,12,1,13,4,6,3,15,11,16,14,7,2$1.0
741$9,14,8,5,12,1,13,4,6,3,15,11,16,14,7,2$1.0
742$9,14,8,5,12,1,13,4,6,3,15,11,16,14,7,2$1.0
743$9,14,8,5,12,1,13,4,6,3,15,11,16,14,7,2$1.0
744$9,14,8,5,12,1,13,4,6,3,15,11,16,14,7,2$1.0
745$9,14,8,5,12,1,13,4,6,3,15,11,16,14,7,2$1.0
746$9,14,8,5,12,1,13,4,6,3,15,11,16,14,7,2$1.0
747$9,14,8,5,12,1,13,4,6,3,15,11,16,14,7,2$1.0
748$9,14,8,5,12,1,13,4,6,3,15,11,16,14,7,2$1.0
749$9,12,8,5,12,1,13,4,6,3,15,11,16,14,7,2$1.0
750$9,14,8,5,12,1,13,4,6,3,15,11,16,14,7,2$1.0
751$9,14,8,5,12,1,13,4,6,3,15,11,16,14,7,2$1.0
752$9,14,8,5,12,1,13,4,6,3,15,11,16,14,7,2$1.0
753$9,14,8,5,12,1,13,4,6,3,15,11,16,14,7,2$1.0
754$9,14,8,5,12,1,13,4,6,3,15,11,16,14,7,2$1.0
755$9,14,8,5,12,1,13,4,6,3,15,11,16,14,7,2$1.0
756$9,14,8,5,12,1,13,4,6,3,15,11,16,14,7,2$1.0
757$9,14,8,5,12,1,13,4,6,3,15,11,16,14,7,2$1.0
758$9,14,8,5,12,1,13,4,6,3,15,11,16,14,7,2$1.0
759$9,14,8,5,12,1,13,4,6,3,15,11,16,14,7,2$1.0
760$9,14,8,5,12,1,13,4,6,3,15,11,16,14,7,2$1.0
761$9,14,8,5,12,1,13,4,6,3,15,11,16,14,7,2$1.0
762$9,14,8,5,12,1,13,4,6,3,15,11,16,14,7,2$1.0
763$9,14,8,5,12,1,13,4,6,3,15,11,16,14,7,2$1.0
764$9,14,8,5,12,1,13,4,6,3,15,11,16,14,7,2$1.0
765$9,14,8,5,12,1,13,4,6,3,15,11,16,14,7,2$1.0
766$9,14,8,5,12,1,13,4,6,3,15,11,16,5,7,2$1.0
767$9,14,8,5,12,1,13,4,6,3,15,11,16,14,7,2$1.0
768$9,14,8,5,12,1,13,4,6,3,15,11,16,14,7,2$1.0
769$9,14,8,5,12,1,13,4,6,3,15,11,16,14,7,2$1.0
770$9,14,8,5,12,1,13,4,6,3,15,11,16,14,7,2$1.0
771$9,14,8,5,12,1,13,4,6,3,15,11,16,14,7,2$1.0
772$9,14,8,5,12,1,13,4,6,3,15,11,16,14,7,2$1.0
773$9,14,8,5,12,1,13,4,6,3,15,11,16,14,7,2$1.0
774$9,14,8,5,12,1,13,4,6,3,15,11,16,14,7,2$1.0
775$9,14,8,5,12,1,13,4,6,3,15,11,16,14,7,2$1.0
776$9,14,8,5,12,1,13,4,6,3,15,11,16,14,7,2$1.0
777$9,12,8,5,12,1,13,4,6,3,15,11,16,14,7,2$1.0
778$9,14,8,5,12,1,13,4,6,3,15,11,16,14,7,2$1.0
779$9,14,8,5,12,1,13,4,6,3,15,11,16,14,7,2$1.0
780$9,12,8,5,12,1,13,4,6,3,15,11,16,14,7,2$1.0
781$9,12,8,5,16,1,13,4,6,3,15,11,16,14,7,2$1.0
782$9,14,8,5,12,1,13,4,6,3,15,11,16,14,7,2$1.0
783$9,14,8,5,12,1,13,4,6,3,15,11,16,14,7,2$1.0
784$9,14,8,5,12,1,13,4,6,3,15,11,16,14,7,2$1.0
785$9,14,8,5,12,1,13,4,6,3,15,11,16,14,7,2$1.0
786$9,14,8,5,12,1,13,4,6,3,15,11,16,14,7,2$1.0
787$9,14,8,5,12,1,13,4,6,3,15,11,16,14,7,2$1.0
788$9,14,8,5,12,1,13,4,6,3,15,11,16,14,7,2$1.0
789$9,14,8,5,12,1,13,4,6,3,15,11,16,14,7,2$1.0
790$9,14,8,5,12,1,13,4,6,3,15,11,16,14,7,2$1.0
791$9,14,8,5,12,1,13,4,6,3,15,11,16,14,7,2$1.0
792$9,14,8,5,12,1,13,4,6,3,15,11,16,14,7,2$1.0
793$9,14,8,5,12,1,13,4,6,3,15,11,16,14,7,2$1.0
794$9,14,8,5,12,1,13,4,6,3,15,11,16,14,7,2$1.0
795$9,14,8,5,12,1,13,4,6,3,15,11,16,14,7,2$1.0
796$9,14,8,5,12,1,13,4,6,3,15,11,16,14,7,2$1.0
797$9,14,8,5,12,1,13,4,6,3,15,11,16,14,7,2$1.0
798$9,14,8,5,12,1,13,4,6,3,15,11,16,14,7,2$1.0
799$9,14,8,5,12,1,13,4,6,3,15,11,16,14,7,2$1.0
800$9,14,8,5,12,1,13,4,6,3,15,11,16,14,7,2$1.0
801$9,14,8,5,12,1,13,4,6,3,15,11,16,14,7,2$1.0
802$9,14,8,5,12,1,13,4,6,3,15,11,16,14,7,2$1.0
803$9,14,8,5,12,1,13,4,6,3,15,11,16,14,7,2$1.0
804$9,4,8,5,12,1,13,4,6,3,15,11,16,14,7,2$1.0
805$9,14,8,5,12,1,13,4,6,3,15,11,16,14,7,2$1.0
806$9,14,8,5,12,1,13,4,6,3,15,11,16,16,7,2$1.0
807$9,14,8,5,12,1,13,4,6,3,15,11,16,14,7,2$1.0
808$9,14,8,5,12,1,13,4,6,3,15,11,16,14,7,2$1.0
809$9,14,8,5,12,1,13,4,6,3,15,11,16,14,7,2$1.0
810$9,14,8,5,12,1,13,4,6,3,15,11,16,14,7,2$1.0
811$9,14,8,5,12,1,13,4,6,3,15,11,16,14,7,2$1.0
812$9,14,8,5,12,1,13,4,6,3,15,11,16,14,7,2$1.0
813$9,14,8,5,12,1,13,4,6,3,15,11,16,14,7,2$1.0
814$9,14,8,5,12,1,13,4,6,3,15,11,16,16,7,2$1.0
815$9,14,8,5,12,1,13,4,6,3,15,11,16,14,7,2$1.0
816$9,14,8,5,12,1,13,4,6,3,15,11,16,14,7,2$1.0
817$9,14,8,5,12,1,13,4,6,3,15,11,16,14,7,2$1.0
818$9,14,8,5,12,1,13,4,6,3,15,11,16,14,7,2$1.0
819$9,14,8,5,12,1,13,4,6,3,15,11,16,14,7,2$1.0
820$9,14,8,5,12,1,13,4,6,3,15,11,16,14,7,2$1.0
821$9,14,8,5,12,1,13,4,6,3,15,11,16,14,7,2$1.0
822$9,14,8,5,12,1,13,4,6,3,15,11,16,14,7,2$1.0
823$9,14,8,5,12,1,13,4,6,3,15,11,16,14,7,2$1.0
824$9,14,8,5,12,1,13,4,6,3,15,11,16,14,7,2$1.0
825$9,14,8,5,12,1,13,4,6,3,15,11,16,14,7,2$1.0
826$9,14,8,5,12,1,13,4,6,3,15,11,16,14,7,2$1.0
827$9,14,8,5,12,1,13,4,6,3,15,11,16,14,7,2$1.0
828$9,14,8,5,12,1,13,4,6,3,15,11,16,14,7,2$1.0
829$9,14,8,5,12,1,13,4,6,3,15,11,16,14,7,2$1.0
830$9,14,8,5,12,1,13,4,6,3,15,11,16,14,7,2$1.0
831$9,14,8,5,12,1,13,4,6,3,15,11,16,14,7,2$1.0
832$9,14,8,5,12,1,13,4,6,3,15,11,16,14,7,2$1.0
833$9,14,8,5,12,1,13,4,6,3,15,11,16,14,7,2$1.0
834$9,14,8,5,12,1,13,4,6,3,15,11,16,14,7,2$1.0
835$9,4,8,5,12,1,13,4,6,3,15,11,16,14,7,2$1.0
836$9,14,8,5,12,1,13,4,6,3,15,11,16,14,7,2$1.0
837$9,14,8,5,12,1,13,4,6,3,15,11,16,14,7,2$1.0
838$9,14,8,5,12,1,13,4,6,3,15,11,16,14,7,2$1.0
839$9,14,8,5,12,1,13,4,6,3,15,11,16,14,7,2$1.0
840$9,14,8,5,12,1,13,4,6,3,15,11,16,14,7,2$1.0
841$9,14,8,5,12,1,13,4,6,3,15,11,16,14,7,2$1.0
842$9,14,8,5,12,1,13,4,6,3,15,11,16,14,7,2$1.0
843$9,14,8,5,12,1,13,4,6,3,15,11,16,14,7,2$1.0
844$9,14,8,5,12,1,13,4,6,3,15,11,16,14,7,2$1.0
845$9,14,8,5,12,1,13,4,6,3,15,11,16,5,7,2$1.0
846$9,14,8,5,12,1,13,4,6,3,15,11,16,14,7,2$1.0
847$9,4,8,5,12,1,13,4,6,3,15,11,16,14,7,2$1.0
848$9,14,8,5,12,1,13,4,6,3,15,11,16,14,7,2$1.0
849$9,14,8,5,12,1,13,4,6,3,15,11,16,5,7,2$1.0
850$9,14,8,5,12,1,13,4,6,3,15,11,16,14,7,2$1.0
851$9,14,8,5,12,1,13,4,6,3,15,11,16,14,7,2$1.0
852$9,14,8,5,12,1,13,4,6,3,15,11,16,14,7,2$1.0
853$9,14,8,5,12,1,13,4,6,3,15,11,16,5,7,2$1.0
854$9,14,8,5,12,1,13,4,6,3,15,11,16,14,7,2$1.0
855$9,14,8,5,12,1,13,4,6,3,15,11,16,14,7,2$1.0
856$9,14,8,5,12,1,13,4,6,3,15,11,16,14,7,2$1.0
857$9,14,8,5,12,1,13,4,6,3,15,11,16,14,7,2$1.0
858$9,14,8,5,12,1,13,4,6,3,15,11,16,5,7,2$1.0
859$9,14,8,5,12,1,13,4,6,3,15,11,16,14,7,2$1.0
860$9,14,8,5,12,1,13,4,6,3,15,11,16,5,7,2$1.0
861$9,14,8,5,12,1,13,4,6,3,15,11,16,5,7,2$1.0
862$9,14,8,5,12,1,13,4,6,3,15,11,16,14,7,2$1.0
863$9,14,8,5,12,1,13,4,6,3,15,11,16,14,7,2$1.0
864$9,14,8,5,12,1,13,4,6,3,15,11,16,14,7,2$1.0
865$9,14,8,5,12,1,13,4,6,3,15,11,16,14,7,2$1.0
866$9,14,8,5,12,1,13,4,6,3,15,11,16,14,7,2$1.0
867$9,14,8,5,12,1,13,4,6,3,15,11,16,14,7,2$1.0
868$9,14,8,5,12,1,13,4,6,3,15,11,16,14,7,2$1.0
869$9,14,8,5,12,1,13,4,6,3,15,11,16,14,7,2$1.0
870$9,14,8,5,12,1,13,4,6,3,15,11,16,14,7,2$1.0
871$9,14,8,5,12,1,13,4,6,3,15,11,16,14,7,2$1.0
872$9,14,8,5,12,1,13,4,6,3,15,11,16,14,7,2$1.0
873$9,14,8,5,12,1,13,4,6,3,15,11,16,14,7,2$1.0
874$9,14,8,5,12,1,13,4,6,3,15,11,16,14,7,2$1.0
875$9,14,8,5,12,1,13,4,6,3,15,11,16,14,7,2$1.0
876$9,14,8,5,12,1,13,4,6,3,15,11,16,14,7,2$1.0
877$9,14,8,5,12,1,13,4,6,3,15,11,16,14,7,2$1.0
878$9,14,8,5,12,1,13,4,6,3,15,11,16,14,7,2$1.0
879$9,14,8,5,12,1,13,4,6,3,15,11,16,14,7,2$1.0
880$9,14,8,5,12,1,13,4,6,3,15,11,16,14,7,2$1.0
881$9,14,8,5,12,1,13,4,6,3,15,11,16,14,7,2$1.0
882$9,14,8,5,12,1,13,4,6,3,15,11,16,14,7,2$1.0
883$9,14,8,5,12,1,13,4,6,3,15,11,16,14,7,2$1.0
884$9,14,8,5,12,1,13,4,6,3,15,11,16,14,7,2$1.0
885$9,14,8,5,12,1,13,4,6,3,15,11,16,14,7,2$1.0
886$9,14,8,5,12,1,13,4,6,3,15,11,16,14,7,2$1.0
887$9,14,8,5,12,1,13,4,6,3,15,11,16,14,7,2$1.0
888$9,14,8,5,12,1,13,4,6,3,15,11,16,14,7,2$1.0
889$9,14,8,5,12,1,13,4,6,3,15,11,16,14,7,2$1.0
890$9,14,8,5,12,1,13,4,6,3,15,11,16,14,7,2$1.0
891$9,14,8,5,12,1,13,4,6,3,15,11,16,14,7,2$1.0
892$9,14,8,5,12,1,13,4,6,3,15,11,16,14,7,2$1.0
893$9,14,8,5,12,1,13,4,6,3,15,11,16,14,7,2$1.0
894$9,14,8,5,12,1,13,4,6,3,15,11,16,5,7,2$1.0
895$9,14,8,5,12,1,13,4,6,3,15,11,16,14,7,2$1.0
896$9,14,8,5,12,1,13,4,6,3,15,11,16,14,7,2$1.0
897$9,14,8,5,12,1,13,4,6,3,15,11,16,5,7,2$1.0
898$9,14,8,5,12,1,13,4,6,3,15,11,16,5,7,2$1.0
899$9,14,8,5,12,1,13,4,6,3,15,11,16,14,7,2$1.0
900$9,14,8,5,12,1,13,4,6,3,15,11,16,14,7,2$1.0
901$9,14,8,5,12,1,13,4,6,3,15,11,16,14,7,2$1.0
902$9,14,8,5,12,1,13,4,6,3,15,11,16,16,7,2$1.0
903$9,14,8,5,12,1,13,4,6,3,15,11,16,5,7,2$1.0
904$9,14,8,5,12,1,13,4,6,3,15,11,16,5,7,2$1.0
905$9,14,8,5,12,1,13,4,6,3,15,11,16,5,7,2$1.0
906$9,14,8,5,12,1,13,4,6,3,15,11,16,5,7,2$1.0
907$9,14,8,5,12,1,13,4,6,3,15,11,16,5,7,2$1.0
908$9,14,8,4,12,1,13,4,6,3,15,11,16,5,7,2$1.0
909$9,14,8,5,12,1,13,4,6,3,15,11,16,16,7,2$1.0
910$9,14,8,5,12,1,13,4,6,3,15,11,16,5,7,2$1.0
911$9,14,8,4,12,1,13,4,6,3,15,11,16,5,7,2$1.0
912$9,14,8,5,12,1,13,4,6,3,15,11,16,5,7,2$1.0
913$9,14,8,5,12,1,13,4,6,3,15,11,16,5,7,2$1.0
914$9,14,8,5,12,1,13,4,6,3,15,11,16,5,7,2$1.0
915$9,14,8,4,12,1,13,4,6,3,15,11,16,5,7,2$1.0
916$9,14,8,5,12,1,13,4,6,3,15,11,16,5,7,2$1.0
917$9,14,8,5,12,1,13,4,6,3,15,11,16,5,7,2$1.0
918$9,14,8,5,12,1,13,4,6,3,15,11,16,5,7,2$1.0
919$9,14,8,5,12,1,13,4,6,3,15,11,16,5,7,2$1.0
920$9,14,8,5,12,1,13,4,6,3,15,11,16,5,7,2$1.0
921$9,14,8,4,12,1,13,4,6,3,15,11,16,5,7,2$1.0
922$9,14,8,5,12,1,13,4,6,3,15,11,16,5,7,2$1.0
923$9,14,8,4,12,1,13,4,6,3,15,11,16,5,7,2$1.0
924$9,14,8,5,12,1,13,4,6,3,15,11,16,5,7,2$1.0
925$9,14,8,5,12,1,13,4,6,3,15,11,16,5,7,2$1.0
926$9,14,8,5,12,1,13,4,6,3,15,11,16,5,7,2$1.0
927$9,14,8,5,12,1,13,4,6,3,15,11,16,5,7,2$1.0
928$9,14,8,5,12,1,13,4,6,3,15,11,16,5,7,2$1.0
929$9,14,8,5,12,1,13,4,6,3,15,11,16,5,7,2$1.0
930$9,14,8,5,12,1,13,4,6,3,15,11,16,5,7,2$1.0
931$9,14,8,5,12,1,13,4,6,3,15,11,16,5,7,2$1.0
932$9,14,8,5,12,1,13,4,6,3,15,11,16,5,7,2$1.0
933$9,14,8,5,12,1,13,4,6,3,15,11,16,5,7,2$1.0
934$9,14,8,5,12,1,13,4,6,3,15,11,16,5,7,2$1.0
935$9,14,8,5,12,1,13,4,6,3,15,11,16,5,7,2$1.0
936$9,14,8,5,12,1,13,4,6,3,15,11,16,5,7,2$1.0
937$9,14,8,5,12,1,13,4,6,3,15,11,16,5,7,2$1.0
938$9,14,8,5,12,1,13,4,6,3,15,11,16,5,7,2$1.0
939$9,14,8,5,12,1,13,4,6,3,15,11,16,5,7,2$1.0
940$9,14,8,5,12,1,13,4,6,3,15,11,16,14,7,2$1.0
941$9,14,8,5,12,1,13,4,6,3,15,11,16,5,7,2$1.0
942$9,14,8,5,12,1,13,4,6,3,15,11,16,5,7,2$1.0
943$9,14,8,5,12,1,13,4,6,3,15,11,16,5,7,2$1.0
944$9,14,8,5,12,1,13,4,6,3,15,11,16,5,7,2$1.0
945$9,14,8,5,12,1,13,4,6,3,15,11,16,5,7,2$1.0
946$9,14,8,5,12,1,13,4,6,3,15,11,16,14,7,2$1.0
947$9,14,8,4,12,1,13,4,6,3,15,11,16,5,7,2$1.0
948$9,14,8,2,12,1,13,4,6,3,15,11,16,5,7,16$1.0
949$9,14,8,5,12,1,13,4,6,3,15,11,16,14,7,2$1.0
950$9,14,8,5,12,1,13,4,6,3,15,11,16,5,7,2$1.0
951$9,14,8,5,12,1,13,4,6,3,15,11,16,5,7,2$1.0
952$9,14,8,5,12,1,13,4,6,3,15,11,16,5,7,2$1.0
953$9,14,8,5,12,1,13,4,6,3,15,11,16,5,7,2$1.0
954$9,14,8,5,12,1,13,4,6,3,15,11,16,5,7,2$1.0
955$9,14,8,5,12,1,13,4,6,3,15,11,16,5,7,2$1.0
956$9,14,8,5,12,1,13,4,6,3,15,11,16,5,7,2$1.0
957$9,14,8,5,12,1,13,4,6,3,15,11,16,14,7,2$1.0
958$9,14,8,5,12,1,13,4,6,3,15,11,16,14,7,2$1.0
959$9,14,8,5,12,1,13,4,6,3,15,11,16,5,7,2$1.0
960$9,14,8,5,12,1,13,4,6,3,15,11,16,14,7,2$1.0
961$9,14,8,5,12,1,13,4,6,3,15,11,16,5,7,2$1.0
962$9,14,8,5,12,1,13,4,6,3,15,11,16,5,7,2$1.0
963$9,14,8,5,12,1,13,4,6,3,15,11,16,14,7,2$1.0
964$9,14,8,5,12,1,13,4,6,3,15,11,16,5,7,2$1.0
965$9,14,8,5,12,1,13,4,6,3,15,11,16,16,7,2$1.0
966$9,14,8,5,12,1,13,4,6,3,15,11,16,14,7,2$1.0
967$9,14,8,2,12,1,13,4,6,3,15,11,16,5,7,2$1.0
968$9,14,8,5,12,1,13,4,6,3,15,11,16,5,7,2$1.0
969$9,14,8,5,12,1,13,4,6,3,15,11,16,5,7,2$1.0
970$9,14,8,5,12,1,13,4,6,3,15,11,16,5,7,2$1.0
971$9,14,8,5,12,1,13,4,6,3,15,11,16,14,7,2$1.0
972$9,14,8,5,12,1,13,4,6,3,15,11,16,5,7,2$1.0
973$9,14,8,5,12,1,13,4,6,3,15,11,16,14,7,2$1.0
974$9,14,8,5,12,1,13,4,6,3,15,11,16,16,7,2$1.0
975$9,14,8,5,12,1,13,4,6,3,15,11,16,5,7,2$1.0
976$9,14,8,5,12,1,13,4,6,3,15,11,16,5,7,2$1.0
977$9,14,8,5,12,1,13,4,6,3,15,11,16,5,7,2$1.0
978$9,14,8,5,12,1,13,4,6,3,15,11,16,5,7,2$1.0
979$9,14,8,5,12,1,13,4,6,3,15,11,16,14,7,2$1.0
980$9,14,8,5,12,1,13,4,6,3,15,11,16,5,7,2$1.0
981$9,14,8,5,12,1,13,4,6,3,15,11,16,16,7,2$1.0
982$9,14,8,5,12,1,13,4,6,3,15,11,16,5,7,2$1.0
983$9,14,8,5,12,1,13,4,6,3,15,11,16,5,7,2$1.0
984$9,14,8,5,12,1,13,4,6,3,15,11,16,5,7,2$1.0
985$9,14,8,5,12,1,13,4,6,3,15,11,11,16,7,2$1.0
986$9,14,8,5,12,1,13,4,6,3,15,11,16,5,7,2$1.0
987$9,14,8,5,12,1,13,4,6,3,15,11,16,5,7,2$1.0
988$9,14,8,5,12,1,13,4,6,3,15,11,16,5,7,2$1.0
989$9,14,8,5,12,1,13,4,6,3,15,11,16,5,7,2$1.0
990$9,14,8,5,12,1,13,4,6,3,15,11,16,5,7,2$1.0
991$9,14,8,5,12,1,13,4,6,3,15,11,16,5,7,2$1.0
992$9,14,8,5,12,1,13,4,6,3,15,11,16,5,7,2$1.0
993$9,14,8,5,12,1,13,4,6,3,15,11,16,5,7,2$1.0
994$9,14,8,5,12,1,13,4,6,3,15,11,16,5,7,2$1.0
995$9,14,8,5,12,1,13,4,6,3,15,11,16,5,7,2$1.0
996$9,14,8,5,12,1,13,4,6,3,15,11,16,16,7,2$1.0
997$9,14,8,5,12,1,13,4,6,3,15,11,16,5,7,2$1.0
998$9,14,8,5,12,1,13,4,6,3,15,11,16,5,7,2$1.0
999$9,14,8,5,12,1,13,4,6,3,15,11,16,5,7,2$1.0
1000$9,14,8,5,12,1,13,4,6,3,15,11,16,5,7,2$1.0
1001$9,14,8,2,12,1,13,4,6,3,15,11,16,5,7,2$1.0
1002$9,14,8,5,12,1,13,4,6,3,15,11,16,5,7,2$1.0
1003$9,14,8,5,12,1,13,4,6,3,15,11,16,5,7,2$1.0
1004$9,14,8,5,12,1,13,4,6,3,15,11,16,5,7,2$1.0
1005$9,14,8,5,12,1,13,4,6,3,15,11,16,5,7,2$1.0
1006$9,14,8,5,12,1,13,4,6,3,15,11,16,5,7,2$1.0
1007$9,14,8,5,12,1,13,4,6,3,15,11,16,5,7,2$1.0
1008$9,14,8,2,12,1,13,4,6,3,15,11,16,5,7,2$1.0
1009$9,14,8,2,12,1,13,4,6,3,15,11,16,5,7,2$1.0
1010$9,14,8,2,12,1,13,4,6,3,15,11,16,5,7,2$1.0
1011$9,14,8,5,12,1,13,4,6,3,15,11,16,5,7,2$1.0
1012$9,14,8,2,12,1,13,4,6,3,15,11,16,5,7,2$1.0
1013$9,14,8,5,12,1,13,4,6,3,15,11,16,5,7,2$1.0
1014$9,14,8,5,12,1,13,4,6,3,15,11,16,5,7,2$1.0
1015$9,14,8,5,12,1,13,4,6,3,15,11,16,5,7,2$1.0
1016$9,14,8,5,12,1,13,4,6,3,15,11,16,5,7,2$1.0
1017$9,14,8,5,12,1,13,4,6,3,15,11,16,5,7,2$1.0
1018$9,14,8,5,12,1,13,4,6,3,15,11,16,5,7,2$1.0
1019$9,14,8,5,12,1,13,4,6,3,15,11,16,5,7,2$1.0
1020$9,14,8,5,12,1,13,4,6,3,15,11,16,16,7,2$1.0
1021$9,14,8,5,12,1,13,4,6,3,15,11,16,5,7,2$1.0
1022$9,14,8,5,12,1,13,4,6,3,15,11,16,5,7,2$1.0
1023$9,14,8,5,12,1,13,4,6,3,15,11,16,5,7,2$1.0
1024$9,14,8,5,12,1,13,4,6,3,15,11,16,5,7,2$1.0
1025$9,14,8,5,12,1,13,4,6,3,15,11,16,5,7,2$1.0
1026$9,14,8,5,12,1,13,4,6,3,15,11,16,5,7,2$1.0
1027$9,14,8,5,12,1,13,4,6,3,15,11,16,5,7,2$1.0
1028$9,14,8,5,12,1,13,4,6,3,15,11,16,5,7,2$1.0
1029$9,14,8,5,12,1,13,4,6,3,15,11,16,5,7,2$1.0
1030$9,14,8,5,12,1,13,4,6,3,15,11,16,5,7,2$1.0
1031$9,14,8,5,12,1,13,4,6,3,15,11,16,5,7,2$1.0
1032$9,14,8,5,12,1,13,4,6,3,15,11,16,16,7,2$1.0
1033$9,14,8,5,12,1,13,4,6,3,15,11,16,5,7,2$1.0
1034$9,14,8,5,12,1,13,4,6,3,15,11,16,5,7,2$1.0
1035$9,14,8,5,12,1,13,4,6,3,15,11,16,5,7,2$1.0
1036$9,14,8,5,12,1,13,4,6,3,15,11,16,5,7,2$1.0
1037$9,14,8,5,12,1,13,4,6,3,15,11,16,5,7,2$1.0
1038$9,14,8,5,12,1,13,4,6,3,15,11,16,5,7,2$1.0
1039$9,14,8,5,12,1,13,4,6,3,15,11,16,5,7,2$1.0
1040$9,14,8,5,12,1,13,4,6,3,15,11,16,5,7,2$1.0
1041$9,14,8,5,12,1,13,4,6,3,15,11,16,5,7,2$1.0
1042$9,14,8,5,12,1,13,4,6,3,15,11,16,5,7,2$1.0
1043$9,14,8,5,12,1,13,4,6,3,15,11,16,5,7,2$1.0
1044$9,14,8,5,12,1,13,4,6,3,15,11,16,5,7,2$1.0
1045$9,14,8,5,12,1,13,4,6,3,15,11,16,5,7,2$1.0
1046$9,14,8,5,12,1,13,4,6,3,15,11,16,5,7,2$1.0
1047$9,14,8,5,12,1,13,4,6,3,15,11,16,5,7,2$1.0
1048$9,14,8,5,12,1,13,4,6,3,15,11,16,16,7,2$1.0
1049$9,14,8,5,12,1,13,4,6,3,15,11,16,5,7,2$1.0
1050$9,14,8,4,12,1,13,4,6,3,15,11,16,5,7,2$1.0
1051$9,14,8,5,12,1,13,4,6,3,15,11,16,5,7,2$1.0
1052$9,14,8,5,12,1,13,4,6,3,15,11,16,5,7,2$1.0
1053$9,14,8,5,12,1,13,4,6,3,15,11,16,5,7,2$1.0
1054$9,14,8,2,12,1,13,4,6,3,15,11,16,5,7,2$1.0
1055$9,14,8,5,12,1,13,4,6,3,15,11,16,5,7,2$1.0
1056$9,14,8,2,12,1,13,4,6,3,15,11,16,5,7,2$1.0
1057$9,14,8,5,12,1,13,4,6,3,15,11,16,5,7,2$1.0
1058$9,14,8,5,12,1,13,4,6,3,15,11,16,5,7,2$1.0
1059$9,14,8,2,12,1,13,4,6,3,15,11,16,5,7,2$1.0
1060$9,14,8,5,12,1,13,4,6,3,15,11,16,5,7,2$1.0
1061$9,14,8,5,12,1,13,4,6,3,15,11,16,5,7,2$1.0
1062$9,14,8,5,12,1,13,4,6,3,15,11,16,5,7,2$1.0
1063$9,14,8,5,12,1,13,4,6,3,15,11,16,5,7,2$1.0
1064$9,14,8,5,12,1,13,4,6,3,15,11,16,5,7,2$1.0
1065$9,14,8,5,12,1,13,4,6,3,15,11,16,16,7,2$1.0
1066$9,14,8,5,12,1,13,4,6,3,15,11,16,5,7,2$1.0
1067$9,14,8,5,12,1,13,4,6,3,15,11,16,5,7,2$1.0
1068$9,14,8,5,12,1,13,4,6,3,15,11,16,5,7,2$1.0
1069$9,14,8,5,12,1,13,4,6,3,15,11,16,5,7,2$1.0
1070$9,14,8,5,12,1,13,4,6,3,15,11,16,5,7,2$1.0
1071$9,14,8,5,12,1,13,4,6,3,15,11,16,5,7,2$1.0
1072$9,14,8,5,12,1,13,4,6,3,15,11,16,5,7,2$1.0
1073$9,14,8,5,12,1,13,4,6,3,15,11,16,5,7,2$1.0
1074$9,14,8,5,12,1,13,4,6,3,15,11,16,5,7,2$1.0
1075$9,14,8,5,12,1,13,4,6,3,15,11,16,5,7,2$1.0
1076$9,14,8,5,12,1,13,4,6,3,15,11,16,5,7,2$1.0
1077$9,14,8,5,12,1,13,4,6,3,15,11,16,5,7,2$1.0
1078$9,14,8,5,12,1,13,4,6,3,15,11,16,5,7,2$1.0
1079$9,14,8,5,12,1,13,4,6,3,15,11,16,5,7,2$1.0
1080$9,14,8,5,12,1,13,4,6,3,15,11,16,5,7,2$1.0
1081$9,14,8,5,12,1,13,4,6,3,15,11,16,5,7,2$1.0
1082$9,14,8,5,12,1,13,4,6,3,15,11,16,5,7,2$1.0
1083$9,14,8,5,12,1,13,4,6,3,15,11,16,5,7,2$1.0
1084$9,14,8,5,12,1,13,4,6,3,15,11,16,5,7,2$1.0
1085$9,14,8,5,12,1,13,4,6,3,15,11,16,5,7,2$1.0
1086$9,14,8,5,12,1,13,4,6,3,15,11,16,5,7,2$1.0
1087$9,14,8,5,12,1,13,4,6,3,15,11,16,5,7,2$1.0
1088$9,14,8,2,12,1,13,4,6,3,15,11,16,5,7,16$1.0
1089$9,14,8,5,12,1,13,4,6,3,15,11,16,5,7,2$1.0
1090$9,12,8,5,12,1,13,4,6,3,15,11,16,14,7,2$1.0
1091$9,14,8,5,12,1,13,4,6,3,15,11,16,5,7,2$1.0
1092$9,14,8,5,12,1,13,4,6,3,15,11,16,5,7,2$1.0
1093$9,14,8,5,12,1,13,4,6,3,15,11,16,14,7,2$1.0
1094$9,14,8,5,12,1,13,4,6,3,15,11,16,5,7,2$1.0
1095$9,14,8,5,12,1,13,4,6,3,15,11,16,5,7,2$1.0
1096$9,14,8,5,12,1,13,4,6,3,15,11,16,5,7,2$1.0
1097$9,14,8,5,12,1,13,4,6,3,15,11,16,5,7,2$1.0
1098$9,14,8,5,12,1,13,4,6,3,15,11,16,14,7,2$1.0
1099$9,14,8,4,12,1,13,4,6,3,15,11,16,5,7,2$1.0
1100$9,14,8,5,12,1,13,4,6,3,15,11,16,5,7,2$1.0
1101$9,14,8,5,12,1,13,4,6,3,15,11,16,5,7,2$1.0
1102$9,14,8,5,12,1,13,4,6,3,15,11,16,14,7,2$1.0
1103$9,14,8,5,12,1,13,4,6,3,15,11,16,5,7,2$1.0
1104$9,14,8,5,12,1,13,4,6,3,15,11,16,5,7,2$1.0
1105$9,14,8,5,12,1,13,4,6,3,15,11,16,14,7,2$1.0
1106$9,14,8,5,12,1,13,4,6,3,15,11,16,14,7,2$1.0
1107$9,14,8,5,12,1,13,4,6,3,15,11,16,5,7,2$1.0
1108$9,14,8,5,12,1,13,4,6,3,15,11,16,5,7,2$1.0
1109$9,14,8,5,12,1,13,4,6,3,15,11,16,5,7,2$1.0
1110$9,14,8,5,12,1,13,4,6,3,15,11,16,5,7,2$1.0
1111$9,14,8,5,12,1,13,4,6,3,15,11,16,5,7,2$1.0
1112$9,14,8,5,12,1,13,4,6,3,15,11,16,5,7,2$1.0
1113$9,14,8,5,12,1,13,4,6,3,15,11,16,5,7,2$1.0
1114$9,14,8,2,12,1,13,4,6,3,15,11,16,5,7,2$1.0
1115$9,14,8,5,12,1,13,4,6,3,15,11,16,5,7,2$1.0
1116$9,14,8,5,12,1,13,4,6,3,15,11,16,5,7,2$1.0
1117$9,14,8,5,12,1,13,4,6,3,15,11,16,5,7,2$1.0
1118$9,14,8,2,12,1,13,4,6,3,15,11,16,5,7,2$1.0
1119$9,14,8,5,12,1,13,4,6,3,15,11,16,5,7,2$1.0
1120$9,14,8,5,12,1,13,4,6,3,15,11,16,5,7,2$1.0
1121$9,14,8,2,12,1,13,4,6,3,15,11,16,5,7,2$1.0
1122$9,14,8,5,12,1,13,4,6,3,15,11,16,5,7,2$1.0
1123$9,14,8,5,12,1,13,4,6,3,15,11,16,5,7,2$1.0
1124$9,14,8,5,12,1,13,4,6,3,15,11,16,5,7,2$1.0
1125$9,14,8,5,12,1,13,4,6,3,15,11,16,5,7,2$1.0
1126$9,14,8,5,12,1,13,4,6,3,15,11,16,5,7,2$1.0
1127$9,14,8,2,12,1,13,4,6,3,15,11,16,5,7,2$1.0
1128$9,14,8,5,12,1,13,4,6,3,15,11,16,5,7,2$1.0
1129$9,14,8,5,12,1,13,4,6,3,15,11,16,16,7,2$1.0
1130$9,14,8,5,12,1,13,4,6,3,15,11,16,5,7,2$1.0
1131$9,14,8,5,12,1,13,4,6,3,15,11,16,5,7,2$1.0
1132$9,14,8,5,12,1,13,4,6,3,15,11,16,5,7,2$1.0
1133$9,14,8,5,12,1,13,4,6,3,15,11,16,5,7,2$1.0
1134$9,14,8,5,12,1,13,4,6,3,15,11,16,5,7,2$1.0
1135$9,14,8,5,12,1,13,4,6,3,15,11,16,5,7,2$1.0
1136$9,14,8,5,12,1,13,4,6,3,15,11,16,5,7,2$1.0
1137$9,14,8,5,12,1,13,4,6,3,15,11,16,5,7,2$1.0
1138$9,14,8,4,12,1,13,4,6,3,15,11,16,5,7,2$1.0
1139$9,14,8,2,12,1,13,4,6,3,15,11,16,5,7,2$1.0
1140$9,14,8,2,12,1,13,4,6,3,15,11,16,5,7,16$1.0
1141$9,14,8,5,12,1,13,4,6,3,15,11,16,5,7,2$1.0
1142$9,14,8,2,12,1,13,4,6,3,15,11,16,5,7,2$1.0
1143$9,14,8,5,12,1,13,4,6,3,15,11,16,5,7,2$1.0
1144$9,14,8,5,12,1,13,4,6,3,15,11,16,5,7,2$1.0
1145$9,14,8,2,12,1,13,4,6,3,15,11,16,5,7,2$1.0
1146$9,14,8,5,12,1,13,4,6,3,15,11,16,5,7,2$1.0
1147$9,14,8,5,12,1,13,4,6,3,15,11,16,5,7,2$1.0
1148$9,14,8,5,12,1,13,4,6,3,15,11,16,5,7,2$1.0
1149$9,14,8,4,12,1,13,4,6,3,15,11,16,5,7,2$1.0
1150$9,14,8,5,12,1,13,4,6,3,15,11,16,5,7,2$1.0
1151$9,14,8,5,12,1,13,4,6,3,15,11,16,5,7,2$1.0
1152$9,14,8,2,12,1,13,4,6,3,15,11,16,5,7,2$1.0
1153$9,14,8,5,12,1,13,4,6,3,15,11,16,5,7,2$1.0
1154$9,14,8,5,12,1,13,4,6,3,15,11,16,5,7,2$1.0
1155$9,14,8,5,12,1,13,4,6,3,15,11,16,5,7,2$1.0
1156$9,14,8,5,12,1,13,4,6,3,15,11,16,5,7,2$1.0
1157$9,14,8,5,12,1,13,4,6,3,15,11,16,5,7,2$1.0
1158$9,14,8,5,12,1,13,4,6,3,15,11,16,5,7,2$1.0
1159$9,14,8,5,12,1,13,4,6,3,15,11,16,5,7,2$1.0
1160$9,14,8,5,12,1,13,4,6,3,15,11,16,5,7,2$1.0
1161$9,14,8,5,12,1,13,4,6,3,15,11,16,5,7,2$1.0
1162$9,14,8,5,12,1,13,4,6,3,15,11,16,5,7,2$1.0
1163$9,14,8,5,12,1,13,4,6,3,15,11,16,5,7,2$1.0
1164$9,14,8,5,12,1,13,4,6,3,15,11,16,14,7,2$1.0
1165$9,14,8,5,12,1,13,4,6,3,15,11,16,5,7,2$1.0
1166$9,14,8,5,12,1,13,4,6,3,15,11,16,14,7,2$1.0
1167$9,14,8,5,12,1,13,4,6,3,15,11,16,5,7,2$1.0
1168$9,14,8,5,12,1,13,4,6,3,15,11,16,5,7,2$1.0
1169$9,14,8,5,12,1,13,4,6,3,15,11,16,5,7,2$1.0
1170$9,14,8,5,12,1,13,4,6,3,15,11,16,5,7,2$1.0
1171$9,14,8,5,12,1,13,4,6,3,15,11,16,5,7,2$1.0
1172$9,14,8,5,12,1,13,4,6,3,15,11,16,5,7,2$1.0
1173$9,14,8,5,12,1,13,4,6,3,15,11,16,5,7,2$1.0
1174$9,14,8,5,12,1,13,4,6,3,15,11,16,5,7,2$1.0
1175$9,14,8,5,12,1,13,4,6,3,15,11,16,5,7,2$1.0
1176$9,14,8,5,12,1,13,4,6,3,15,11,16,5,7,2$1.0
1177$9,14,8,4,12,1,13,4,6,3,15,11,16,5,7,2$1.0
1178$9,14,8,5,12,1,13,4,6,3,15,11,16,5,7,2$1.0
1179$9,14,8,4,12,1,13,4,6,3,15,11,16,5,7,2$1.0
1180$9,14,8,5,12,1,13,4,6,3,15,11,16,5,7,2$1.0
1181$9,14,8,5,12,1,13,4,6,3,15,11,16,5,7,2$1.0
1182$9,14,8,5,12,1,13,4,6,3,15,11,16,5,7,2$1.0
1183$9,14,8,5,12,1,13,4,6,3,15,11,16,5,7,2$1.0
1184$9,14,8,5,12,1,13,4,6,3,15,11,16,5,7,2$1.0
1185$9,14,8,5,12,1,13,4,6,3,15,11,16,5,7,2$1.0
1186$9,14,8,5,12,1,13,4,6,3,15,11,16,5,7,2$1.0
1187$9,14,8,5,12,1,13,4,6,3,15,11,16,5,7,2$1.0
1188$9,14,8,5,12,1,13,4,6,3,15,11,16,5,7,2$1.0
1189$9,14,8,5,12,1,13,4,6,3,15,11,16,5,7,2$1.0
1190$9,14,8,5,12,1,13,4,6,3,15,11,16,5,7,2$1.0
1191$9,14,8,5,12,1,13,4,6,3,15,11,16,5,7,2$1.0
1192$9,14,8,5,12,1,13,4,6,3,15,11,16,16,7,2$1.0
1193$9,14,8,5,12,1,13,4,6,3,15,11,16,5,7,2$1.0
1194$9,14,8,5,12,1,13,4,6,3,15,11,16,5,7,2$1.0
1195$9,14,8,5,12,1,13,4,6,3,15,11,16,5,7,2$1.0
1196$9,14,8,5,12,1,13,4,6,3,15,11,16,16,7,2$1.0
1197$9,14,8,5,12,1,13,4,6,3,15,11,16,5,7,2$1.0
1198$9,14,8,5,12,1,13,4,6,3,15,11,16,5,7,2$1.0
1199$9,14,8,5,12,1,13,4,6,3,15,11,16,5,7,2$1.0
1200$9,14,8,5,12,1,13,4,6,3,15,11,16,5,7,2$1.0
1201$9,14,8,5,12,1,13,4,6,3,15,11,16,5,7,2$1.0
1202$9,14,8,5,12,1,13,4,6,3,15,11,16,5,7,2$1.0
1203$9,14,8,5,12,1,13,4,6,3,15,11,16,5,7,2$1.0
1204$9,14,8,5,12,1,13,4,6,3,15,11,16,16,7,2$1.0
1205$9,14,8,5,12,1,13,4,6,3,15,11,16,5,7,2$1.0
1206$9,14,8,5,12,1,13,4,6,3,15,11,16,5,7,2$1.0
1207$9,14,8,5,12,1,13,4,6,3,15,11,16,5,7,2$1.0
1208$9,14,8,5,12,1,13,4,6,3,15,11,16,5,7,2$1.0
1209$9,14,8,5,12,1,13,4,6,3,15,11,16,5,7,2$1.0
1210$9,14,8,5,12,1,13,4,6,3,15,11,16,5,7,2$1.0
1211$9,14,8,5,12,1,13,4,6,3,15,11,16,5,7,2$1.0
1212$9,14,8,5,12,1,13,4,6,3,15,11,16,5,7,2$1.0
1213$9,14,8,5,12,1,13,4,6,3,15,11,16,16,7,2$1.0
1214$9,14,8,5,12,1,13,4,6,3,15,11,16,5,7,2$1.0
1215$9,14,8,5,12,1,13,4,6,3,15,11,16,16,7,2$1.0
1216$9,14,8,5,12,1,13,4,6,3,15,11,16,5,7,2$1.0
1217$9,14,8,5,12,1,13,4,6,3,15,11,16,5,7,2$1.0
1218$9,14,8,5,12,1,13,4,6,3,15,11,16,5,7,2$1.0
1219$9,14,8,5,12,1,13,4,6,3,15,11,16,16,7,2$1.0
1220$9,14,8,5,12,1,13,4,6,3,15,11,16,5,7,2$1.0
1221$9,14,8,5,12,1,13,4,6,3,15,11,16,5,7,2$1.0
1222$9,14,8,5,12,1,13,4,6,3,15,11,16,16,7,2$1.0
1223$9,14,8,5,12,1,13,4,6,3,15,11,16,16,7,2$1.0
1224$9,14,8,5,12,1,13,4,6,3,15,11,16,16,7,2$1.0
1225$9,14,8,5,12,1,13,4,6,3,15,11,16,5,7,2$1.0
1226$9,14,8,5,12,1,13,4,6,3,15,11,16,5,7,2$1.0
1227$9,14,8,5,12,1,13,4,6,3,15,11,16,5,7,2$1.0
1228$9,14,8,5,12,1,13,4,6,3,15,11,16,5,7,2$1.0
1229$9,14,8,5,12,1,13,4,6,3,15,11,16,5,7,2$1.0
1230$9,14,8,5,12,1,13,4,6,3,15,11,16,5,7,2$1.0
1231$9,14,8,5,12,1,13,4,6,3,15,11,16,5,7,2$1.0
1232$9,14,8,5,12,1,13,4,6,3,15,11,16,16,7,2$1.0
1233$9,14,8,5,12,1,13,4,6,3,15,11,16,5,7,2$1.0
1234$9,14,8,5,12,1,13,4,6,3,15,11,16,5,7,2$1.0
1235$9,14,8,5,12,1,13,4,6,3,15,11,16,5,7,2$1.0
1236$9,14,8,5,12,1,13,4,6,3,15,11,16,5,7,2$1.0
1237$9,14,8,5,12,1,13,4,6,3,15,11,16,5,7,2$1.0
1238$9,14,8,2,12,1,13,4,6,3,15,11,16,5,7,2$1.0
1239$9,14,8,5,12,1,13,4,6,3,15,11,16,5,7,2$1.0
1240$9,14,8,5,12,1,13,4,6,3,15,11,16,5,7,2$1.0
1241$9,14,8,5,12,1,13,4,6,3,15,11,16,5,7,2$1.0
1242$9,14,8,5,12,1,13,4,6,3,15,11,16,5,7,2$1.0
1243$9,14,8,5,12,1,13,4,6,3,15,11,16,5,7,2$1.0
1244$9,14,8,5,12,1,13,4,6,3,15,11,16,5,7,2$1.0
1245$9,14,8,5,12,1,13,4,6,3,15,11,16,16,7,2$1.0
1246$9,14,8,5,12,1,13,4,6,3,15,11,16,5,7,2$1.0
1247$9,14,8,5,12,1,13,4,6,3,15,11,16,16,7,2$1.0
1248$9,14,8,5,12,1,13,4,6,3,15,11,16,5,7,2$1.0
1249$9,14,8,5,12,1,13,4,6,3,15,11,16,5,7,2$1.0
1250$9,14,8,5,12,1,13,4,6,3,15,11,16,5,7,2$1.0
1251$9,14,8,5,12,1,13,4,6,3,15,11,16,5,7,2$1.0
1252$9,14,8,5,12,1,13,4,6,3,15,11,16,16,7,2$1.0
1253$9,14,8,5,12,1,13,4,6,3,15,11,16,5,7,2$1.0
1254$9,14,8,5,12,1,13,4,6,3,15,11,16,5,7,2$1.0
1255$9,14,8,5,12,1,13,4,6,3,15,11,16,5,7,2$1.0
1256$9,14,8,5,12,1,13,4,6,3,15,11,16,5,7,2$1.0
1257$9,14,8,5,12,1,13,4,6,3,15,11,16,5,7,2$1.0
1258$9,14,8,5,12,1,13,4,6,3,15,11,16,5,7,2$1.0
1259$9,14,8,5,12,1,13,4,6,3,15,11,16,5,7,2$1.0
1260$9,14,8,5,12,1,13,4,6,3,15,11,16,5,7,2$1.0
1261$9,14,8,5,12,1,13,4,6,3,15,11,16,5,7,2$1.0
1262$9,14,8,5,12,1,13,4,6,3,15,11,16,5,7,2$1.0
1263$9,14,8,5,12,1,13,4,6,3,15,11,16,5,7,2$1.0
1264$9,14,8,5,12,1,13,4,6,3,15,11,16,5,7,2$1.0
1265$9,14,8,5,12,1,13,4,6,3,15,11,16,5,7,2$1.0
1266$9,14,8,5,12,1,13,4,6,3,15,11,16,5,7,2$1.0
1267$9,14,8,5,12,1,13,4,6,3,15,11,16,5,7,2$1.0
1268$9,14,8,5,12,1,13,4,6,3,15,11,16,5,7,2$1.0
1269$9,14,8,5,12,1,13,4,6,3,15,11,16,5,7,2$1.0
1270$9,14,8,5,12,1,13,4,6,3,15,11,16,5,7,2$1.0
1271$9,14,8,5,12,1,13,4,6,3,15,11,16,5,7,2$1.0
1272$9,14,8,5,12,1,13,4,6,3,15,11,16,5,7,2$1.0
1273$9,14,8,5,12,1,13,4,6,3,15,11,16,5,7,2$1.0
1274$9,14,8,4,12,1,13,4,6,3,15,11,16,5,7,2$1.0
1275$9,14,8,5,12,1,13,4,6,3,15,11,16,5,7,2$1.0
1276$9,14,8,5,12,1,13,4,6,3,15,11,16,5,7,2$1.0
1277$9,14,8,5,12,1,13,4,6,3,15,11,16,5,7,2$1.0
1278$9,14,8,5,12,1,13,4,6,3,15,11,16,5,7,2$1.0
1279$9,14,8,2,12,1,13,4,6,3,15,11,16,5,7,2$1.0
1280$9,14,8,5,12,1,13,4,6,3,15,11,16,5,7,2$1.0
1281$9,14,8,5,12,1,13,4,6,3,15,11,16,5,7,2$1.0
1282$9,14,8,4,12,1,13,4,6,3,15,11,16,5,7,2$1.0
1283$9,14,8,5,12,1,13,4,6,3,15,11,16,5,7,2$1.0
1284$9,14,8,5,12,1,13,4,6,3,15,11,16,5,7,2$1.0
1285$9,14,8,4,12,1,13,4,6,3,15,11,16,5,7,2$1.0
1286$9,14,8,5,12,1,13,4,6,3,15,11,16,5,7,2$1.0
1287$9,14,8,5,12,1,13,4,6,3,15,11,16,5,7,2$1.0
1288$9,14,8,5,12,1,13,4,6,3,15,11,16,5,7,2$1.0
1289$9,14,8,5,12,1,13,4,6,3,15,11,16,5,7,2$1.0
1290$9,14,8,5,12,1,13,4,6,3,15,11,16,5,7,2$1.0
1291$9,14,8,2,12,1,13,4,6,3,15,11,16,5,7,2$1.0
1292$9,14,8,5,12,1,13,4,6,3,15,11,16,5,7,2$1.0
1293$9,14,8,5,12,1,13,4,6,3,15,11,16,5,7,2$1.0
1294$9,14,8,5,12,1,13,4,6,3,15,11,16,14,7,2$1.0
1295$9,14,8,5,12,1,13,4,6,3,15,11,16,5,7,2$1.0
1296$9,14,8,2,12,1,13,4,6,3,15,11,16,5,7,2$1.0
1297$9,14,8,2,12,1,13,4,6,3,15,11,16,5,7,2$1.0
1298$9,14,8,5,12,1,13,4,6,3,15,11,16,14,7,2$1.0
1299$9,14,8,5,12,1,13,4,6,3,15,11,16,5,7,2$1.0
1300$9,14,8,2,12,1,13,4,6,3,15,11,16,5,7,16$1.0
1301$9,14,8,2,12,1,13,4,6,3,15,11,16,5,7,2$1.0
1302$9,14,8,5,12,1,13,4,6,3,15,11,16,5,7,2$1.0
1303$9,14,8,5,12,1,13,4,6,3,15,11,16,5,7,2$1.0
1304$9,14,8,5,12,1,13,4,6,3,15,11,16,14,7,2$1.0
1305$9,14,8,2,12,1,13,4,6,3,15,11,16,5,7,2$1.0
1306$9,14,8,5,12,1,13,4,6,3,15,11,16,5,7,2$1.0
1307$9,14,8,5,12,1,13,4,6,3,15,11,16,5,7,2$1.0
1308$9,14,8,5,12,1,13,4,6,3,15,11,16,5,7,2$1.0
1309$9,14,8,5,12,1,13,4,6,3,15,11,16,5,7,2$1.0
1310$9,14,8,5,12,1,13,4,6,3,15,11,16,5,7,2$1.0
1311$9,14,8,2,12,1,13,4,6,3,15,11,16,5,7,2$1.0
1312$9,14,8,5,12,1,13,4,6,3,15,11,16,5,7,2$1.0
1313$9,14,8,2,12,1,13,4,6,3,15,11,16,5,7,2$1.0
1314$9,14,8,5,12,1,13,4,6,3,15,11,16,5,7,2$1.0
1315$9,14,8,2,12,1,13,4,6,3,15,11,16,5,7,5$1.0
1316$9,14,8,5,12,1,13,4,6,3,15,11,16,5,7,2$1.0
1317$9,14,8,5,12,1,13,4,6,3,15,11,16,5,7,2$1.0
1318$9,14,8,5,12,1,13,4,6,3,15,11,16,5,7,2$1.0
1319$9,14,8,2,12,1,13,4,6,3,15,11,16,5,7,16$1.0
1320$9,14,8,2,12,1,13,4,6,3,15,11,16,5,7,16$1.0
1321$9,14,8,2,12,1,13,4,6,3,15,11,16,5,7,2$1.0
1322$9,14,8,5,12,1,13,4,6,3,15,11,16,5,7,2$1.0
1323$9,14,8,5,12,1,13,4,6,3,15,11,16,5,7,2$1.0
1324$9,14,8,5,12,1,13,4,6,3,15,11,16,5,7,2$1.0
1325$9,14,8,5,12,1,1,4,6,3,15,11,16,5,7,2$2.0
1326$9,14,8,5,12,1,13,4,6,3,15,11,16,5,7,2$1.0
1327$9,14,8,10,12,1,1,4,6,3,13,11,16,5,7,2$1.0
1328$9,14,8,10,12,1,1,4,6,3,15,11,16,5,7,2$1.0
1329$9,14,8,10,12,1,1,4,6,3,15,11,16,5,7,2$1.0
1330$9,14,8,10,12,1,1,4,6,3,15,13,16,5,7,2$1.0
1331$9,14,8,10,12,1,1,4,6,3,15,11,16,5,7,2$1.0
1332$9,14,8,10,12,1,1,4,6,3,15,13,16,5,7,2$1.0
1333$9,14,8,10,12,1,1,4,6,3,15,11,16,5,7,2$1.0
1334$9,14,8,10,12,1,1,4,6,3,15,11,16,5,7,2$1.0
1335$9,14,8,10,12,1,1,4,6,3,15,11,16,5,7,2$1.0
1336$9,14,8,10,12,1,1,4,6,3,15,11,16,5,7,2$1.0
1337$9,14,8,10,12,1,1,4,6,3,15,11,16,5,7,2$1.0
1338$9,14,8,10,12,1,1,4,6,3,13,11,16,5,7,2$1.0
1339$9,14,8,10,12,1,1,4,6,3,15,11,16,5,7,2$1.0
1340$9,14,8,10,12,1,1,4,6,3,15,11,16,5,7,2$1.0
1341$9,14,8,10,12,1,1,4,6,3,13,11,16,5,7,2$1.0
1342$9,14,8,10,12,1,1,4,6,3,15,11,16,5,7,2$1.0
1343$9,14,8,10,12,1,1,4,6,3,13,11,16,5,7,2$1.0
1344$9,14,8,10,12,1,1,4,6,3,13,11,16,5,7,2$1.0
1345$9,14,8,10,12,1,1,4,6,3,13,11,16,5,7,2$1.0
1346$9,14,8,10,12,1,1,4,6,3,15,11,16,5,7,2$1.0
1347$9,14,8,10,12,1,1,4,6,3,15,11,16,5,7,2$1.0
1348$9,14,8,10,12,1,1,4,6,3,13,11,16,5,7,2$1.0
1349$9,14,8,10,12,1,1,4,6,3,13,11,16,5,7,2$1.0
1350$9,14,8,10,12,15,1,4,6,3,13,11,16,5,7,2$0.0
1350$9,14,8,10,12,15,1,4,6,3,13,11,16,5,7,2$0.0
