16
0$12,5,7,14,15,2,16,11,16,11,9,12,1,1,10,15$13.0
0$13,4,5,1,10,14,7,13,7,3,15,6,10,5,5,15$17.0
0$16,8,12,15,7,2,14,1,9,10,12,5,7,12,13,6$14.0
0$12,5,7,14,15,2,16,11,16,11,9,12,1,1,10,15$13.0
1$12,5,7,14,15,2,16,13,16,11,9,12,1,1,10,15$12.0
1$12,5,7,14,15,2,16,13,16,11,9,12,1,1,10,15$12.0
2$10,15,10,5,11,1,13,15,9,15,8,3,9,7,14,11$12.0
3$1,12,8,3,4,4,11,9,3,5,2,14,10,7,1,11$8.0
3$1,12,8,3,4,4,11,9,3,5,2,14,10,7,1,11$8.0
4$1,12,8,3,4,4,11,9,3,5,2,14,10,7,1,11$8.0
5$10,14,16,3,15,2,11,1,7,13,15,1,4,14,16,8$8.0
6$10,14,16,3,15,4,11,9,3,5,2,14,10,7,1,11$8.0
7$4,1,12,6,16,1,7,2,16,16,8,10,14,5,2,4$10.0
8$12,1,12,6,16,2,7,3,16,16,8,10,14,15,8,4$9.0
9$5,1,12,6,13,6,2,3,7,11,8,10,14,5,2,4$11.0
10$7,5,12,16,4,4,11,9,3,5,2,14,1,14,16,8$8.0
11$5,16,10,1,4,4,15,9,3,5,2,14,6,14,16,8$8.0
12$7,5,12,16,4,16,11,9,3,5,2,14,1,15,12,8$7.0
12$7,5,12,16,4,16,11,9,3,5,2,14,1,15,12,8$7.0
13$6,1,12,6,15,2,11,1,7,13,8,1,4,14,16,8$5.0
13$6,1,12,6,15,2,11,1,7,13,8,1,4,14,16,8$5.0
14$6,1,12,6,15,2,11,14,7,13,8,1,4,14,16,8$4.0
14$6,1,12,6,15,2,11,14,7,13,8,1,4,14,16,8$4.0
15$6,1,12,6,15,2,11,1,7,13,8,1,4,14,16,8$5.0
16$6,1,12,6,15,2,11,14,7,13,15,1,8,14,16,8$7.0
17$6,1,12,6,15,2,11,1,7,13,8,1,4,14,16,8$5.0
18$13,16,12,6,15,2,14,1,7,13,15,1,4,14,16,3$5.0
19$13,16,12,6,15,2,14,1,7,5,14,11,4,14,12,8$6.0
20$13,5,12,6,15,2,11,1,7,16,10,1,7,14,12,8$5.0
21$6,16,12,6,15,2,7,3,7,13,8,1,4,13,10,8$6.0
22$13,1,12,6,15,2,11,3,7,13,8,1,4,14,12,8$6.0
23$6,9,12,6,15,2,11,14,7,13,10,1,4,14,12,8$3.0
23$6,9,12,6,15,2,11,14,7,13,10,1,4,14,12,8$3.0
24$6,4,16,5,15,2,11,14,7,13,10,1,4,14,12,8$2.0
24$6,4,16,5,15,2,11,14,7,13,10,1,4,14,12,8$2.0
25$6,9,12,6,15,2,11,14,7,13,10,1,4,14,12,8$3.0
26$6,9,16,6,15,2,11,14,7,13,10,1,4,14,12,8$2.0
27$6,9,16,6,15,2,11,14,7,13,10,1,4,14,12,8$2.0
28$6,9,16,6,15,2,11,14,7,13,10,1,4,14,12,8$2.0
29$13,9,12,6,15,2,11,1,7,13,10,1,4,14,16,8$2.0
30$13,10,12,6,15,2,11,3,7,13,10,1,4,14,16,8$2.0
31$13,9,16,6,15,2,11,14,7,13,10,1,4,14,12,8$2.0
32$13,9,16,6,15,2,11,14,7,13,10,1,4,14,12,8$2.0
33$13,9,16,6,15,2,11,1,7,13,10,1,4,14,12,8$2.0
34$13,9,16,6,15,2,11,14,7,13,10,1,4,14,10,8$3.0
35$13,9,12,6,15,2,11,14,7,13,10,1,4,14,16,8$2.0
36$13,9,12,6,15,2,11,14,7,13,10,1,4,14,16,8$2.0
37$13,10,12,6,15,2,11,3,7,13,10,1,4,14,16,8$2.0
38$6,9,16,6,15,2,11,14,7,13,10,1,4,14,12,8$2.0
39$13,9,16,6,15,2,16,14,7,11,1,1,4,14,10,8$3.0
40$6,9,12,6,15,2,11,1,7,13,10,1,4,14,16,8$2.0
41$6,9,12,6,15,2,11,1,7,13,10,1,4,14,16,8$2.0
42$6,9,16,6,15,2,11,14,7,13,10,1,4,14,12,8$2.0
43$2,9,16,6,15,2,11,1,7,13,10,1,4,14,12,8$2.0
44$13,9,16,6,15,2,11,1,7,13,10,1,4,14,12,8$2.0
45$6,9,16,6,15,2,11,1,7,13,10,1,4,14,12,8$2.0
46$6,9,16,6,15,2,11,1,7,13,10,1,4,14,12,8$2.0
47$6,3,16,6,15,2,11,3,7,13,10,1,4,14,12,8$2.0
48$6,9,16,6,15,2,11,14,7,13,10,1,4,14,12,8$2.0
49$13,9,16,6,15,2,11,14,7,5,10,1,4,14,12,8$1.0
49$13,9,16,6,15,2,11,14,7,5,10,1,4,14,12,8$1.0
50$6,3,16,6,15,2,11,14,7,13,10,1,4,14,12,8$2.0
51$6,9,16,5,15,2,11,14,7,13,10,1,4,14,12,8$1.0
52$13,3,16,6,15,2,11,1,7,13,10,1,4,14,12,8$2.0
53$13,3,16,6,15,2,11,1,7,13,10,1,4,14,12,8$2.0
54$6,3,16,6,15,2,11,1,7,13,10,1,4,14,12,8$2.0
55$6,9,16,6,15,2,11,1,7,13,10,1,4,14,12,8$2.0
56$6,9,16,6,15,2,11,1,7,13,10,1,4,14,12,8$2.0
57$13,3,16,6,15,2,11,1,7,13,10,1,4,14,12,8$2.0
58$13,9,16,6,15,2,11,1,7,13,10,1,4,14,12,8$2.0
59$13,3,16,6,15,2,11,1,7,13,10,1,4,14,12,8$2.0
60$13,3,16,6,15,2,11,1,7,13,10,1,4,14,12,8$2.0
61$13,9,16,6,15,2,11,1,7,13,10,1,4,14,12,8$2.0
62$6,9,16,6,15,2,11,1,7,5,10,1,4,14,12,8$2.0
63$6,9,16,6,15,2,11,1,7,13,10,1,4,14,12,8$2.0
64$13,9,16,6,15,2,11,1,7,13,10,1,4,14,12,8$2.0
65$6,3,16,6,15,2,11,14,7,13,10,1,4,14,12,8$2.0
66$13,9,16,6,15,2,11,1,7,13,10,1,4,14,12,8$2.0
67$6,3,16,6,15,2,11,1,7,13,10,1,4,14,12,8$2.0
68$6,3,16,6,15,2,11,1,7,13,10,1,4,14,12,8$2.0
69$6,3,16,6,15,2,11,14,7,13,10,1,4,14,12,8$2.0
70$6,3,16,6,15,2,11,14,7,13,10,1,4,14,12,8$2.0
71$13,9,16,6,15,2,11,1,7,5,10,1,4,14,12,8$1.0
72$13,9,16,6,15,2,11,1,7,5,10,1,4,14,12,8$1.0
73$13,9,16,6,15,2,11,1,7,13,10,1,4,14,12,8$2.0
74$6,9,16,6,15,2,11,1,7,13,10,1,4,14,12,8$2.0
75$6,9,16,6,15,2,11,1,7,13,10,1,4,14,12,8$2.0
76$10,3,16,6,15,2,11,1,7,13,10,1,4,14,12,8$2.0
77$6,9,16,6,15,2,11,1,7,13,10,1,4,14,12,8$2.0
78$6,9,16,6,15,2,11,14,7,13,10,1,4,14,12,8$2.0
79$13,9,16,6,15,2,11,1,7,13,10,1,4,14,12,8$2.0
80$13,9,16,6,15,2,11,1,7,13,10,1,4,14,12,8$2.0
81$13,9,16,6,15,2,11,1,7,13,10,1,4,14,12,8$2.0
82$6,9,16,6,15,2,11,1,7,13,10,1,4,14,12,8$2.0
83$13,9,16,6,15,2,11,1,7,13,10,1,4,14,12,8$2.0
84$10,3,16,6,15,2,11,1,7,13,10,1,4,14,12,8$2.0
85$13,9,16,6,15,2,11,1,7,13,10,1,4,14,12,8$2.0
86$13,3,16,6,15,2,11,1,7,13,10,1,4,14,12,8$2.0
87$6,3,16,6,15,2,11,1,7,13,10,1,4,14,12,8$2.0
88$6,9,16,6,15,2,11,1,7,13,10,1,4,14,12,8$2.0
89$6,9,16,6,15,2,11,1,7,13,10,1,4,14,12,8$2.0
90$13,9,16,6,15,2,11,1,7,13,10,1,4,14,12,8$2.0
91$10,3,16,6,15,2,11,1,7,13,10,1,4,14,12,8$2.0
92$13,9,16,6,15,2,11,1,7,13,10,1,4,14,12,8$2.0
93$13,9,16,6,15,2,11,1,7,13,10,1,4,14,12,8$2.0
94$6,9,16,6,15,2,11,1,7,13,10,1,4,14,12,8$2.0
95$6,9,16,6,15,2,11,1,7,13,10,1,4,14,12,8$2.0
96$6,9,16,6,15,2,11,1,7,13,10,1,4,14,12,8$2.0
97$6,9,16,6,15,2,11,1,7,13,10,1,4,14,12,8$2.0
98$13,9,16,6,15,2,11,1,7,13,10,1,4,14,12,8$2.0
99$13,9,16,6,15,2,11,1,7,13,10,1,4,14,12,8$2.0
100$6,9,16,6,15,2,11,1,7,13,10,1,4,14,12,8$2.0
101$13,3,16,6,15,2,11,1,7,13,10,1,4,14,12,8$2.0
102$13,9,16,6,15,2,11,1,7,5,10,1,4,14,12,8$1.0
103$13,9,16,6,15,2,11,1,7,5,10,1,4,14,12,8$1.0
104$13,9,16,6,15,2,11,1,7,5,10,1,4,14,12,8$1.0
105$13,9,16,6,15,2,11,1,7,5,10,1,4,14,12,8$1.0
106$13,9,16,6,15,2,11,1,7,5,10,1,4,14,12,8$1.0
107$13,9,16,6,15,2,11,1,7,5,10,1,4,14,12,8$1.0
108$13,9,16,6,15,2,11,1,7,5,10,1,4,14,12,8$1.0
109$13,9,16,6,15,2,11,14,7,5,10,1,4,14,12,8$1.0
110$13,9,16,6,15,2,11,14,7,5,10,1,4,14,12,8$1.0
111$13,9,16,6,15,2,11,1,7,5,10,1,4,14,12,8$1.0
112$13,9,16,6,15,2,11,14,7,5,10,1,4,14,12,8$1.0
113$13,3,16,6,15,2,11,1,7,5,10,1,4,14,12,8$1.0
114$13,9,16,6,15,2,11,1,7,5,10,1,4,14,12,8$1.0
115$13,3,16,6,15,2,11,1,7,5,10,1,4,14,12,8$1.0
116$13,3,16,6,15,2,11,1,7,5,10,1,4,14,12,8$1.0
117$13,9,16,6,15,2,11,1,7,5,10,1,4,14,12,8$1.0
118$13,3,16,6,15,2,11,1,7,5,10,1,4,14,12,8$1.0
119$13,9,16,6,15,2,11,1,7,5,10,1,4,14,12,8$1.0
120$13,9,16,6,15,2,11,1,7,5,10,1,4,14,12,8$1.0
121$13,9,16,6,15,2,11,1,7,5,10,1,4,14,12,8$1.0
122$13,9,16,6,15,2,11,1,7,5,10,1,4,14,12,8$1.0
123$13,9,16,6,15,2,11,1,7,5,10,1,4,14,12,8$1.0
124$13,9,16,6,15,2,11,1,7,5,10,1,4,14,12,8$1.0
125$13,9,16,6,15,2,11,14,7,5,10,1,4,14,12,8$1.0
126$13,3,16,6,15,2,11,1,7,5,10,1,4,14,12,8$1.0
127$13,9,16,6,15,2,11,1,7,5,10,1,4,14,12,8$1.0
128$13,3,16,6,15,2,11,1,7,5,10,1,4,14,12,8$1.0
129$13,9,16,6,15,2,11,1,7,5,10,1,4,14,12,8$1.0
130$13,9,16,6,15,2,11,1,7,5,10,1,4,14,12,8$1.0
131$13,9,16,6,15,2,11,1,7,5,10,1,4,14,12,8$1.0
132$13,9,16,6,15,2,11,1,7,5,10,1,4,14,12,8$1.0
133$13,9,16,6,15,2,11,1,7,5,10,1,4,14,12,8$1.0
134$13,3,16,6,15,2,11,1,7,5,10,1,4,14,12,8$1.0
135$13,9,16,6,15,2,11,14,7,5,10,1,4,14,12,8$1.0
136$13,9,16,6,15,2,11,1,7,5,10,1,4,14,12,8$1.0
137$13,3,16,6,15,2,11,1,7,5,10,1,4,14,12,8$1.0
138$13,9,16,6,15,2,11,1,7,5,10,1,4,14,12,8$1.0
139$13,3,16,6,15,2,11,1,7,5,10,1,4,14,12,8$1.0
140$13,9,16,6,15,2,11,14,7,5,10,1,4,14,12,8$1.0
141$13,9,16,6,15,2,11,14,7,5,10,1,4,14,12,8$1.0
142$13,9,16,6,15,2,11,14,7,5,10,1,4,14,12,8$1.0
143$13,9,16,6,15,2,11,1,7,5,10,1,4,14,12,8$1.0
144$13,9,16,6,15,2,11,14,7,5,10,1,4,14,12,8$1.0
145$13,9,16,6,15,2,11,14,7,5,10,1,4,14,12,8$1.0
146$13,9,16,6,15,2,11,14,3,5,10,1,4,14,12,8$1.0
147$13,9,16,6,15,2,11,1,7,5,10,1,4,14,12,8$1.0
148$13,9,16,6,15,2,11,14,7,5,10,1,4,14,12,8$1.0
149$13,9,16,6,15,2,11,14,7,5,10,1,4,14,12,8$1.0
150$13,9,16,6,15,2,11,1,3,5,10,1,4,14,12,8$1.0
151$13,9,16,6,15,2,11,1,7,5,10,13,4,14,12,8$1.0
152$13,9,16,6,15,2,11,1,7,5,10,13,4,14,12,8$1.0
153$13,9,16,6,15,2,11,14,7,5,10,1,4,14,12,8$1.0
154$13,9,16,6,15,2,11,1,3,5,10,13,4,14,12,8$1.0
155$13,9,16,6,15,2,11,14,7,5,10,1,4,14,12,8$1.0
156$13,9,16,6,15,2,11,14,3,5,10,1,4,14,12,8$1.0
157$13,9,16,6,15,2,11,14,7,5,10,1,4,14,12,8$1.0
158$13,9,16,6,15,2,11,1,3,5,10,1,4,14,12,8$1.0
159$13,9,16,6,15,2,11,1,3,5,10,1,4,14,12,8$1.0
160$13,9,16,6,15,2,11,1,3,5,10,1,4,14,12,8$1.0
161$13,9,16,6,15,2,11,1,3,5,10,1,4,14,12,8$1.0
162$13,9,16,6,15,2,11,1,3,5,10,1,4,14,12,8$1.0
163$13,9,16,6,15,2,11,1,7,5,10,1,4,14,12,8$1.0
164$13,9,16,6,15,2,11,1,7,5,10,1,4,14,12,8$1.0
165$13,9,16,6,15,2,11,14,7,5,10,1,4,14,12,8$1.0
166$13,9,16,6,15,2,11,14,3,5,10,1,4,14,12,8$1.0
167$13,9,16,6,15,2,11,14,7,5,10,1,4,14,12,8$1.0
168$13,9,16,6,15,2,11,1,3,5,10,10,4,14,12,8$1.0
169$13,9,16,6,15,2,11,14,7,5,10,1,4,14,12,8$1.0
170$13,9,16,6,15,2,11,1,3,5,10,1,4,14,12,8$1.0
171$13,9,16,6,15,2,11,1,3,5,10,1,4,14,12,8$1.0
172$13,9,16,6,15,2,11,14,3,5,10,1,4,14,12,8$1.0
173$13,9,16,6,15,2,11,1,3,5,10,1,4,14,12,8$1.0
174$13,9,16,6,15,2,11,1,3,5,10,1,4,14,12,8$1.0
175$13,9,16,6,15,2,11,1,3,5,10,1,4,14,12,8$1.0
176$13,9,16,6,15,2,11,1,3,5,10,1,4,14,12,8$1.0
177$13,9,16,6,15,2,11,1,3,5,10,1,4,14,12,8$1.0
178$13,9,16,6,15,2,11,1,3,5,10,1,4,14,12,8$1.0
179$13,9,16,6,15,2,11,1,3,5,10,1,4,14,12,8$1.0
180$13,9,16,6,15,2,11,1,3,5,10,1,4,14,12,8$1.0
181$13,9,16,6,15,2,11,1,3,5,10,1,4,14,12,8$1.0
182$13,9,16,6,15,2,11,1,3,5,10,1,4,14,12,8$1.0
183$13,9,16,6,15,2,11,1,3,5,10,1,4,14,12,8$1.0
184$13,9,16,6,15,2,11,1,3,5,10,1,4,14,12,8$1.0
185$13,9,16,6,15,2,11,1,3,5,10,1,4,14,12,8$1.0
186$13,9,16,6,15,2,11,14,7,5,10,1,4,14,12,8$1.0
187$13,9,16,6,15,2,11,1,3,5,10,1,4,14,12,8$1.0
188$13,9,16,6,15,2,11,1,3,5,10,1,4,14,12,8$1.0
189$13,9,16,6,15,2,11,1,3,5,10,1,4,14,12,8$1.0
190$13,9,16,6,15,2,11,1,3,5,10,1,4,14,12,8$1.0
191$13,9,16,6,15,2,11,1,3,5,10,1,4,14,12,8$1.0
192$13,9,16,6,15,2,11,1,3,5,10,1,4,14,12,8$1.0
193$13,9,16,6,15,2,11,1,3,5,10,1,4,14,12,8$1.0
194$13,9,4,6,15,2,11,14,3,5,10,1,16,14,12,8$1.0
195$13,9,16,6,15,2,11,1,3,5,10,1,4,14,12,8$1.0
196$13,9,16,6,15,2,11,14,3,5,10,1,4,14,12,8$1.0
197$13,9,16,6,15,2,11,14,3,5,10,1,4,14,12,8$1.0
198$13,9,16,6,15,2,11,1,3,5,10,1,4,14,12,8$1.0
199$13,9,16,6,15,2,11,14,3,5,10,1,4,14,12,8$1.0
200$13,9,16,6,15,2,11,1,3,5,10,1,4,14,12,8$1.0
201$13,9,16,6,15,2,11,1,3,5,10,1,4,14,12,8$1.0
202$13,9,16,6,15,2,11,1,3,5,10,1,4,14,12,8$1.0
203$13,9,16,6,15,2,11,14,3,5,10,1,4,14,12,8$1.0
204$13,9,16,6,15,2,11,14,3,5,10,1,4,14,12,8$1.0
205$13,9,16,6,15,2,11,14,3,5,10,1,4,15,12,8$1.0
206$13,9,16,6,15,2,11,14,3,5,10,1,4,15,12,8$1.0
207$13,9,16,6,15,2,11,1,3,5,10,1,4,14,12,8$1.0
208$13,9,16,6,15,2,11,1,3,5,10,1,4,14,12,8$1.0
209$13,9,16,6,15,2,11,1,3,5,10,1,4,14,12,8$1.0
210$13,3,16,6,15,2,11,14,7,5,10,1,4,14,12,8$1.0
211$13,9,16,6,15,2,11,14,3,5,10,1,4,14,12,8$1.0
212$13,9,16,6,15,2,11,14,3,5,10,1,4,14,12,8$1.0
213$13,9,16,6,15,2,11,14,3,5,10,1,4,14,12,8$1.0
214$13,9,16,6,15,2,11,14,3,5,10,1,4,14,12,8$1.0
215$13,9,16,6,15,2,11,1,3,5,10,1,4,14,12,8$1.0
216$13,9,16,6,15,2,11,14,3,5,10,1,4,14,12,8$1.0
217$13,9,16,6,15,2,11,14,3,5,10,1,4,12,12,8$1.0
218$13,9,16,6,15,2,11,14,3,5,10,1,4,14,12,8$1.0
219$13,9,16,6,15,2,11,14,3,5,10,1,4,12,12,8$1.0
220$13,9,16,6,15,2,11,14,3,5,10,1,4,14,12,8$1.0
221$13,9,16,6,15,2,11,14,3,5,10,1,4,14,12,8$1.0
222$13,9,16,6,15,2,11,14,3,5,10,1,4,12,12,8$1.0
223$13,9,16,6,15,2,11,14,3,5,10,1,4,14,12,8$1.0
224$13,9,16,6,15,2,11,14,3,5,10,1,4,14,12,8$1.0
225$13,9,16,6,15,2,11,14,3,5,10,1,4,12,12,8$1.0
226$13,9,16,6,15,2,11,14,3,5,10,1,4,14,12,8$1.0
227$13,9,16,6,15,2,11,14,3,5,10,1,4,14,12,8$1.0
228$13,9,16,6,15,2,11,14,3,5,10,1,4,12,12,8$1.0
229$13,9,16,6,15,2,11,14,3,5,10,1,4,12,12,8$1.0
230$13,9,16,6,15,2,11,14,3,5,10,1,4,12,12,8$1.0
231$13,9,16,6,15,2,11,14,3,5,10,1,4,12,12,8$1.0
232$13,9,16,6,15,2,11,14,3,5,10,1,4,12,12,8$1.0
233$13,9,16,6,15,2,11,14,3,5,10,1,4,14,12,8$1.0
234$13,9,16,6,15,2,11,14,3,5,10,1,4,12,12,8$1.0
235$13,9,16,6,15,2,11,14,3,5,10,1,4,14,12,8$1.0
236$13,9,16,6,15,2,11,14,3,5,10,1,4,12,12,8$1.0
237$13,9,16,6,15,2,11,14,3,5,10,1,4,12,16,8$1.0
238$13,9,16,6,15,2,11,14,3,5,10,1,4,12,12,8$1.0
239$13,9,16,6,15,2,11,14,3,5,10,1,4,14,12,8$1.0
240$13,9,16,6,15,2,11,14,3,5,10,1,4,12,12,8$1.0
241$13,9,16,6,15,2,11,14,3,5,10,1,4,12,8,8$1.0
242$13,9,16,6,15,2,11,14,3,5,10,1,4,12,8,8$1.0
243$13,9,16,6,15,2,11,14,3,5,10,1,4,12,8,8$1.0
244$13,9,16,6,15,2,11,14,3,5,10,1,4,12,16,8$1.0
245$13,9,16,6,15,2,11,14,3,5,10,1,4,12,16,8$1.0
246$13,9,16,6,15,2,11,14,3,5,10,1,4,12,16,8$1.0
247$13,9,16,6,15,2,11,14,3,5,10,1,4,12,16,8$1.0
248$13,9,16,6,15,2,11,14,3,5,10,1,4,12,16,8$1.0
249$13,9,16,6,15,2,11,14,3,5,10,1,4,12,16,8$1.0
250$13,9,16,6,15,2,11,14,3,5,10,1,4,12,16,8$1.0
251$13,9,16,6,15,2,11,14,3,5,10,1,4,12,16,8$1.0
252$13,9,16,6,15,2,11,14,3,5,10,1,4,12,16,8$1.0
253$13,9,16,6,15,2,11,14,3,5,10,1,4,12,1,8$1.0
254$13,9,16,6,15,2,11,14,3,5,10,1,4,12,1,8$1.0
255$13,9,16,6,15,2,11,14,3,5,10,1,4,12,16,8$1.0
256$13,7,16,6,15,2,11,14,3,5,10,1,4,12,16,8$1.0
257$13,9,16,6,15,2,11,14,3,5,10,1,4,12,16,8$1.0
258$13,9,16,6,15,2,11,14,3,5,10,1,4,12,12,8$1.0
259$13,9,16,6,15,2,11,14,3,5,10,1,4,12,16,8$1.0
260$13,9,16,6,15,2,11,14,3,5,10,1,4,12,16,8$1.0
261$13,9,16,6,15,2,11,14,3,5,10,1,4,15,12,8$1.0
262$13,9,16,6,15,2,11,14,3,5,10,1,4,12,16,8$1.0
263$13,9,16,6,15,2,11,14,3,5,10,1,4,12,16,8$1.0
264$13,9,16,6,15,2,11,14,3,5,10,1,4,12,16,8$1.0
265$13,9,16,6,15,2,11,14,3,5,10,1,4,12,1,8$1.0
266$13,9,16,6,15,2,11,14,3,5,10,1,4,12,1,8$1.0
267$13,9,16,6,15,2,11,14,3,5,10,1,4,12,12,8$1.0
268$13,9,16,6,15,2,11,14,3,5,10,1,4,12,1,8$1.0
269$13,9,3,6,15,2,11,14,3,5,10,1,4,12,16,8$1.0
270$13,9,16,6,15,2,11,14,3,5,10,1,4,12,16,8$1.0
271$13,9,16,6,15,2,11,14,3,5,10,1,4,12,16,8$1.0
272$13,9,16,6,15,2,11,14,3,5,10,1,4,12,16,8$1.0
273$13,7,3,6,15,2,11,14,3,5,10,1,4,12,16,8$1.0
274$13,9,16,6,15,2,11,14,3,5,10,1,4,12,16,8$1.0
275$13,9,16,6,15,2,11,14,3,5,10,1,4,12,16,8$1.0
276$13,9,16,6,15,2,11,14,3,5,10,1,4,12,16,8$1.0
277$13,9,16,6,15,2,11,14,3,5,10,1,4,12,16,8$1.0
278$13,9,16,6,15,2,11,14,3,5,10,1,4,12,16,8$1.0
279$13,9,16,6,15,2,11,14,3,5,10,1,4,12,16,8$1.0
280$13,9,3,6,15,2,11,14,3,5,10,1,4,12,16,8$1.0
281$13,9,3,6,15,2,11,14,3,5,10,1,4,12,16,8$1.0
282$13,9,3,6,15,2,11,14,3,5,10,1,4,12,16,8$1.0
283$13,9,3,6,15,2,11,14,3,5,10,1,4,12,16,8$1.0
284$13,9,16,6,15,2,11,14,3,5,10,1,4,12,16,8$1.0
285$13,9,3,6,15,2,11,14,3,5,10,1,4,12,16,8$1.0
286$13,9,3,6,15,2,11,14,3,5,10,1,4,12,16,8$1.0
287$13,9,16,6,15,2,11,14,3,5,10,1,4,12,16,8$1.0
288$13,9,3,6,15,2,11,14,3,5,10,1,4,12,16,8$1.0
289$13,9,3,6,15,2,11,14,3,5,10,1,4,12,16,8$1.0
290$13,7,3,6,15,2,11,14,3,5,10,1,4,12,16,8$1.0
291$13,9,3,6,15,2,11,14,3,5,10,1,4,12,16,8$1.0
292$13,9,3,6,15,2,11,14,3,5,10,1,4,12,16,8$1.0
293$13,9,3,6,15,2,11,14,3,5,10,1,4,12,16,8$1.0
294$13,9,3,6,15,2,11,14,3,5,10,1,4,12,16,8$1.0
295$13,9,3,6,15,2,11,14,3,5,10,1,4,12,16,8$1.0
296$13,9,3,6,15,2,11,14,3,5,10,1,4,12,16,8$1.0
297$13,9,3,6,15,2,11,14,3,5,10,1,4,12,16,8$1.0
298$13,9,3,6,15,2,11,14,3,5,10,1,4,12,16,8$1.0
299$13,9,3,6,15,2,11,14,3,5,10,1,4,12,16,8$1.0
300$13,9,3,6,15,2,11,14,3,5,10,1,4,12,16,8$1.0
301$13,9,3,6,15,2,11,14,3,5,10,1,4,12,16,8$1.0
302$13,9,3,6,15,2,11,14,3,5,10,1,4,12,16,8$1.0
303$13,9,3,6,15,2,11,14,3,5,10,1,4,12,16,8$1.0
304$13,9,3,6,15,2,11,14,3,5,10,1,4,12,16,8$1.0
305$13,9,3,6,15,2,11,14,3,5,10,1,4,12,16,8$1.0
306$13,9,3,6,15,2,11,14,3,5,10,1,4,12,16,8$1.0
307$13,9,16,6,15,2,11,14,3,5,10,1,4,12,16,8$1.0
308$13,9,3,6,15,2,11,14,3,5,10,1,4,12,16,8$1.0
309$13,9,16,6,15,2,11,14,3,5,10,1,4,12,16,8$1.0
310$13,9,3,6,15,2,11,14,3,5,10,1,4,12,16,8$1.0
311$13,9,3,6,15,2,11,14,3,5,10,1,4,12,16,8$1.0
312$13,9,3,6,15,2,11,14,3,5,10,1,4,12,16,8$1.0
313$13,9,3,6,15,2,11,14,3,5,10,1,4,12,16,8$1.0
314$13,9,3,6,15,2,11,14,3,5,10,1,4,12,16,8$1.0
315$13,7,3,6,15,2,11,14,3,5,10,1,4,12,16,8$1.0
316$13,7,3,6,15,2,11,14,3,5,10,1,4,12,16,8$1.0
317$13,9,3,6,15,2,11,14,3,5,10,1,4,12,16,8$1.0
318$13,7,3,6,15,2,11,14,3,5,10,1,4,12,16,8$1.0
319$13,9,3,6,15,2,11,14,3,5,10,1,4,12,16,8$1.0
320$13,7,3,6,15,2,11,14,2,5,10,1,4,12,16,8$1.0
321$13,7,3,6,15,2,11,14,3,5,10,1,4,12,16,8$1.0
322$13,7,3,6,15,2,11,14,3,5,10,1,4,12,16,8$1.0
323$13,7,3,6,15,2,11,14,3,5,10,1,4,12,16,8$1.0
324$13,9,3,6,15,2,11,14,3,5,10,1,4,12,16,8$1.0
325$13,7,3,6,15,2,11,14,3,5,10,1,4,12,16,8$1.0
326$13,7,3,6,15,2,11,14,2,5,10,1,4,12,16,8$1.0
327$13,7,3,6,15,2,11,14,3,5,10,1,4,12,16,8$1.0
328$13,9,3,6,15,2,11,14,3,5,10,1,4,12,16,8$1.0
329$13,7,3,6,15,2,11,14,3,5,10,1,4,12,16,8$1.0
330$13,7,3,6,15,2,11,14,3,5,10,1,4,12,16,8$1.0
331$13,7,3,6,15,2,11,14,3,5,10,1,4,12,16,8$1.0
332$13,7,3,6,15,2,11,14,3,5,10,1,4,12,16,8$1.0
333$13,7,3,6,15,2,11,14,3,5,10,1,4,12,16,8$1.0
334$13,7,3,6,15,2,11,14,3,5,10,1,4,12,16,8$1.0
335$13,7,3,6,15,2,11,14,3,5,10,1,4,12,16,8$1.0
336$13,7,3,6,15,2,11,14,16,5,10,1,4,12,16,8$1.0
337$13,7,3,6,15,2,11,14,3,5,10,1,4,12,16,8$1.0
338$13,7,3,6,15,2,11,14,16,5,10,1,4,12,16,8$1.0
339$13,7,3,6,15,2,11,14,3,5,10,1,4,12,16,8$1.0
340$13,7,3,6,15,2,11,14,16,5,10,1,4,12,16,8$1.0
341$13,7,3,6,15,2,11,14,3,5,10,1,4,12,16,8$1.0
342$13,7,3,6,15,2,11,14,3,5,10,1,4,12,16,8$1.0
343$13,7,3,6,15,2,11,14,3,5,10,1,4,12,16,8$1.0
344$13,7,3,6,15,2,11,14,16,5,10,1,4,12,16,8$1.0
345$13,7,3,6,15,2,11,14,16,5,10,1,4,12,16,8$1.0
346$13,7,3,6,15,2,11,14,3,5,10,1,4,12,16,8$1.0
347$13,7,3,6,15,2,11,14,3,5,10,1,4,12,16,8$1.0
348$13,7,3,6,15,2,11,14,3,5,10,1,4,12,16,8$1.0
349$13,9,3,6,15,2,11,14,3,5,10,1,4,12,16,8$1.0
350$13,7,3,6,15,2,11,14,3,5,10,1,4,12,16,8$1.0
351$13,7,3,6,15,2,11,14,3,5,10,1,4,12,16,8$1.0
352$13,7,3,6,15,2,11,14,3,5,10,1,4,12,16,8$1.0
353$13,9,3,6,15,2,11,14,3,5,10,1,4,12,16,8$1.0
354$13,9,3,6,15,2,11,14,14,5,10,1,4,12,16,8$1.0
355$13,9,3,6,15,2,11,14,3,5,10,1,4,12,16,8$1.0
356$13,9,3,6,15,2,11,14,3,5,10,1,4,12,16,8$1.0
357$13,7,3,6,15,2,11,14,3,5,10,1,4,12,16,8$1.0
358$13,7,3,6,15,2,11,14,3,5,10,1,4,12,16,8$1.0
359$13,7,3,6,15,2,11,14,3,5,10,1,4,12,16,8$1.0
360$13,7,3,6,15,2,11,14,3,5,10,1,4,12,16,8$1.0
361$13,9,3,6,15,2,11,14,3,5,10,1,4,12,16,8$1.0
362$13,9,3,6,15,2,11,14,3,5,10,1,4,12,16,8$1.0
363$13,7,3,6,15,2,11,14,16,5,10,1,4,12,16,8$1.0
364$13,9,3,6,15,2,11,14,3,5,10,1,4,12,16,8$1.0
365$13,9,3,6,15,2,11,14,3,5,10,1,4,12,16,8$1.0
366$13,9,3,6,15,2,11,14,3,5,10,1,4,12,16,8$1.0
367$13,9,3,6,15,2,11,14,3,5,10,1,4,12,16,8$1.0
368$13,9,16,6,15,2,11,14,3,5,10,1,4,12,8,8$1.0
369$13,9,3,6,15,2,11,14,3,5,10,1,4,12,16,8$1.0
370$13,9,3,6,15,2,11,14,3,5,10,1,4,12,16,8$1.0
371$13,7,16,6,15,2,11,14,3,5,10,1,4,12,8,13$1.0
372$13,9,16,6,15,2,11,14,3,5,10,1,4,12,16,8$1.0
373$13,9,16,6,15,2,11,14,3,5,10,1,4,12,8,13$1.0
374$13,9,16,6,15,2,11,14,3,5,10,1,4,12,8,13$1.0
375$13,9,16,6,15,2,11,14,3,5,10,1,4,12,16,8$1.0
376$13,7,16,6,15,2,11,14,3,5,10,1,4,12,16,8$1.0
377$13,9,16,6,15,2,11,14,3,5,10,1,4,12,16,8$1.0
378$13,9,16,6,15,2,11,14,3,5,10,1,4,12,8,13$1.0
379$13,9,16,6,15,2,11,14,3,5,10,1,4,12,16,8$1.0
380$13,9,3,6,15,2,11,14,3,5,10,1,4,12,16,8$1.0
381$13,9,16,6,15,2,11,14,3,5,10,1,4,12,16,8$1.0
382$13,9,16,6,15,2,11,14,3,5,10,1,4,12,8,8$1.0
383$13,9,16,6,15,2,11,14,3,5,10,1,4,12,8,13$1.0
384$13,9,16,6,15,2,11,14,3,5,10,1,4,12,8,13$1.0
385$13,9,16,6,15,2,11,14,3,5,10,1,4,12,8,13$1.0
386$13,9,16,6,15,2,11,14,3,5,10,1,4,12,8,13$1.0
387$13,9,16,6,15,2,11,14,3,5,10,1,4,12,16,8$1.0
388$13,9,16,6,15,2,11,14,3,5,10,1,4,12,16,8$1.0
389$13,9,16,6,15,2,11,14,3,5,10,1,4,12,16,8$1.0
390$13,9,16,6,15,2,11,14,3,5,10,1,4,12,12,8$1.0
391$13,9,16,6,15,2,11,14,3,5,10,1,4,12,16,8$1.0
392$13,7,16,6,15,2,11,14,3,5,10,1,4,12,16,8$1.0
393$13,9,3,6,15,2,11,14,3,5,10,1,4,12,16,8$1.0
394$13,9,16,6,15,2,11,14,3,5,10,1,4,12,16,8$1.0
395$13,9,16,6,15,2,11,14,3,5,10,1,4,12,16,8$1.0
396$13,9,16,6,15,2,11,14,3,5,10,1,4,12,12,8$1.0
397$13,9,16,6,15,2,11,14,3,5,10,1,4,15,12,8$1.0
398$13,9,16,6,15,2,11,14,3,5,10,1,4,12,16,8$1.0
399$13,9,16,6,15,2,11,14,3,5,10,1,4,12,12,8$1.0
400$13,9,16,6,15,2,11,14,3,5,10,1,4,12,16,8$1.0
401$13,9,16,6,15,2,11,14,3,5,10,1,4,12,16,8$1.0
402$13,9,16,6,15,2,11,14,3,5,10,1,4,12,16,8$1.0
403$13,9,16,6,15,2,11,14,3,5,10,1,4,12,16,8$1.0
404$13,9,16,6,15,2,11,14,3,5,10,1,4,12,16,8$1.0
405$13,9,16,6,15,2,11,14,3,5,10,1,4,12,16,8$1.0
406$13,9,16,6,15,2,11,14,3,5,10,1,4,12,16,8$1.0
407$13,9,16,6,15,2,11,14,3,5,10,1,4,12,16,8$1.0
408$13,9,16,6,15,2,11,14,3,5,10,1,4,12,16,8$1.0
409$13,9,16,6,15,2,11,14,3,5,10,1,4,12,16,8$1.0
410$13,9,16,6,15,2,11,14,3,5,10,1,4,12,16,8$1.0
411$13,9,16,6,15,2,11,14,3,5,10,1,4,12,16,8$1.0
412$13,9,16,6,15,2,11,14,3,5,10,1,4,12,16,8$1.0
413$13,9,16,6,15,2,11,14,3,5,10,1,4,12,16,8$1.0
414$13,9,16,6,15,2,11,14,3,5,10,1,4,12,16,8$1.0
415$13,9,16,6,15,2,11,14,3,5,10,1,4,12,16,8$1.0
416$13,9,16,6,15,2,11,14,3,5,10,1,4,12,16,8$1.0
417$13,9,16,6,15,2,11,14,3,5,10,1,4,12,16,8$1.0
418$13,9,16,6,15,2,11,14,3,5,10,1,4,12,16,8$1.0
419$13,9,16,6,15,2,11,14,3,5,10,1,4,12,16,8$1.0
420$13,9,16,6,15,2,11,14,3,5,10,1,4,12,8,8$1.0
421$13,9,16,6,15,2,11,14,3,5,10,1,4,12,15,8$1.0
422$13,9,16,6,15,2,11,14,3,5,10,1,4,12,16,8$1.0
423$13,9,16,6,15,2,11,14,3,5,10,1,4,12,16,8$1.0
424$13,9,16,6,15,2,11,14,3,5,10,1,4,12,16,8$1.0
425$13,9,16,6,15,2,11,14,3,5,10,1,4,12,16,8$1.0
426$13,9,16,6,15,2,11,14,3,5,10,1,4,12,12,8$1.0
427$13,9,16,6,15,2,11,14,3,5,10,1,4,12,12,8$1.0
428$13,9,16,6,15,2,11,14,3,5,10,1,4,12,16,8$1.0
429$13,9,16,6,15,2,11,14,3,5,10,1,4,12,16,8$1.0
430$13,9,16,6,15,2,11,14,3,5,10,1,4,12,15,8$1.0
431$13,9,16,6,15,2,11,14,3,5,10,1,4,12,15,8$1.0
432$13,9,16,6,15,2,11,14,3,5,10,1,4,12,15,8$1.0
433$13,9,6,6,15,2,11,14,3,5,10,1,4,12,16,8$1.0
434$13,9,16,6,15,2,11,14,3,5,10,1,4,12,15,8$1.0
435$13,9,16,6,15,2,11,14,3,5,10,1,4,12,15,8$1.0
436$13,9,16,6,15,2,11,14,3,5,10,1,4,12,16,8$1.0
437$13,9,16,6,15,2,11,14,3,5,10,1,4,12,16,8$1.0
438$13,9,16,6,15,2,11,14,3,5,10,1,4,14,12,8$1.0
439$13,9,16,6,15,2,11,14,3,5,10,1,4,14,12,8$1.0
440$13,9,16,6,15,2,11,14,3,5,10,1,4,14,12,8$1.0
441$13,9,16,6,15,2,11,14,3,5,10,1,4,12,16,8$1.0
442$13,9,16,6,15,2,11,14,3,5,10,1,4,14,12,8$1.0
443$13,9,16,6,15,2,11,14,3,5,10,1,4,12,15,8$1.0
444$13,9,6,6,15,2,11,14,3,5,10,1,4,12,16,8$1.0
445$13,9,16,6,15,2,11,14,3,5,10,1,4,12,15,8$1.0
446$13,9,16,6,15,2,11,14,3,5,10,1,4,12,15,8$1.0
447$13,7,16,6,15,2,11,14,3,5,10,1,4,12,16,8$1.0
448$13,9,16,6,15,2,11,14,3,5,10,1,4,14,12,8$1.0
449$13,7,16,6,15,2,11,14,3,5,10,1,4,12,15,8$1.0
450$13,7,16,6,15,2,11,14,3,5,10,1,4,12,16,9$1.0
451$13,7,16,6,15,2,11,14,3,5,10,1,4,14,12,8$1.0
452$13,7,16,6,15,2,11,14,3,5,10,1,4,12,15,8$1.0
453$13,7,16,6,15,2,11,14,3,5,10,1,4,12,16,9$1.0
454$13,7,16,6,15,2,11,14,3,5,10,1,4,12,15,8$1.0
455$13,7,16,6,15,2,11,14,3,5,10,1,4,12,8,8$1.0
456$13,7,16,6,15,2,11,14,3,5,10,1,4,12,8,8$1.0
457$13,7,16,6,15,2,11,14,3,5,10,1,4,12,8,8$1.0
458$13,7,16,6,15,2,11,14,3,5,10,1,4,12,8,8$1.0
459$13,7,16,6,15,2,11,14,3,5,10,1,4,12,1,8$1.0
460$13,7,16,6,15,2,11,14,3,5,10,1,4,12,8,8$1.0
461$13,7,16,6,15,2,11,14,3,5,10,1,4,14,12,8$1.0
462$13,7,16,6,15,2,11,14,3,5,10,1,4,12,1,8$1.0
463$13,7,16,6,15,2,11,14,3,5,10,1,4,12,16,9$1.0
464$13,7,16,6,15,2,11,14,3,5,10,1,4,12,12,8$1.0
465$13,7,16,6,15,2,11,14,3,5,10,1,4,12,16,9$1.0
466$13,7,16,6,15,2,11,14,3,5,10,1,4,12,16,9$1.0
467$13,7,16,6,15,2,11,14,3,5,10,1,4,12,8,8$1.0
468$13,7,16,6,15,2,11,14,3,5,10,1,4,12,12,8$1.0
469$13,7,16,6,15,2,11,14,3,5,10,1,4,12,8,8$1.0
470$13,7,16,6,15,2,11,14,3,5,10,1,4,12,8,8$1.0
471$13,7,16,6,15,2,11,14,3,5,10,1,4,12,16,9$1.0
472$13,7,16,6,15,2,11,14,3,5,10,1,4,12,16,9$1.0
473$13,7,16,6,15,2,11,14,3,5,10,1,4,12,8,8$1.0
474$13,7,16,6,15,2,11,14,3,5,10,1,4,12,16,9$1.0
475$13,7,16,6,15,2,11,14,3,5,10,1,4,12,16,9$1.0
476$13,7,16,6,15,2,11,14,3,5,10,1,4,12,16,9$1.0
477$13,7,16,6,15,2,11,14,3,5,10,1,4,12,16,9$1.0
478$13,7,16,6,15,2,11,14,3,5,10,1,4,12,16,9$1.0
479$13,7,16,6,15,2,11,14,3,5,10,1,4,12,8,8$1.0
480$13,7,16,6,15,2,11,8,3,5,10,1,4,12,16,9$1.0
481$13,7,16,6,15,2,11,14,3,5,10,1,4,12,16,9$1.0
482$13,7,3,6,15,2,11,14,3,5,10,1,4,12,16,9$1.0
483$13,7,16,6,15,2,11,14,3,5,10,1,4,12,16,9$1.0
484$13,7,16,6,15,2,11,14,3,5,10,1,4,12,16,9$1.0
485$13,7,16,6,15,2,11,14,3,5,10,1,4,12,16,9$1.0
486$13,7,16,6,15,2,11,14,3,5,10,1,4,12,16,9$1.0
487$13,7,16,6,15,2,11,14,3,5,10,1,4,12,15,9$1.0
488$13,7,16,6,15,2,11,14,3,5,10,1,4,12,15,9$1.0
489$13,7,16,6,15,2,11,14,3,5,10,1,4,12,15,9$1.0
490$13,7,16,6,15,2,11,14,3,5,10,1,4,12,15,9$1.0
491$13,7,16,6,15,2,11,14,3,5,10,1,4,12,16,9$1.0
492$13,7,16,6,15,2,11,14,3,5,10,1,4,12,16,9$1.0
493$13,7,16,6,15,2,11,14,3,5,10,1,4,12,16,9$1.0
494$13,7,16,6,15,2,11,14,3,5,10,1,4,12,16,9$1.0
495$13,7,16,6,15,2,11,14,3,5,10,1,4,12,16,9$1.0
496$13,7,16,6,15,2,11,14,3,5,10,1,4,12,15,9$1.0
497$13,7,16,6,15,2,11,14,3,5,10,1,4,12,16,9$1.0
498$13,7,16,6,15,2,11,14,3,5,10,1,4,12,15,9$1.0
499$13,7,16,6,15,2,11,14,3,5,10,1,4,12,15,9$1.0
500$13,7,16,6,15,2,11,14,3,5,10,1,4,12,16,9$1.0
501$13,7,16,6,15,2,11,14,3,5,10,1,4,12,15,9$1.0
502$13,7,16,6,15,2,11,14,3,5,10,1,4,12,16,9$1.0
503$13,7,16,6,15,2,11,14,3,5,10,1,4,12,16,9$1.0
504$13,7,16,6,15,2,11,14,3,5,10,1,4,12,16,9$1.0
505$13,7,16,6,15,2,11,14,3,5,10,1,4,12,16,9$1.0
506$13,7,16,6,15,2,11,14,3,5,10,1,4,12,16,9$1.0
507$13,7,16,6,15,2,11,14,3,5,10,1,4,12,16,9$1.0
508$13,7,16,6,15,2,11,14,3,5,10,1,4,12,16,9$1.0
509$13,7,16,6,15,2,11,14,3,5,10,1,4,12,1,8$1.0
510$13,7,16,6,15,2,11,14,3,5,10,1,4,12,16,9$1.0
511$13,7,16,6,15,2,11,14,3,5,10,1,4,12,16,9$1.0
512$13,7,16,6,15,2,11,14,3,5,10,1,4,12,1,8$1.0
513$13,7,16,6,6,2,11,14,3,5,10,1,4,12,15,9$1.0
514$13,7,16,6,15,2,11,14,3,5,10,1,4,12,16,9$1.0
515$13,7,16,6,15,2,11,14,3,5,10,1,4,12,16,9$1.0
516$13,7,16,6,15,2,11,14,3,5,10,1,4,12,15,9$1.0
517$13,7,16,6,15,2,11,14,3,5,10,1,4,12,16,9$1.0
518$13,7,3,6,15,2,11,14,3,5,10,1,4,12,16,9$1.0
519$13,7,16,6,2,2,11,14,3,5,10,1,4,12,15,9$1.0
520$13,7,16,6,15,2,11,14,3,5,10,1,4,12,15,9$1.0
521$13,7,16,6,15,2,11,14,3,5,10,1,4,12,1,8$1.0
522$13,7,16,6,15,2,11,14,3,5,10,1,4,12,16,9$1.0
523$13,7,16,6,15,2,11,8,3,5,10,1,4,12,16,9$1.0
524$13,7,16,6,15,2,11,14,3,5,10,1,4,12,16,9$1.0
525$13,7,16,6,15,2,11,8,3,5,10,1,4,12,7,9$1.0
526$13,7,16,6,15,2,11,8,3,5,10,1,4,12,16,9$1.0
527$13,7,16,6,15,2,11,14,3,5,10,1,4,12,16,9$1.0
528$13,7,3,6,15,2,11,14,3,5,10,1,4,12,16,9$1.0
529$13,7,16,6,15,2,11,14,3,5,10,1,4,12,16,9$1.0
530$13,7,16,6,15,2,11,14,3,5,10,1,4,12,15,9$1.0
531$13,7,16,6,15,2,11,14,3,5,10,1,4,12,16,9$1.0
532$13,7,16,6,15,2,11,14,3,5,10,1,4,12,16,8$1.0
533$13,7,16,6,15,2,11,8,3,5,10,1,4,12,16,9$1.0
534$13,7,16,6,15,2,11,14,3,5,10,1,4,12,16,9$1.0
535$13,7,16,6,15,2,11,14,3,5,10,1,4,12,16,8$1.0
536$13,7,16,6,15,2,11,14,3,5,10,1,4,12,16,9$1.0
537$13,7,16,6,15,2,11,8,3,5,10,1,4,12,16,9$1.0
538$13,7,16,6,15,2,11,8,3,5,10,1,4,12,16,9$1.0
539$13,7,16,6,15,2,11,14,3,5,10,1,4,12,16,9$1.0
540$13,7,16,6,15,2,11,14,3,5,10,1,4,12,16,9$1.0
541$13,7,16,6,15,2,11,8,3,5,10,1,4,12,16,9$1.0
542$13,7,16,6,15,2,11,14,3,5,10,1,4,12,16,8$1.0
543$13,7,16,6,15,2,11,14,3,5,10,1,4,12,16,8$1.0
544$13,7,16,6,15,2,11,14,3,5,10,1,4,12,16,9$1.0
545$13,7,16,6,15,2,11,14,3,5,10,1,4,12,16,8$1.0
546$13,7,16,6,15,2,11,14,3,5,10,1,4,12,16,8$1.0
547$13,7,16,6,15,2,11,14,3,5,10,1,4,12,16,8$1.0
548$13,7,16,6,15,2,11,14,3,5,10,1,4,12,16,8$1.0
549$13,7,16,6,15,2,11,14,3,5,10,1,4,12,12,9$1.0
550$13,7,16,6,15,2,11,14,3,5,10,1,4,12,16,9$1.0
551$13,7,16,6,15,2,11,14,3,5,10,1,4,12,16,8$1.0
552$13,7,16,6,15,2,11,14,3,5,10,1,4,12,16,8$1.0
553$13,7,16,6,15,2,11,14,3,5,10,1,4,12,16,9$1.0
554$13,7,16,6,15,2,11,14,3,5,10,1,4,12,16,9$1.0
555$13,7,16,6,15,2,11,14,3,5,10,1,4,12,16,8$1.0
556$13,7,16,6,15,2,11,14,3,5,10,1,4,12,12,9$1.0
557$13,7,16,6,15,2,11,14,3,5,10,1,4,12,12,9$1.0
558$13,7,16,6,15,2,11,14,3,5,10,1,4,12,16,8$1.0
559$13,7,16,6,15,2,11,14,3,5,10,1,4,12,16,8$1.0
560$13,7,16,6,15,2,11,8,3,5,10,1,4,12,16,9$1.0
561$13,7,16,6,15,2,11,14,3,5,10,1,4,12,16,9$1.0
562$13,7,16,6,15,2,11,14,3,5,10,1,4,12,16,8$1.0
563$13,7,16,6,15,2,11,14,3,5,10,1,4,12,15,8$1.0
564$13,7,16,6,15,2,11,14,3,5,10,1,4,12,16,8$1.0
565$13,7,16,6,15,2,11,14,3,5,10,1,4,12,12,8$1.0
566$13,7,16,6,15,2,11,14,3,5,10,1,4,12,12,8$1.0
567$13,7,16,6,15,2,11,14,3,5,10,1,4,12,16,8$1.0
568$13,7,16,6,15,2,11,14,3,5,10,1,4,12,16,8$1.0
569$13,7,16,6,15,2,11,14,3,5,10,1,4,12,16,8$1.0
570$13,7,16,6,15,2,11,14,3,5,10,1,4,12,15,8$1.0
571$13,7,16,6,15,2,11,14,3,5,10,1,4,12,16,8$1.0
572$13,7,16,6,15,2,11,14,3,5,10,1,4,12,16,8$1.0
573$13,7,16,6,15,2,11,14,3,5,10,1,4,12,16,8$1.0
574$13,7,16,6,15,2,11,14,3,5,10,1,4,12,16,8$1.0
575$13,7,16,6,15,2,11,14,3,5,10,1,4,12,15,8$1.0
576$13,7,16,6,15,2,11,14,3,5,10,1,4,12,15,8$1.0
577$13,7,16,6,15,2,11,14,3,5,10,1,4,12,16,8$1.0
578$13,7,16,6,15,2,11,14,3,5,10,1,4,12,16,8$1.0
579$13,7,16,6,15,2,11,14,3,5,10,1,4,12,16,8$1.0
580$13,7,16,6,15,2,11,14,3,5,10,1,4,12,16,9$1.0
581$13,7,16,6,15,2,11,14,3,5,10,1,4,12,16,8$1.0
582$13,7,16,6,15,2,11,14,3,5,10,1,4,12,15,8$1.0
583$13,7,16,6,15,2,11,14,3,5,10,1,4,12,16,8$1.0
584$13,7,16,6,15,2,11,14,3,5,10,1,4,12,16,8$1.0
585$13,7,16,6,15,2,11,14,3,5,10,1,4,12,15,8$1.0
586$13,7,16,6,15,2,11,14,3,5,10,1,4,12,16,8$1.0
587$13,7,16,6,15,2,11,14,3,5,10,1,4,12,16,8$1.0
588$13,7,16,6,15,2,11,14,3,5,10,1,4,12,16,8$1.0
589$13,7,16,6,15,2,11,14,3,5,10,1,4,12,16,8$1.0
590$13,7,16,6,15,2,11,14,3,5,10,1,4,12,12,8$1.0
591$13,7,16,6,15,2,11,14,3,5,10,1,4,12,16,8$1.0
592$13,7,16,6,15,2,11,14,3,5,10,1,4,12,16,8$1.0
593$13,7,16,6,15,2,11,14,3,5,10,1,4,12,16,8$1.0
594$13,7,16,6,15,2,11,14,3,5,10,1,4,12,15,8$1.0
595$13,7,16,6,15,2,11,14,3,5,10,1,4,12,8,8$1.0
596$13,7,16,6,15,2,11,14,3,5,10,1,4,12,16,8$1.0
597$13,7,16,6,15,2,11,14,3,5,10,1,4,12,16,8$1.0
598$13,7,16,6,15,2,11,14,3,5,10,1,4,12,16,8$1.0
599$13,7,16,6,15,2,11,14,3,5,10,1,4,12,15,9$1.0
600$13,7,16,6,15,2,11,14,3,5,10,1,4,12,16,8$1.0
601$13,7,16,6,15,2,11,14,3,5,10,1,4,12,16,8$1.0
602$13,7,16,6,15,2,11,14,3,5,10,1,4,12,16,8$1.0
603$13,7,16,6,15,2,11,14,3,5,10,1,4,12,16,8$1.0
604$13,7,16,6,15,2,11,14,3,5,10,1,4,12,16,8$1.0
605$13,9,16,6,15,2,11,14,3,5,10,1,4,12,16,8$1.0
606$13,7,16,6,15,2,11,14,3,5,10,1,4,12,16,8$1.0
607$13,7,16,6,15,2,11,14,3,5,10,1,4,12,16,8$1.0
608$13,7,16,6,15,2,11,14,3,5,10,1,4,12,16,8$1.0
609$13,7,16,6,15,2,11,14,3,5,10,1,4,12,16,8$1.0
610$13,7,16,6,15,2,11,14,3,5,10,1,4,12,16,8$1.0
611$13,7,16,6,15,2,11,14,3,5,10,1,4,12,16,8$1.0
612$13,7,16,6,15,2,11,14,3,5,10,1,4,12,16,8$1.0
613$13,7,16,6,15,2,11,14,3,5,10,1,4,12,16,8$1.0
614$13,7,16,6,15,2,11,14,3,5,10,1,4,12,16,8$1.0
615$13,7,16,6,15,2,11,14,3,5,10,1,4,12,16,8$1.0
616$13,7,16,6,15,2,11,14,3,5,10,1,4,12,16,8$1.0
617$13,7,16,6,15,2,11,14,3,5,10,1,4,12,16,8$1.0
618$13,7,16,6,15,2,11,14,3,5,10,1,4,12,16,8$1.0
619$13,7,16,6,15,2,11,14,3,5,10,1,4,12,16,8$1.0
620$13,7,16,6,15,2,11,14,3,5,10,1,4,12,16,8$1.0
621$13,7,16,6,15,2,11,14,3,5,10,1,4,12,16,8$1.0
622$13,7,16,6,15,2,11,14,3,5,10,1,4,12,16,8$1.0
623$13,7,16,6,15,2,11,14,3,5,10,1,4,12,12,8$1.0
624$13,7,16,6,15,2,11,14,3,5,10,1,4,12,16,8$1.0
625$13,7,16,6,15,2,11,14,3,5,10,1,4,12,16,8$1.0
626$13,7,16,6,15,2,11,14,3,5,10,1,4,12,12,8$1.0
627$13,7,16,6,15,2,11,14,3,5,10,1,4,12,16,8$1.0
628$13,7,16,6,15,2,11,14,3,5,10,1,4,12,15,8$1.0
629$13,7,16,6,15,2,11,14,3,5,10,1,4,12,16,8$1.0
630$13,7,16,6,15,2,11,14,3,5,10,1,4,12,16,8$1.0
631$13,7,16,6,15,2,11,14,3,5,10,1,4,12,16,8$1.0
632$13,7,16,6,15,2,11,14,3,5,10,1,4,12,16,8$1.0
633$13,7,16,6,15,2,11,14,3,5,10,1,4,12,16,8$1.0
634$13,7,16,6,15,2,11,14,3,5,10,1,4,12,16,9$1.0
635$13,7,16,6,15,2,11,14,3,5,10,1,4,12,16,8$1.0
636$13,7,16,6,15,2,11,14,3,5,10,1,4,12,16,9$1.0
637$13,7,16,6,15,2,11,14,3,5,10,1,4,12,16,8$1.0
638$13,7,16,6,15,2,11,14,3,5,10,1,4,12,16,8$1.0
639$13,7,16,6,15,2,11,14,3,5,10,1,4,12,16,8$1.0
640$13,7,16,6,15,2,11,14,3,5,10,1,4,12,16,8$1.0
641$13,7,16,6,15,2,11,14,3,5,10,1,4,12,16,8$1.0
642$13,7,16,6,15,2,11,14,3,5,10,1,4,12,16,8$1.0
643$13,7,16,6,15,2,11,14,3,5,10,1,4,12,16,8$1.0
644$13,7,16,6,15,2,11,14,3,5,10,1,4,12,16,8$1.0
645$13,7,16,6,15,2,11,14,3,5,10,1,4,12,16,8$1.0
646$13,7,16,6,15,2,11,14,3,5,10,1,4,12,16,8$1.0
647$13,7,16,6,15,2,11,14,3,5,10,1,4,12,16,8$1.0
648$13,7,16,6,15,2,11,14,3,5,10,1,4,12,16,8$1.0
649$13,7,16,6,15,2,11,14,3,5,10,1,4,12,16,8$1.0
650$13,7,16,6,15,2,11,14,3,5,10,1,4,12,16,8$1.0
651$13,7,16,6,15,2,11,14,3,5,10,1,4,12,16,8$1.0
652$13,7,16,6,15,2,11,14,3,5,10,1,4,12,1,8$1.0
653$13,7,16,6,15,2,11,14,3,5,10,1,4,12,16,8$1.0
654$13,7,16,6,15,2,11,14,3,5,10,1,4,12,16,8$1.0
655$13,7,16,6,15,2,11,14,3,5,10,1,4,12,16,8$1.0
656$13,7,16,6,15,2,11,14,3,5,10,1,4,12,16,8$1.0
657$13,7,16,6,15,2,11,14,3,5,10,1,4,12,16,8$1.0
658$13,7,16,6,15,2,11,14,3,5,10,1,4,12,1,8$1.0
659$13,7,16,6,15,2,11,14,3,5,10,1,4,12,8,8$1.0
660$13,7,16,6,15,2,11,14,3,5,10,1,4,12,1,8$1.0
661$13,7,16,6,15,2,11,14,3,5,10,1,4,12,16,8$1.0
662$13,7,16,6,15,2,11,14,3,5,10,1,4,12,16,8$1.0
663$13,7,16,6,15,2,11,14,3,5,10,1,4,12,8,8$1.0
664$13,7,16,6,15,2,11,14,3,5,10,1,4,12,16,8$1.0
665$13,7,16,6,15,2,11,14,3,5,10,1,4,12,16,8$1.0
666$13,7,16,6,15,2,11,14,3,5,10,1,4,12,16,8$1.0
667$13,7,16,6,15,2,11,14,3,5,10,1,4,12,8,8$1.0
668$13,7,16,6,15,2,11,14,3,5,10,1,4,12,16,8$1.0
669$13,7,16,6,15,2,11,14,3,5,10,1,4,12,16,8$1.0
670$13,7,16,6,15,2,11,14,3,5,10,1,4,12,16,8$1.0
671$13,7,16,6,15,2,11,14,3,5,10,1,4,12,16,8$1.0
672$13,7,16,6,15,2,11,14,3,5,10,1,4,12,16,8$1.0
673$13,7,16,6,15,2,11,14,3,5,10,1,4,12,16,8$1.0
674$13,7,16,6,15,2,11,14,3,5,10,1,4,12,16,8$1.0
675$13,7,16,6,15,2,11,14,3,5,10,1,4,12,15,8$1.0
676$13,7,16,6,15,2,11,14,3,5,10,1,4,12,15,8$1.0
677$13,7,16,6,15,2,11,14,3,5,10,1,4,12,16,8$1.0
678$13,7,16,6,15,2,11,14,3,5,10,1,4,12,16,8$1.0
679$13,7,16,6,15,2,11,14,3,5,10,1,4,12,15,8$1.0
680$13,7,16,6,15,2,11,14,3,5,10,1,4,12,15,8$1.0
681$13,7,16,6,15,2,11,14,3,5,10,1,4,12,16,8$1.0
682$13,7,16,6,15,2,11,14,3,5,10,1,4,12,16,8$1.0
683$13,7,16,6,15,2,11,14,3,5,10,1,4,12,16,8$1.0
684$13,7,16,6,15,2,11,14,3,5,10,1,4,12,16,8$1.0
685$13,7,16,6,15,2,11,14,3,5,10,1,4,12,16,8$1.0
686$13,7,16,6,15,2,11,14,3,5,10,1,4,12,16,8$1.0
687$13,7,16,6,15,2,11,14,3,5,10,1,4,12,8,8$1.0
688$13,7,16,6,15,2,11,14,3,5,10,1,4,12,8,16$1.0
689$13,7,16,6,15,2,11,14,3,5,10,1,4,12,8,8$1.0
690$13,7,16,6,15,2,11,14,3,5,10,1,4,12,8,16$1.0
691$13,7,16,6,15,2,11,14,3,5,10,1,4,12,8,8$1.0
692$13,7,16,6,15,2,11,14,3,5,10,1,4,12,16,8$1.0
693$13,7,16,6,15,2,11,14,3,5,10,1,4,12,8,8$1.0
694$13,7,16,6,15,2,11,14,3,5,10,1,4,12,8,8$1.0
695$13,9,16,6,15,2,11,14,3,5,10,1,4,12,8,8$1.0
696$13,7,16,6,15,2,11,14,3,5,10,1,4,12,16,8$1.0
697$13,7,16,6,15,2,11,14,3,5,10,1,4,12,16,8$1.0
698$13,9,16,6,15,2,11,14,3,5,10,1,4,12,8,8$1.0
699$13,9,16,6,15,2,11,14,3,5,10,1,4,12,16,8$1.0
700$13,9,16,6,15,2,11,14,3,5,10,1,4,12,8,8$1.0
701$13,7,16,6,15,2,11,14,3,5,10,1,4,12,8,8$1.0
702$13,9,16,6,15,2,11,14,3,5,10,1,4,12,15,8$1.0
703$13,9,16,6,15,2,11,14,3,5,10,1,4,12,15,8$1.0
704$13,7,16,6,15,2,11,14,3,5,10,1,4,12,8,8$1.0
705$13,7,16,6,15,2,11,14,3,5,10,1,4,12,16,8$1.0
706$13,7,16,6,15,2,11,14,3,5,10,1,4,12,15,8$1.0
707$13,7,16,6,15,2,11,14,3,5,10,1,4,12,16,8$1.0
708$13,7,16,6,15,2,11,14,3,5,10,1,4,12,8,8$1.0
709$13,7,16,6,15,2,11,14,3,5,10,1,4,12,12,8$1.0
710$13,7,16,6,15,2,11,14,3,5,10,1,4,12,16,8$1.0
711$13,7,16,6,15,2,11,14,3,5,10,1,4,12,8,8$1.0
712$13,7,16,6,15,2,11,14,3,5,10,1,4,12,8,13$1.0
713$13,7,16,6,15,2,11,14,3,5,10,1,4,12,8,13$1.0
714$13,7,16,6,15,2,11,14,3,5,10,1,4,12,16,8$1.0
715$13,7,16,6,15,2,11,14,3,5,10,1,4,12,8,13$1.0
716$13,7,16,6,15,2,11,14,3,5,10,1,4,12,8,13$1.0
717$13,7,16,6,15,2,11,14,3,5,10,1,4,12,8,13$1.0
718$13,7,16,6,15,2,11,14,3,5,10,1,4,12,8,13$1.0
719$13,7,16,6,15,2,11,14,3,5,10,1,4,12,8,13$1.0
720$13,7,16,6,15,2,11,14,3,5,10,1,4,12,8,13$1.0
721$13,7,16,6,15,2,11,14,3,5,10,1,4,12,8,13$1.0
722$13,7,16,6,15,2,11,14,3,5,10,1,4,12,8,13$1.0
723$13,7,16,6,15,2,11,14,3,5,10,1,4,12,8,13$1.0
724$13,7,16,6,15,2,11,14,3,5,10,1,4,12,8,13$1.0
725$13,7,16,6,15,2,11,14,3,5,10,1,4,12,8,13$1.0
726$13,7,16,6,15,2,11,14,3,5,10,1,4,12,8,13$1.0
727$13,9,16,6,15,2,11,14,3,5,10,1,4,12,8,8$1.0
728$13,7,16,6,15,2,11,14,3,5,10,1,4,12,8,8$1.0
729$13,7,16,6,15,2,11,14,3,5,10,1,4,12,8,8$1.0
730$13,7,16,6,15,2,11,14,3,5,10,1,4,12,8,13$1.0
731$13,7,16,6,15,2,11,14,3,5,10,1,4,12,8,8$1.0
732$13,9,16,6,15,2,11,14,3,5,10,1,4,12,8,13$1.0
733$13,7,16,6,15,2,11,14,3,5,10,1,4,12,8,13$1.0
734$13,7,16,6,15,2,11,14,3,5,10,1,4,12,8,13$1.0
735$13,7,16,6,15,2,11,14,3,5,10,1,4,12,8,13$1.0
736$13,7,16,6,15,2,11,14,3,5,10,1,4,12,8,13$1.0
737$13,7,16,6,15,2,11,14,3,5,10,1,4,12,8,13$1.0
738$13,7,16,6,15,2,11,14,3,5,10,1,4,12,8,13$1.0
739$10,7,16,6,15,2,11,14,3,5,10,1,4,12,8,13$1.0
740$10,7,16,6,15,2,11,14,3,5,10,1,4,12,8,13$1.0
741$10,7,16,6,15,2,11,14,3,5,10,1,4,12,8,13$1.0
742$13,7,16,6,15,2,11,14,3,5,10,1,4,12,12,8$1.0
743$13,7,16,6,15,2,11,14,3,5,10,1,4,12,8,13$1.0
744$13,7,16,6,15,2,11,14,3,5,10,1,4,12,1,8$1.0
745$13,7,16,6,15,2,11,14,3,5,10,1,4,12,8,13$1.0
746$13,7,16,6,15,2,11,14,3,5,10,1,4,12,1,8$1.0
747$13,7,16,6,15,2,11,14,3,5,10,1,4,12,8,13$1.0
748$13,9,16,6,15,2,11,14,3,5,10,1,4,12,1,8$1.0
749$13,7,16,6,15,2,11,14,3,5,10,1,4,12,1,8$1.0
750$13,7,4,6,15,2,11,14,3,5,10,1,16,12,8,8$1.0
751$13,7,16,6,15,2,11,14,3,5,10,1,4,12,8,13$1.0
752$13,7,16,6,15,2,11,14,3,5,10,1,4,12,8,13$1.0
753$4,7,16,6,15,2,11,14,3,5,10,1,4,12,8,13$1.0
754$13,9,16,6,15,2,11,14,3,5,10,1,4,12,8,13$1.0
755$13,7,16,6,15,2,11,14,3,5,10,1,4,12,8,13$1.0
756$13,7,16,6,15,2,11,14,3,5,10,1,4,12,8,13$1.0
757$13,7,16,6,15,2,11,14,3,5,10,1,4,12,8,13$1.0
758$13,7,16,6,15,2,11,14,3,5,10,15,4,12,1,8$1.0
759$13,7,16,6,15,2,11,14,3,5,10,1,4,12,8,13$1.0
760$13,7,16,6,15,2,11,14,3,5,10,1,4,12,8,13$1.0
761$13,7,16,6,15,2,11,14,3,5,10,1,4,12,8,13$1.0
762$4,7,16,6,15,2,11,14,3,5,10,1,4,12,8,13$1.0
763$13,7,16,6,15,2,11,14,3,5,10,1,4,12,8,13$1.0
764$13,7,16,6,2,2,11,14,3,5,10,15,4,12,1,8$1.0
765$13,7,16,6,15,2,11,14,3,5,10,1,4,12,1,8$1.0
766$13,7,16,6,15,2,11,14,3,5,10,1,4,12,1,8$1.0
767$13,7,16,6,15,2,11,14,3,5,10,1,4,12,8,13$1.0
768$13,7,16,6,15,2,11,14,3,5,10,1,4,12,8,13$1.0
769$13,7,16,6,15,2,11,14,3,5,10,1,4,12,1,8$1.0
770$13,7,16,6,15,2,11,14,3,5,10,1,4,12,8,13$1.0
771$13,7,16,6,15,2,11,14,3,5,10,1,4,12,8,13$1.0
772$2,7,16,6,15,2,11,14,3,5,10,1,4,12,8,13$1.0
773$13,7,16,6,15,2,11,14,3,5,10,1,4,12,8,13$1.0
774$13,7,16,6,15,2,11,14,3,5,10,1,4,12,8,13$1.0
775$13,7,16,6,15,2,11,14,3,5,10,1,4,12,1,8$1.0
776$13,7,16,6,15,2,11,14,3,5,10,1,4,12,1,8$1.0
777$13,7,16,6,15,2,11,14,3,5,10,1,4,12,8,13$1.0
778$13,9,16,6,15,2,11,14,3,5,10,1,4,12,8,13$1.0
779$1,7,16,6,15,2,11,14,3,5,10,1,4,12,8,13$1.0
780$13,7,16,6,15,2,11,14,3,5,10,1,4,12,8,13$1.0
781$13,7,16,6,15,2,11,14,3,5,10,1,4,12,8,13$1.0
782$13,7,16,6,15,2,11,14,3,5,10,1,4,12,8,13$1.0
783$13,7,16,6,15,2,11,14,3,5,10,1,4,12,8,13$1.0
784$13,7,16,6,15,2,11,14,3,5,10,1,4,12,1,8$1.0
785$1,7,16,6,15,2,11,14,3,5,10,1,4,12,8,13$1.0
786$13,7,16,6,15,2,11,14,3,5,10,1,4,12,8,13$1.0
787$13,7,16,6,15,2,11,14,3,5,10,1,4,12,8,13$1.0
788$13,9,16,6,15,2,11,14,3,5,10,1,4,12,8,8$1.0
789$13,7,16,6,15,2,11,14,3,5,10,1,4,12,8,13$1.0
790$13,9,16,6,15,2,11,14,3,5,10,1,4,12,8,13$1.0
791$13,9,16,6,15,2,11,14,3,5,10,1,4,12,8,13$1.0
792$13,7,16,6,15,2,11,14,3,5,10,1,4,12,12,9$1.0
793$13,9,16,6,15,2,11,14,3,5,10,1,4,12,8,13$1.0
794$13,9,16,6,15,2,11,14,3,5,10,1,4,12,8,13$1.0
795$13,9,16,6,15,2,11,14,3,5,10,1,4,12,8,13$1.0
796$2,7,16,6,15,2,11,14,3,5,10,1,4,12,8,13$1.0
797$13,9,16,6,15,2,11,14,3,5,10,1,4,12,8,13$1.0
798$13,7,16,6,15,2,11,14,3,5,10,1,4,12,8,13$1.0
799$13,7,16,6,15,2,11,14,3,5,10,1,4,12,8,13$1.0
800$13,7,16,6,15,2,11,14,3,5,10,1,4,12,8,13$1.0
801$13,9,16,6,15,2,11,14,3,5,10,1,4,12,8,13$1.0
802$13,9,16,6,15,2,11,14,3,5,10,1,4,12,8,13$1.0
803$13,7,16,6,15,2,11,14,3,5,10,1,4,12,8,13$1.0
804$13,7,16,6,15,2,11,14,3,5,10,1,4,12,8,13$1.0
805$13,7,16,6,15,2,11,14,3,5,10,1,4,12,8,13$1.0
806$4,7,16,6,15,2,11,14,3,5,10,1,4,12,8,13$1.0
807$13,7,16,6,15,2,11,14,3,5,10,1,4,12,8,13$1.0
808$13,7,16,6,15,2,11,14,3,5,10,1,4,12,8,13$1.0
809$10,7,16,6,15,2,11,14,3,5,10,1,4,12,8,13$1.0
810$13,7,16,6,15,2,11,14,3,5,10,1,4,12,8,13$1.0
811$13,7,16,6,15,2,11,14,3,5,10,1,4,12,8,13$1.0
812$4,7,16,6,15,2,11,14,3,5,10,1,4,12,8,13$1.0
813$13,7,16,6,15,2,11,14,3,5,10,1,4,12,8,13$1.0
814$13,7,16,6,15,2,11,14,3,5,10,1,4,12,8,13$1.0
815$13,7,16,6,15,2,11,14,3,5,10,1,4,12,8,13$1.0
816$4,7,16,6,15,2,11,14,3,5,10,1,4,12,8,13$1.0
817$10,7,16,6,15,2,11,14,3,5,10,1,4,12,8,13$1.0
818$4,7,16,6,15,2,11,14,3,5,10,1,4,12,8,13$1.0
819$10,7,16,6,15,2,11,14,3,5,10,1,4,12,8,13$1.0
820$10,7,16,6,15,2,11,14,3,5,10,1,4,12,8,13$1.0
821$4,7,16,6,15,2,11,14,3,5,10,1,4,12,8,13$1.0
822$13,7,16,6,15,2,11,14,3,5,10,1,4,12,8,13$1.0
823$13,7,16,6,15,2,11,14,3,5,10,1,4,12,8,13$1.0
824$4,7,16,6,15,2,11,14,3,5,10,1,4,12,8,13$1.0
825$4,7,16,6,15,2,11,14,3,5,10,1,4,12,8,13$1.0
826$13,7,16,6,15,2,11,14,3,5,10,1,4,12,8,13$1.0
827$13,7,16,6,15,2,11,14,3,5,10,1,4,12,8,13$1.0
828$4,7,16,6,15,2,11,14,3,5,10,1,4,12,8,13$1.0
829$13,7,16,6,15,2,11,14,3,5,10,1,4,12,8,13$1.0
830$13,7,16,6,15,2,11,14,3,5,10,1,4,12,8,13$1.0
831$13,7,16,6,15,2,11,14,3,5,10,1,4,12,8,13$1.0
832$4,7,16,6,15,2,11,14,3,5,10,1,4,12,8,13$1.0
833$1,7,16,6,15,2,11,14,3,5,10,1,4,12,8,13$1.0
834$4,7,16,6,15,2,11,14,3,5,10,1,4,12,8,13$1.0
835$4,9,16,6,15,2,11,14,3,5,10,1,4,12,8,13$1.0
836$4,9,16,6,15,2,11,14,3,5,10,1,4,12,8,13$1.0
837$4,9,16,6,15,2,11,14,3,5,10,1,4,12,8,13$1.0
838$4,7,16,6,15,2,11,14,3,5,10,1,14,12,8,13$1.0
839$4,9,16,6,15,2,11,14,3,5,10,1,4,12,8,13$1.0
840$4,7,16,6,15,2,11,14,3,5,10,1,14,12,8,13$1.0
841$4,9,16,6,15,2,11,14,3,5,10,1,14,12,8,13$1.0
842$4,9,16,6,15,2,11,14,3,5,10,1,4,12,8,13$1.0
843$4,9,16,6,15,2,11,14,3,5,10,1,4,12,8,13$1.0
844$4,7,16,6,15,2,11,14,3,5,10,1,4,12,8,13$1.0
845$4,7,16,6,15,2,11,14,3,5,10,1,4,12,8,13$1.0
846$4,7,16,6,15,2,11,14,3,5,10,1,4,12,8,13$1.0
847$4,9,16,6,15,2,11,14,3,5,10,1,4,12,8,13$1.0
848$4,7,16,6,15,2,11,14,3,5,10,1,4,12,8,13$1.0
849$4,7,16,6,15,2,11,14,3,5,10,1,4,12,8,13$1.0
850$4,7,16,6,15,2,11,14,3,5,10,1,4,12,8,13$1.0
851$4,7,16,6,15,2,11,14,3,5,10,1,4,12,8,13$1.0
852$4,7,16,6,15,2,11,14,3,5,10,1,4,12,8,13$1.0
853$4,7,16,6,15,2,11,14,3,5,10,1,4,12,8,13$1.0
854$4,7,16,6,15,2,11,14,3,5,10,1,4,12,8,13$1.0
855$4,7,16,6,15,2,11,14,3,5,10,1,4,12,8,13$1.0
856$4,7,16,6,15,2,11,14,3,5,10,1,4,12,8,13$1.0
857$4,7,16,6,15,2,11,14,3,5,10,1,4,12,8,13$1.0
858$4,7,16,6,15,2,11,14,3,5,10,1,4,12,8,13$1.0
859$4,7,16,6,15,2,11,14,3,5,10,1,4,12,8,13$1.0
860$15,9,16,6,15,2,11,14,3,5,10,1,4,12,8,13$1.0
861$15,9,16,6,15,2,11,14,3,5,10,1,4,12,8,13$1.0
862$4,9,16,6,15,2,11,14,3,5,10,1,4,12,8,13$1.0
863$15,9,16,6,15,2,11,14,3,5,10,1,4,12,8,13$1.0
864$4,9,16,6,15,2,11,14,3,5,10,1,4,12,8,13$1.0
865$4,9,16,6,15,2,11,14,3,5,10,1,4,12,8,13$1.0
866$1,7,16,6,15,2,11,14,3,5,10,1,4,12,8,13$1.0
867$15,9,16,6,15,2,11,14,3,5,10,1,4,12,8,13$1.0
868$4,9,16,6,15,2,11,14,3,5,10,1,4,12,8,13$1.0
869$15,9,16,6,15,2,11,14,3,5,10,1,4,12,8,13$1.0
870$4,9,16,6,15,2,11,14,3,5,10,1,4,12,8,13$1.0
871$6,9,16,6,15,2,11,14,3,5,10,1,4,12,8,13$1.0
872$15,9,16,6,15,2,11,14,3,5,10,1,4,12,8,13$1.0
873$15,9,16,6,15,2,11,14,3,5,10,1,4,12,8,13$1.0
874$4,9,16,6,15,2,11,14,3,5,10,1,4,12,8,13$1.0
875$4,9,16,6,15,2,11,14,3,5,10,1,4,12,8,13$1.0
876$13,9,16,6,15,2,11,14,3,5,10,1,4,12,8,16$1.0
877$4,9,16,6,15,2,11,14,3,5,10,1,4,12,8,13$1.0
878$6,9,16,6,15,2,11,14,3,5,10,1,4,12,8,13$1.0
879$4,9,16,6,15,2,11,14,3,5,10,1,4,12,8,13$1.0
880$6,9,16,5,15,2,11,14,3,5,10,1,4,12,8,13$1.0
881$4,9,16,6,15,2,11,14,3,5,10,1,4,12,8,13$1.0
882$4,9,16,6,15,2,11,14,3,5,10,1,4,12,8,13$1.0
883$1,7,16,6,15,2,11,14,3,5,10,1,4,12,8,13$1.0
884$4,7,16,6,15,2,11,14,3,5,10,1,4,12,8,13$1.0
885$4,9,16,6,15,2,11,14,3,5,10,1,4,12,8,13$1.0
886$6,9,16,6,15,2,11,14,3,5,10,1,4,12,8,13$1.0
887$1,7,16,6,15,2,11,14,3,5,10,1,4,12,8,13$1.0
888$1,7,16,6,15,2,11,14,3,5,10,1,4,12,8,13$1.0
889$4,9,16,6,15,2,11,14,3,5,10,1,4,12,8,13$1.0
890$4,9,16,6,15,2,11,14,3,5,10,1,4,12,8,13$1.0
891$4,9,16,6,15,2,11,14,3,5,10,1,4,12,8,13$1.0
892$4,9,16,6,15,2,11,14,3,5,10,1,4,12,8,13$1.0
893$4,9,16,6,15,2,11,14,3,5,10,1,4,12,8,13$1.0
894$4,9,16,6,15,2,11,14,3,5,10,1,4,12,8,13$1.0
895$4,9,16,6,15,2,11,14,3,5,10,1,4,12,8,13$1.0
896$4,9,16,6,15,2,11,14,3,5,10,1,4,12,8,13$1.0
897$4,9,16,6,15,2,11,14,3,5,10,1,4,12,8,13$1.0
898$4,9,16,6,15,2,11,14,3,5,10,1,3,12,8,13$1.0
899$4,9,16,6,15,2,11,14,3,5,10,1,4,12,8,13$1.0
900$4,9,16,6,15,2,11,14,3,5,10,1,4,12,8,13$1.0
901$4,9,16,6,15,2,11,14,3,5,10,1,4,12,8,13$1.0
902$4,9,16,6,15,2,11,14,3,5,10,1,4,12,8,13$1.0
903$4,9,16,6,15,2,11,14,3,5,10,1,4,12,8,13$1.0
904$4,9,16,6,15,2,11,14,3,5,10,1,4,12,8,13$1.0
905$4,9,16,6,15,2,11,14,3,5,10,1,4,12,8,13$1.0
906$4,9,16,6,15,2,11,14,3,5,10,1,4,12,8,13$1.0
907$4,9,16,6,15,2,11,14,3,5,10,1,4,12,8,13$1.0
908$4,9,16,6,15,2,11,14,3,5,10,1,4,12,8,13$1.0
909$4,9,16,6,15,2,11,14,3,5,10,1,4,12,8,13$1.0
910$4,9,16,6,15,2,7,14,3,5,10,1,4,12,8,13$1.0
911$4,9,16,6,15,2,7,14,3,5,10,1,4,12,8,13$1.0
912$4,9,16,6,15,2,11,14,3,5,10,1,4,12,8,13$1.0
913$4,9,16,6,15,2,11,14,3,5,10,1,4,12,8,13$1.0
914$2,9,16,6,15,2,11,14,3,5,10,1,4,12,8,13$1.0
915$6,9,16,6,15,2,11,14,3,5,10,1,4,12,8,13$1.0
916$6,9,16,6,15,2,11,14,3,5,10,1,4,12,8,13$1.0
917$2,9,16,6,15,2,11,14,3,5,10,1,4,12,8,13$1.0
918$1,9,16,6,15,2,11,14,3,5,10,1,4,12,8,13$1.0
919$4,9,16,6,15,2,11,14,3,5,10,1,4,12,8,13$1.0
920$1,9,16,6,15,2,11,14,3,5,10,1,4,12,8,13$1.0
921$4,9,16,6,15,2,11,14,3,5,10,1,4,12,8,13$1.0
922$1,9,16,6,15,2,11,14,3,5,10,1,4,12,8,13$1.0
923$1,9,16,6,15,2,11,14,3,5,10,4,4,12,8,13$1.0
924$15,9,16,6,15,2,11,14,3,5,10,1,4,12,8,13$1.0
925$15,9,16,6,15,2,11,14,3,5,10,1,4,12,8,13$1.0
926$1,9,16,6,15,2,11,14,3,5,10,1,4,12,8,13$1.0
927$2,9,16,6,15,2,11,14,3,5,10,1,4,12,8,13$1.0
928$15,9,16,6,15,2,11,14,3,5,10,1,4,12,8,13$1.0
929$15,9,16,6,15,2,11,14,3,5,10,1,4,12,8,13$1.0
930$15,9,16,6,15,2,11,14,3,5,10,1,4,12,8,13$1.0
931$15,9,16,6,15,2,11,14,3,5,10,1,4,12,8,13$1.0
932$15,9,16,6,15,2,11,14,3,5,10,1,4,12,8,13$1.0
933$1,9,16,6,15,2,11,14,3,5,10,1,4,12,8,13$1.0
934$6,9,16,6,15,2,11,14,3,5,10,1,4,12,8,13$1.0
935$15,9,16,6,15,2,11,14,3,5,10,1,4,12,8,13$1.0
936$4,9,16,6,15,2,11,14,3,5,10,1,4,12,8,13$1.0
937$1,9,16,6,15,2,11,14,3,5,10,1,4,12,8,13$1.0
938$4,9,16,6,15,2,11,14,3,5,10,1,1,12,8,13$1.0
939$15,9,16,6,15,2,11,14,3,5,10,1,4,12,8,13$1.0
940$4,9,16,6,15,2,11,14,3,5,10,1,4,12,8,13$1.0
941$15,9,16,6,15,2,11,14,3,5,10,1,4,12,8,13$1.0
942$15,9,16,6,15,2,11,14,3,5,10,1,4,12,8,13$1.0
943$4,9,16,6,15,2,11,14,3,5,10,1,4,12,8,13$1.0
944$4,9,16,6,15,2,11,14,3,5,10,1,4,12,8,13$1.0
945$15,9,16,6,15,2,11,14,3,5,10,1,4,12,8,13$1.0
946$4,9,16,6,15,2,11,14,3,5,10,1,4,12,8,13$1.0
947$15,9,16,6,15,2,11,14,3,5,10,1,4,12,8,13$1.0
948$15,9,16,6,15,2,11,14,3,5,10,1,4,12,8,13$1.0
949$4,9,16,6,15,2,11,14,3,5,10,1,4,12,8,13$1.0
950$15,9,16,6,15,2,11,14,3,5,10,1,4,12,8,13$1.0
951$15,9,16,6,15,2,11,14,3,5,10,1,4,12,8,13$1.0
952$4,9,16,6,15,2,11,14,3,5,10,1,4,12,8,13$1.0
953$15,9,16,6,15,2,11,14,3,5,10,1,4,12,8,13$1.0
954$15,9,16,6,15,2,11,14,3,5,10,1,4,12,8,13$1.0
955$15,9,16,6,15,2,11,14,3,5,10,1,4,12,8,13$1.0
956$15,9,16,6,15,2,11,14,3,5,10,1,4,12,8,13$1.0
957$15,9,16,6,15,2,11,14,3,5,10,1,4,12,8,13$1.0
958$15,9,16,6,15,2,11,14,3,5,10,1,4,12,8,13$1.0
959$15,9,16,6,15,2,11,14,3,5,10,1,4,12,8,13$1.0
960$13,7,16,6,15,2,11,14,3,5,10,1,4,12,8,13$1.0
961$13,7,16,6,15,2,11,14,3,5,10,1,4,12,8,8$1.0
962$15,9,16,6,15,2,11,14,3,5,10,1,4,12,8,13$1.0
963$15,9,16,6,15,2,11,14,3,5,10,1,4,12,8,13$1.0
964$15,9,16,6,15,2,11,14,3,5,10,1,4,12,8,13$1.0
965$13,7,16,6,15,2,11,14,3,5,10,1,4,12,8,13$1.0
966$13,7,16,6,15,2,11,14,3,5,10,1,4,12,8,13$1.0
967$15,9,16,6,15,2,11,14,3,5,10,1,4,12,8,13$1.0
968$13,7,16,6,15,2,11,14,3,5,10,1,4,12,8,13$1.0
969$1,7,16,6,15,2,11,14,3,5,10,1,4,12,8,13$1.0
970$13,7,16,6,15,2,11,14,3,5,10,1,4,12,8,13$1.0
971$15,9,16,6,15,2,11,14,3,5,10,1,4,12,8,13$1.0
972$15,9,16,6,15,2,11,14,3,5,10,1,4,12,8,13$1.0
973$15,9,16,6,15,2,11,14,3,5,10,1,4,12,8,13$1.0
974$2,9,16,6,15,2,11,14,3,5,10,1,4,12,8,13$1.0
975$2,9,16,6,15,2,11,14,3,5,10,1,4,12,8,13$1.0
976$15,9,16,6,15,2,11,14,3,5,10,1,4,12,8,13$1.0
977$15,9,16,6,15,2,11,14,3,5,10,1,4,12,8,13$1.0
978$4,9,16,6,15,2,11,14,3,5,10,1,4,12,8,13$1.0
979$15,9,16,6,15,2,11,14,3,5,10,1,4,12,8,13$1.0
980$4,9,16,6,15,2,11,14,3,5,10,1,4,12,8,13$1.0
981$15,9,16,6,15,2,11,14,3,5,10,1,4,12,8,13$1.0
982$4,9,16,6,15,2,11,14,3,5,10,1,4,12,8,13$1.0
983$4,9,16,6,15,2,11,14,3,5,10,1,14,12,8,13$1.0
984$15,9,16,6,15,2,11,14,3,5,10,1,4,12,8,13$1.0
985$15,9,16,6,15,2,11,14,3,5,10,1,4,12,8,13$1.0
986$1,9,16,6,15,2,11,14,3,5,10,1,4,12,8,13$1.0
987$15,9,16,6,15,2,11,14,3,5,10,1,4,12,8,13$1.0
988$15,9,16,6,15,2,11,14,3,5,10,1,4,12,8,13$1.0
989$13,9,16,6,15,2,11,14,3,5,10,1,4,12,8,13$1.0
990$15,9,16,6,15,2,11,14,3,5,10,1,4,12,8,13$1.0
991$15,9,16,6,15,2,11,14,3,5,10,1,4,12,8,13$1.0
992$4,7,16,6,15,2,11,14,3,5,10,1,4,12,8,13$1.0
993$1,9,16,6,15,2,11,14,3,5,10,1,4,12,8,13$1.0
994$4,9,16,6,15,2,11,14,3,5,10,1,4,12,8,13$1.0
995$1,9,16,6,15,2,11,14,3,5,10,1,4,12,8,13$1.0
996$4,9,16,6,15,2,11,14,3,5,10,1,4,12,8,13$1.0
997$4,9,16,6,15,2,11,14,3,5,10,1,4,12,8,13$1.0
998$4,9,16,6,15,2,11,14,3,5,10,1,4,12,8,13$1.0
999$4,9,16,6,15,2,11,14,3,5,10,1,4,12,8,13$1.0
1000$4,9,16,6,15,2,11,14,3,5,10,1,4,12,8,13$1.0
1001$15,9,16,6,15,2,11,14,3,5,10,1,4,12,8,13$1.0
1002$1,7,16,6,15,2,11,14,3,5,10,1,4,12,8,13$1.0
1003$4,9,16,6,15,2,11,14,3,5,10,1,4,12,8,13$1.0
1004$15,9,16,6,15,2,11,14,3,5,10,1,4,12,8,13$1.0
1005$4,9,16,6,15,2,11,14,3,5,10,1,4,12,8,13$1.0
1006$15,9,16,6,15,2,11,14,3,5,10,1,4,12,8,13$1.0
1007$15,9,16,6,15,2,11,14,3,5,10,1,4,12,8,13$1.0
1008$4,9,16,6,15,2,11,14,3,5,10,1,4,12,8,13$1.0
1009$4,9,16,6,15,2,11,14,3,5,10,1,4,12,8,13$1.0
1010$15,9,16,6,15,2,11,14,3,5,10,1,4,12,8,13$1.0
1011$4,9,16,6,15,2,11,14,3,5,10,1,4,12,8,13$1.0
1012$15,9,16,6,15,2,11,14,3,5,10,1,4,12,8,13$1.0
1013$15,9,16,6,15,2,11,14,3,5,10,1,4,12,8,13$1.0
1014$4,9,16,6,15,2,11,14,3,5,10,1,4,12,8,13$1.0
1015$15,9,16,6,15,2,11,14,3,5,10,1,4,12,8,13$1.0
1016$13,9,16,6,15,2,11,14,3,5,10,1,4,12,8,13$1.0
1017$15,9,16,6,15,2,11,14,3,5,10,1,4,12,8,13$1.0
1018$15,9,16,6,15,2,11,14,3,5,10,1,4,12,8,13$1.0
1019$15,9,16,6,15,2,11,14,3,5,10,1,4,12,8,13$1.0
1020$4,9,16,6,15,2,11,14,3,5,10,1,4,12,8,13$1.0
1021$13,9,16,6,15,2,11,14,3,5,10,1,4,12,8,13$1.0
1022$4,9,16,6,15,2,11,14,3,5,10,1,4,12,8,13$1.0
1023$4,9,16,6,15,2,11,14,3,5,10,1,4,12,8,13$1.0
1024$6,9,16,6,15,2,11,14,3,5,10,1,4,12,8,13$1.0
1025$15,9,16,6,15,2,7,14,3,5,10,1,4,12,8,13$1.0
1026$4,9,16,6,15,2,11,14,3,5,10,1,4,12,8,13$1.0
1027$4,9,16,6,15,2,11,14,3,5,10,1,1,12,8,13$1.0
1028$4,9,16,6,15,2,11,14,3,5,10,1,4,12,8,13$1.0
1029$4,9,16,6,15,2,11,14,3,5,10,1,4,12,8,13$1.0
1030$4,7,16,6,15,2,11,14,3,5,10,1,1,12,8,13$1.0
1031$4,9,16,6,15,2,11,14,3,5,10,1,4,12,8,13$1.0
1032$4,7,16,6,15,2,11,14,3,5,10,1,4,12,8,13$1.0
1033$4,7,16,6,15,2,11,14,3,5,10,1,14,12,8,13$1.0
1034$4,9,16,6,15,2,11,14,3,5,10,1,4,12,8,13$1.0
1035$4,9,16,6,15,2,11,14,3,5,10,1,14,12,8,13$1.0
1036$4,9,16,6,15,2,11,14,3,5,10,1,4,12,8,13$1.0
1037$4,9,16,6,15,2,7,14,3,5,10,1,4,12,8,13$1.0
1038$4,9,16,6,15,2,11,14,3,5,10,1,14,12,8,13$1.0
1039$4,9,16,6,15,2,11,14,3,5,10,1,14,12,8,13$1.0
1040$4,9,16,6,15,2,7,14,3,5,10,1,4,12,8,13$1.0
1041$4,7,16,6,15,2,11,14,3,5,10,1,14,12,8,13$1.0
1042$4,9,16,6,15,2,11,14,3,5,10,1,14,12,8,13$1.0
1043$4,9,16,6,15,2,11,14,3,5,10,1,3,12,8,13$1.0
1044$4,9,16,6,15,2,11,14,3,5,10,1,4,12,8,13$1.0
1045$4,9,16,6,15,2,11,8,3,5,10,1,14,12,8,13$1.0
1046$4,9,16,6,15,2,7,14,3,5,10,1,4,12,8,13$1.0
1047$4,9,16,6,15,2,11,16,3,5,10,1,14,12,8,13$1.0
1048$4,9,16,6,15,2,11,16,3,5,10,1,14,12,8,13$1.0
1049$4,9,16,6,15,2,11,14,3,5,10,1,4,12,8,13$1.0
1050$4,9,16,6,15,2,11,14,3,5,10,1,4,12,8,13$1.0
1051$4,9,16,6,15,2,11,14,3,5,10,1,4,12,8,13$1.0
1052$4,9,16,6,15,2,7,14,3,5,10,1,4,12,8,13$1.0
1053$4,9,16,6,15,2,7,14,3,5,10,1,4,12,8,13$1.0
1054$4,9,16,6,15,2,11,14,3,5,10,1,4,12,8,13$1.0
1055$4,9,16,6,15,2,11,14,3,5,10,1,4,12,8,13$1.0
1056$2,9,16,6,15,2,11,14,3,5,10,1,4,12,8,13$1.0
1057$4,9,16,6,15,2,11,14,3,5,10,1,4,12,8,13$1.0
1058$4,9,16,6,15,2,11,14,3,5,10,1,4,12,8,13$1.0
1059$4,9,16,6,15,2,11,14,3,5,10,1,4,12,8,13$1.0
1060$4,9,16,6,15,2,11,14,3,5,10,1,4,12,8,13$1.0
1061$4,9,16,6,15,2,11,14,3,5,10,1,4,12,8,13$1.0
1062$4,9,16,6,15,2,11,14,3,5,10,1,4,12,8,13$1.0
1063$4,9,16,6,15,2,11,14,3,5,10,1,4,12,8,13$1.0
1064$4,9,16,6,15,2,11,14,3,5,10,1,4,12,8,13$1.0
1065$4,9,16,6,15,2,11,14,3,5,10,1,4,12,8,13$1.0
1066$15,9,16,6,15,2,11,14,3,5,10,1,4,12,8,13$1.0
1067$4,9,16,6,15,2,11,14,3,5,10,1,4,12,8,13$1.0
1068$4,9,16,6,15,2,11,14,3,5,10,1,4,12,8,13$1.0
1069$4,9,16,6,15,2,7,14,3,5,10,1,4,12,8,13$1.0
1070$4,9,16,6,15,2,11,14,3,5,10,1,4,12,8,13$1.0
1071$4,9,16,6,15,2,11,14,3,5,10,1,4,12,8,13$1.0
1072$4,9,16,6,15,2,11,14,3,5,10,1,4,12,8,13$1.0
1073$15,9,16,6,15,2,7,14,3,5,10,1,4,12,8,13$1.0
1074$4,9,16,6,15,2,11,14,3,5,10,1,4,12,8,13$1.0
1075$4,9,16,6,15,2,11,14,3,5,10,1,4,12,8,13$1.0
1076$15,9,16,6,15,2,7,14,3,5,10,1,4,12,8,13$1.0
1077$4,7,16,6,15,2,11,14,3,5,10,1,4,12,8,13$1.0
1078$15,9,16,6,15,2,7,14,3,5,10,1,4,12,8,13$1.0
1079$15,9,16,6,15,2,11,14,3,5,10,1,4,12,8,13$1.0
1080$15,9,16,6,15,2,11,14,3,5,10,1,4,12,8,13$1.0
1081$4,9,16,6,15,2,11,14,3,5,10,1,4,12,8,13$1.0
1082$4,9,16,6,15,2,7,14,3,5,10,1,4,12,8,13$1.0
1083$4,9,16,6,15,2,11,14,3,5,10,1,4,12,8,13$1.0
1084$4,9,16,6,15,2,11,14,3,5,10,1,4,12,8,13$1.0
1085$6,9,16,6,15,2,11,14,3,5,10,1,4,12,8,13$1.0
1086$15,9,16,6,15,2,11,14,3,5,10,1,4,12,8,13$1.0
1087$6,9,16,6,15,2,11,14,3,5,10,1,4,12,8,13$1.0
1088$6,9,16,6,15,2,11,14,3,5,10,1,4,12,8,13$1.0
1089$15,9,16,6,15,2,11,14,3,5,10,1,4,12,8,13$1.0
1090$6,9,16,6,15,2,11,14,3,5,10,1,4,12,8,13$1.0
1091$15,9,16,6,15,2,11,14,3,5,10,1,4,12,8,13$1.0
1092$6,9,16,6,15,2,11,14,3,5,10,1,4,12,8,13$1.0
1093$2,9,16,6,15,2,11,14,3,5,10,1,4,12,8,13$1.0
1094$13,9,16,6,15,2,11,14,3,5,10,1,4,12,8,13$1.0
1095$13,9,16,6,15,2,11,14,3,5,10,1,4,12,8,13$1.0
1096$13,9,16,6,15,2,11,14,3,5,10,1,4,12,8,13$1.0
1097$2,9,16,6,15,2,11,14,3,5,10,1,4,12,8,13$1.0
1098$13,9,16,6,15,2,11,14,3,5,10,1,4,12,8,16$1.0
1099$13,9,16,6,15,2,11,14,3,5,10,1,4,12,8,13$1.0
1100$1,9,16,6,15,2,11,14,3,5,10,1,4,12,8,13$1.0
1101$13,7,16,6,15,2,11,14,3,5,10,1,4,12,8,13$1.0
1102$13,7,16,6,15,2,11,14,3,5,10,1,4,12,8,13$1.0
1103$13,7,16,6,15,2,11,14,3,5,10,1,4,12,8,13$1.0
1104$1,9,16,6,15,2,11,14,3,5,10,1,4,12,8,13$1.0
1105$13,9,16,6,15,2,11,14,3,5,10,1,4,12,8,13$1.0
1106$1,9,16,6,15,2,11,14,3,5,10,1,4,12,8,13$1.0
1107$13,9,16,6,15,2,11,14,3,5,10,1,4,12,8,13$1.0
1108$13,9,16,6,15,2,11,14,3,5,10,1,4,12,8,13$1.0
1109$13,9,16,6,15,2,11,14,3,5,10,1,4,12,8,13$1.0
1110$13,9,16,6,15,2,11,14,3,5,10,1,4,12,8,13$1.0
1111$13,9,16,6,15,2,11,14,3,5,10,1,4,12,8,13$1.0
1112$2,9,16,6,15,2,11,14,3,5,10,1,4,12,8,13$1.0
1113$13,9,16,6,15,2,11,14,3,5,10,1,4,12,8,13$1.0
1114$13,9,16,6,15,2,11,14,3,5,10,1,4,12,8,13$1.0
1115$2,9,16,6,15,2,11,14,3,5,10,1,4,12,8,13$1.0
1116$13,7,16,6,15,2,11,14,3,5,10,1,4,12,8,13$1.0
1117$13,9,16,6,15,2,11,14,3,5,10,1,4,12,8,13$1.0
1118$13,9,16,6,15,2,11,14,3,5,10,1,4,12,8,13$1.0
1119$13,7,16,6,15,2,11,14,3,5,10,1,4,12,8,13$1.0
1120$13,9,16,6,15,2,11,14,3,5,10,1,4,12,8,13$1.0
1121$13,9,16,6,15,2,11,14,3,5,10,1,4,12,8,13$1.0
1122$13,9,16,6,15,2,11,14,3,5,10,1,4,12,8,13$1.0
1123$13,9,16,6,15,2,11,14,3,5,10,1,4,12,8,13$1.0
1124$13,7,16,6,15,2,11,14,3,5,10,1,4,12,8,13$1.0
1125$13,7,16,6,15,2,11,14,3,5,10,1,4,12,8,13$1.0
1126$13,7,16,6,15,2,11,14,3,5,10,1,4,12,8,13$1.0
1127$13,9,16,6,15,2,11,14,3,5,10,1,4,12,8,13$1.0
1128$13,7,16,6,15,2,11,14,3,5,10,1,4,12,8,13$1.0
1129$13,9,16,6,15,2,11,14,3,5,10,1,4,12,8,8$1.0
1130$13,9,16,6,15,2,11,14,3,5,10,1,4,12,8,13$1.0
1131$13,9,16,6,15,2,11,14,3,5,10,1,4,12,8,13$1.0
1132$13,9,16,6,15,2,11,14,3,5,10,1,4,12,8,13$1.0
1133$13,7,16,6,15,2,11,14,3,5,10,1,4,12,8,13$1.0
1134$13,7,16,6,15,2,11,14,3,5,10,1,4,12,8,13$1.0
1135$13,9,16,6,15,2,11,14,3,5,10,1,4,12,8,8$1.0
1136$13,7,16,6,15,2,11,14,3,5,10,1,4,12,8,13$1.0
1137$13,7,16,6,15,2,11,14,3,5,10,1,4,12,8,13$1.0
1138$13,7,16,6,15,2,11,14,3,5,10,1,4,12,8,13$1.0
1139$13,9,16,6,15,2,11,14,3,5,10,1,4,12,8,13$1.0
1140$13,9,16,6,15,2,11,14,3,5,10,1,4,12,12,8$1.0
1141$13,9,16,6,15,2,11,14,3,5,10,1,4,12,8,13$1.0
1142$13,7,16,6,15,2,11,14,3,5,10,1,4,12,8,13$1.0
1143$13,7,16,6,15,2,11,14,3,5,10,1,4,12,12,8$1.0
1144$13,7,16,6,15,2,11,14,3,5,10,1,4,12,12,8$1.0
1145$13,7,16,6,15,2,11,14,3,5,10,1,4,12,8,13$1.0
1146$13,7,16,6,15,2,11,14,3,5,10,1,4,12,8,13$1.0
1147$13,7,16,6,15,2,11,14,3,5,10,1,4,14,12,8$1.0
1148$13,7,16,6,15,2,11,14,3,5,10,1,4,12,8,13$1.0
1149$13,7,16,6,15,2,11,14,3,5,10,1,4,14,12,8$1.0
1150$13,7,16,6,15,2,11,14,3,5,10,1,4,12,8,13$1.0
1151$13,7,16,6,15,2,11,14,3,5,10,1,4,12,8,13$1.0
1152$13,9,16,6,15,2,11,14,3,5,10,1,4,12,8,13$1.0
1153$13,7,16,6,15,2,11,14,3,5,10,1,4,12,8,13$1.0
1154$13,7,16,6,15,2,11,14,3,5,10,1,4,12,8,13$1.0
1155$2,7,16,6,15,2,11,14,3,5,10,1,4,12,8,13$1.0
1156$13,7,16,6,15,2,11,14,3,5,10,1,4,12,8,13$1.0
1157$13,7,16,6,15,2,11,14,3,5,10,1,4,12,8,13$1.0
1158$13,9,16,6,15,2,11,14,3,5,10,1,4,12,12,8$1.0
1159$13,9,16,6,15,2,11,14,3,5,10,1,4,12,8,13$1.0
1160$13,9,16,6,15,2,11,14,3,5,10,1,4,12,8,13$1.0
1161$13,9,16,6,15,2,11,14,3,5,10,1,4,12,8,13$1.0
1162$13,9,16,6,15,2,11,14,3,5,10,1,4,12,1,8$1.0
1163$13,9,16,6,15,2,11,14,3,5,10,1,4,12,8,13$1.0
1164$13,9,16,6,15,2,11,14,3,5,10,1,4,12,8,13$1.0
1165$13,9,16,6,15,2,11,14,3,5,10,1,4,12,12,8$1.0
1166$13,9,16,6,15,2,11,14,3,5,10,1,4,12,8,13$1.0
1167$4,9,16,6,15,2,11,14,3,5,10,1,4,12,8,13$1.0
1168$13,9,16,6,15,2,11,14,3,5,10,1,4,12,8,13$1.0
1169$13,7,16,6,15,2,11,14,3,5,10,1,4,12,8,13$1.0
1170$13,9,16,6,15,2,11,14,3,5,10,1,4,12,8,8$1.0
1171$13,7,16,6,15,2,11,14,3,5,10,1,4,12,8,13$1.0
1172$13,7,16,6,15,2,11,14,3,5,10,1,4,12,8,13$1.0
1173$13,7,16,6,15,2,11,14,3,5,10,1,4,12,8,13$1.0
1174$13,9,16,6,15,2,11,14,3,5,10,1,4,12,8,13$1.0
1175$13,9,16,6,15,2,11,14,3,5,10,1,4,12,8,13$1.0
1176$13,7,16,6,15,2,11,14,3,5,10,1,4,12,8,13$1.0
1177$13,9,16,6,15,2,11,14,3,5,10,1,4,12,8,13$1.0
1178$13,7,16,6,15,2,11,14,3,5,10,1,4,12,8,13$1.0
1179$13,7,16,6,15,2,11,14,3,5,10,1,4,12,8,13$1.0
1180$13,7,16,6,15,2,11,14,3,5,10,1,4,12,8,13$1.0
1181$13,9,16,6,15,2,11,14,3,5,10,1,4,12,8,13$1.0
1182$13,7,16,6,15,2,11,14,3,5,10,1,4,12,8,13$1.0
1183$13,7,16,6,15,2,11,14,3,5,10,1,4,12,8,13$1.0
1184$13,9,16,6,15,2,11,14,3,5,10,1,4,12,8,13$1.0
1185$13,7,16,6,15,2,11,14,3,5,10,1,4,12,8,8$1.0
1186$13,9,16,6,15,2,11,14,3,5,10,1,4,12,8,13$1.0
1187$13,9,16,6,15,2,11,14,3,5,10,1,4,12,8,13$1.0
1188$13,7,16,6,15,2,11,14,3,5,10,1,4,12,8,13$1.0
1189$13,7,16,6,15,2,11,14,3,5,10,1,4,12,8,13$1.0
1190$13,9,16,6,15,2,11,14,3,5,10,1,4,12,8,8$1.0
1191$13,9,16,6,15,2,11,14,3,5,10,1,4,12,8,13$1.0
1192$13,7,16,6,15,2,11,14,3,5,10,1,4,12,8,13$1.0
1193$13,9,16,6,15,2,11,14,3,5,10,1,4,12,8,13$1.0
1194$13,7,16,6,15,2,11,14,3,5,10,1,4,12,8,13$1.0
1195$13,9,16,6,15,2,11,14,3,5,10,1,4,12,8,13$1.0
1196$13,7,16,6,15,2,11,14,3,5,10,1,4,12,8,13$1.0
1197$13,9,16,6,15,2,11,14,3,5,10,1,4,12,8,13$1.0
1198$13,7,16,6,15,2,11,14,3,5,10,1,4,12,8,8$1.0
1199$4,9,16,6,15,2,11,14,3,5,10,1,4,12,8,13$1.0
1200$13,7,16,6,15,2,11,14,3,5,10,1,4,12,8,13$1.0
1201$13,7,16,6,15,2,11,14,3,5,10,1,4,12,8,13$1.0
1202$4,9,16,6,15,2,11,14,3,5,10,1,3,12,8,13$1.0
1203$13,9,16,6,15,2,11,14,3,5,10,1,4,12,8,13$1.0
1204$13,7,16,6,15,2,11,14,3,5,10,1,4,12,8,13$1.0
1205$13,7,16,6,15,2,11,14,3,5,10,1,4,12,8,13$1.0
1206$13,9,16,6,15,2,11,14,3,5,10,1,4,12,8,13$1.0
1207$13,7,16,6,15,2,11,14,3,5,10,1,4,12,8,13$1.0
1208$1,9,16,6,15,2,11,14,3,5,10,1,4,12,8,13$1.0
1209$13,7,16,6,15,2,11,14,3,5,10,1,4,12,8,13$1.0
1210$1,9,16,6,15,2,11,14,3,5,10,1,4,12,8,13$1.0
1211$13,7,16,6,15,2,11,14,3,5,10,1,4,12,8,13$1.0
1212$13,7,16,6,15,2,11,14,3,5,10,1,4,12,8,13$1.0
1213$13,9,16,6,15,2,11,14,3,5,10,1,4,12,8,13$1.0
1214$4,9,16,6,15,2,7,14,3,5,10,1,4,12,8,13$1.0
1215$4,9,16,6,15,2,7,14,3,5,10,1,4,12,8,13$1.0
1216$13,9,16,6,15,2,11,14,3,5,10,1,4,12,8,13$1.0
1217$4,7,16,6,15,2,11,14,3,5,10,1,4,12,8,13$1.0
1218$13,9,16,6,15,2,11,14,3,5,10,1,4,12,8,13$1.0
1219$13,7,16,6,15,2,11,14,3,5,10,1,4,12,8,13$1.0
1220$6,9,16,6,15,2,7,14,3,5,10,1,4,12,8,13$1.0
1221$1,9,16,6,15,2,11,14,3,5,10,1,4,12,8,13$1.0
1222$1,9,16,6,15,2,11,14,3,5,10,1,4,12,8,13$1.0
1223$4,9,16,6,15,2,11,14,3,5,10,1,4,12,8,13$1.0
1224$4,9,16,6,15,2,11,14,3,5,10,1,4,12,8,13$1.0
1225$13,9,16,6,15,2,11,14,3,5,10,1,4,12,8,13$1.0
1226$1,9,16,6,15,2,11,14,3,5,10,1,4,12,8,13$1.0
1227$4,9,16,6,15,2,11,14,3,5,10,1,1,12,8,13$1.0
1228$4,9,16,6,15,2,11,14,3,5,10,1,4,12,8,13$1.0
1229$4,9,16,6,15,2,11,14,3,5,10,1,4,12,8,13$1.0
1230$13,9,16,6,15,2,11,14,3,5,10,1,4,12,8,13$1.0
1231$4,9,16,6,15,2,11,14,3,5,10,1,4,12,8,13$1.0
1232$4,9,16,6,15,2,11,14,3,5,10,1,4,12,8,13$1.0
1233$4,9,16,6,15,2,11,14,3,5,10,1,4,12,8,13$1.0
1234$4,9,16,6,15,2,11,14,3,5,10,1,4,12,8,13$1.0
1235$4,9,16,6,15,2,11,14,3,5,10,1,4,12,8,13$1.0
1236$13,9,16,6,15,2,11,14,3,5,10,1,4,12,8,13$1.0
1237$4,7,16,6,15,2,11,14,3,5,10,1,4,12,8,13$1.0
1238$13,9,16,6,15,2,11,14,3,5,10,1,4,12,8,13$1.0
1239$13,9,16,6,15,2,11,14,3,5,10,1,4,12,8,13$1.0
1240$15,9,16,6,15,2,11,14,3,5,10,1,4,12,8,13$1.0
1241$1,9,16,6,15,2,11,14,3,5,10,1,4,12,8,13$1.0
1242$6,9,16,6,15,2,11,14,3,5,10,1,4,12,8,13$1.0
1243$15,9,16,6,15,2,11,14,3,5,10,1,4,12,8,13$1.0
1244$4,9,16,6,15,2,11,14,3,5,10,1,4,12,8,13$1.0
1245$13,9,16,6,15,2,11,14,3,5,10,1,4,12,8,13$1.0
1246$13,9,16,6,15,2,11,14,3,5,10,1,4,12,8,13$1.0
1247$4,9,16,6,15,2,11,14,3,5,10,1,4,12,8,13$1.0
1248$4,9,16,6,15,2,11,14,3,5,10,1,4,12,8,13$1.0
1249$13,9,16,6,15,2,11,8,3,5,10,1,4,12,7,13$1.0
1250$13,9,16,6,15,2,11,14,3,5,10,1,4,12,8,16$1.0
1251$4,9,16,6,15,2,11,14,3,5,10,1,4,12,8,13$1.0
1252$15,9,16,6,15,2,11,14,3,5,10,1,4,12,8,13$1.0
1253$4,9,16,6,15,2,11,14,3,5,10,1,4,12,8,13$1.0
1254$4,9,16,6,15,2,11,14,3,5,10,1,4,12,8,13$1.0
1255$13,9,16,6,15,2,11,14,3,5,10,1,4,12,8,13$1.0
1256$13,9,16,6,15,2,11,14,3,5,10,1,4,12,8,13$1.0
1257$4,9,16,6,15,2,11,14,3,5,10,1,4,12,8,13$1.0
1258$4,9,16,6,15,2,11,14,3,5,10,1,4,12,8,13$1.0
1259$4,9,16,6,15,2,11,14,3,5,10,1,4,12,8,13$1.0
1260$13,9,16,6,15,2,11,14,3,5,10,1,4,12,8,13$1.0
1261$13,9,16,6,15,2,11,14,3,5,10,1,4,12,8,13$1.0
1262$4,9,16,6,15,2,11,14,3,5,10,1,4,12,8,13$1.0
1263$15,9,16,6,15,2,11,14,3,5,10,1,4,12,8,13$1.0
1264$4,9,16,6,15,2,11,14,3,5,10,1,4,12,8,13$1.0
1265$1,9,16,6,15,2,11,14,3,5,10,1,4,12,8,13$1.0
1266$4,9,16,6,15,2,11,14,3,5,10,1,4,12,8,13$1.0
1267$6,9,16,5,15,2,11,14,3,5,10,1,4,12,8,13$1.0
1268$4,9,16,6,15,2,11,14,3,5,10,1,4,12,8,13$1.0
1269$4,7,16,6,15,2,11,14,3,5,10,1,4,12,8,13$1.0
1270$1,7,16,6,15,2,11,14,3,5,10,1,4,12,8,13$1.0
1271$15,7,16,6,15,2,11,14,3,5,10,1,4,12,8,13$1.0
1272$1,7,16,6,15,2,11,14,3,5,10,1,4,12,8,13$1.0
1273$15,7,16,6,15,2,11,14,3,5,10,1,4,12,8,13$1.0
1274$6,9,16,6,15,2,11,14,3,5,10,1,4,12,8,13$1.0
1275$15,9,16,6,15,2,11,14,3,5,10,1,4,12,8,13$1.0
1276$4,7,16,6,15,2,11,14,3,5,10,1,4,12,8,13$1.0
1277$6,9,16,6,15,2,11,14,3,5,10,1,4,12,8,13$1.0
1278$6,9,16,6,15,2,11,14,3,5,10,1,4,12,8,13$1.0
1279$6,9,16,6,15,2,11,14,3,5,10,1,4,12,8,13$1.0
1280$6,9,16,6,15,2,11,14,3,5,10,1,4,12,8,13$1.0
1281$6,9,16,6,15,2,11,14,3,5,10,1,4,12,8,13$1.0
1282$6,9,16,6,15,2,11,14,3,5,10,1,4,12,8,13$1.0
1283$6,9,16,6,15,2,11,14,3,5,10,1,4,12,8,13$1.0
1284$15,9,16,6,15,2,11,14,3,5,10,1,4,12,8,13$1.0
1285$6,9,16,6,15,2,11,14,3,5,10,1,4,12,8,13$1.0
1286$4,7,16,6,15,2,11,14,3,5,10,1,4,12,8,13$1.0
1287$15,9,16,6,15,2,11,14,3,5,10,1,4,12,8,13$1.0
1288$15,9,16,6,15,2,11,14,3,5,10,1,4,12,8,13$1.0
1289$15,9,16,6,15,2,11,14,3,5,10,1,4,12,8,13$1.0
1290$15,9,16,6,15,2,11,14,3,5,10,1,4,12,8,13$1.0
1291$4,9,16,6,15,2,11,14,3,5,10,1,4,12,8,13$1.0
1292$15,7,16,6,15,2,11,14,3,5,10,1,4,12,8,13$1.0
1293$4,7,16,6,15,2,11,14,3,5,10,1,4,12,8,13$1.0
1294$15,7,16,6,15,2,11,14,3,5,10,1,4,12,8,13$1.0
1295$15,7,16,6,15,2,11,14,3,5,10,1,4,12,8,13$1.0
1296$15,9,16,6,15,2,11,14,3,5,10,1,4,12,8,13$1.0
1297$15,9,16,6,15,2,11,14,3,5,10,1,4,12,8,13$1.0
1298$15,9,16,6,15,2,11,14,3,5,10,1,4,12,8,13$1.0
1299$10,7,16,6,15,2,11,14,3,5,10,1,4,12,8,13$1.0
1300$4,7,16,6,15,2,11,14,3,5,10,1,4,12,8,13$1.0
1301$15,7,16,6,15,2,11,14,3,5,10,1,4,12,8,13$1.0
1302$4,7,16,6,15,2,11,14,3,5,10,1,4,12,8,13$1.0
1303$4,7,16,6,15,2,11,14,3,5,10,1,4,12,8,13$1.0
1304$4,9,16,6,15,2,11,14,3,5,10,1,4,12,8,13$1.0
1305$15,7,16,6,15,2,11,14,3,5,10,1,4,12,8,13$1.0
1306$4,7,16,6,15,2,11,14,3,5,10,1,4,12,8,13$1.0
1307$4,9,16,6,15,2,11,14,3,5,10,1,4,12,8,13$1.0
1308$13,9,16,6,15,2,11,14,3,5,10,1,4,12,8,13$1.0
1309$10,7,16,6,15,2,11,14,3,5,14,1,4,12,8,13$1.0
1310$10,7,16,6,15,2,11,14,3,5,10,1,4,12,8,13$1.0
1311$13,9,16,6,15,2,11,14,3,5,10,1,4,12,15,8$1.0
1312$4,9,16,6,15,2,11,14,3,5,10,1,4,12,8,13$1.0
1313$10,7,16,6,15,2,11,14,3,5,10,1,4,12,8,13$1.0
1314$13,9,16,6,15,2,11,14,3,5,10,1,4,12,8,13$1.0
1315$13,7,16,6,15,2,11,14,3,5,10,1,4,12,8,13$1.0
1316$13,9,16,6,15,2,11,14,3,5,10,1,4,12,8,13$1.0
1317$15,9,16,6,15,2,11,14,3,5,10,1,4,12,8,13$1.0
1318$13,7,16,6,15,2,11,14,3,5,10,1,4,12,8,13$1.0
1319$13,9,16,6,15,2,11,14,3,5,10,1,4,12,8,13$1.0
1320$4,7,16,6,15,2,11,14,3,5,10,1,1,12,8,13$1.0
1321$4,9,16,6,15,2,11,14,3,5,10,1,14,12,8,13$1.0
1322$4,9,16,6,15,2,11,14,3,5,10,1,4,12,8,13$1.0
1323$15,9,16,6,15,2,11,14,3,5,10,1,4,12,8,13$1.0
1324$13,9,16,6,15,2,11,14,3,5,10,1,4,12,8,13$1.0
1325$13,7,16,6,15,2,11,14,3,5,10,1,4,12,8,13$1.0
1326$13,7,16,6,15,2,11,14,3,5,10,1,4,12,8,13$1.0
1327$13,7,16,6,15,2,11,14,3,5,10,1,4,12,8,13$1.0
1328$13,7,16,6,15,2,11,14,3,5,10,1,4,12,8,13$1.0
1329$13,7,16,6,15,2,11,14,3,5,10,1,4,12,8,13$1.0
1330$13,7,16,6,15,2,11,14,3,5,10,1,4,12,8,13$1.0
1331$13,7,16,6,15,2,11,14,3,5,10,1,4,12,8,13$1.0
1332$13,9,16,6,15,2,11,14,3,5,10,1,4,12,8,13$1.0
1333$13,9,16,6,15,2,11,14,3,5,10,1,4,12,8,13$1.0
1334$13,7,16,6,15,2,11,14,3,5,10,1,4,12,8,13$1.0
1335$13,7,16,6,15,2,11,14,3,5,10,1,4,12,8,13$1.0
1336$13,9,16,6,15,2,11,14,3,5,10,1,4,12,8,16$1.0
1337$13,7,16,6,15,2,11,14,3,5,10,1,4,12,8,13$1.0
1338$13,7,16,6,15,2,11,14,3,5,10,1,4,12,8,16$1.0
1339$13,7,16,6,15,2,11,14,3,5,10,1,4,12,8,16$1.0
1340$13,7,16,6,15,2,11,14,3,5,10,1,4,12,8,16$1.0
1341$13,7,16,6,15,2,11,14,3,5,10,1,4,12,8,13$1.0
1342$13,7,16,6,15,2,11,14,3,5,10,1,4,12,8,13$1.0
1343$13,7,16,6,15,2,11,14,3,5,10,1,4,12,8,16$1.0
1344$13,7,16,6,15,2,11,14,3,5,10,1,4,12,15,8$1.0
1345$13,7,16,6,15,2,11,14,3,5,10,1,4,12,8,16$1.0
1346$13,7,16,6,15,2,11,14,3,5,10,1,4,12,8,13$1.0
1347$13,7,16,6,15,2,11,14,3,5,10,1,4,12,8,16$1.0
1348$13,7,16,6,15,2,11,14,3,5,10,1,4,12,8,13$1.0
1349$13,7,16,6,15,2,11,14,3,5,10,1,4,12,8,13$1.0
1350$13,7,16,6,15,2,11,14,3,5,10,1,4,12,8,16$1.0
1351$13,7,16,6,15,2,11,14,3,5,10,1,4,12,8,13$1.0
1352$13,7,16,6,15,2,11,14,3,5,10,1,4,12,8,16$1.0
1353$13,7,16,6,15,2,11,14,3,5,10,1,4,12,8,16$1.0
1354$13,7,16,6,15,2,11,14,3,5,10,1,4,12,8,16$1.0
1355$13,7,16,6,15,2,11,14,3,5,10,1,4,12,8,13$1.0
1356$13,7,16,6,15,2,11,14,3,5,10,1,4,12,8,13$1.0
1357$13,7,16,6,15,2,11,14,3,5,10,1,4,12,8,16$1.0
1358$13,7,16,6,15,2,11,14,3,5,10,1,4,12,8,16$1.0
1359$13,7,16,6,15,2,11,14,3,5,10,1,4,12,15,8$1.0
1360$13,7,16,6,15,2,11,14,3,5,10,1,4,12,8,13$1.0
1361$13,7,16,6,15,2,11,14,3,5,10,1,4,12,8,13$1.0
1362$13,7,16,6,15,2,11,14,3,5,10,1,4,12,8,13$1.0
1363$13,7,16,6,15,2,11,14,3,5,10,1,4,12,8,8$1.0
1364$13,7,16,6,15,2,11,14,3,5,10,1,4,12,8,13$1.0
1365$13,7,16,6,15,2,11,14,3,5,10,1,4,12,8,13$1.0
1366$13,7,16,6,15,2,11,14,3,5,10,1,4,12,8,13$1.0
1367$13,7,16,6,15,2,11,14,3,5,10,1,4,12,8,16$1.0
1368$13,7,16,6,15,2,11,14,3,5,10,1,4,12,8,16$1.0
1369$13,7,16,6,15,2,11,14,3,5,10,1,4,12,8,13$1.0
1370$13,7,16,6,15,2,11,14,3,5,10,1,4,12,8,8$1.0
1371$13,7,16,6,15,2,11,14,3,5,10,1,4,12,8,13$1.0
1372$13,7,16,6,15,2,11,14,3,5,10,1,4,12,8,8$1.0
1373$13,7,16,6,15,2,11,14,3,5,10,1,4,12,8,13$1.0
1374$13,7,16,6,15,2,11,14,3,5,10,1,4,12,8,8$1.0
1375$13,7,16,6,15,2,11,14,3,5,10,1,4,12,8,13$1.0
1376$13,7,16,6,15,2,11,14,3,5,10,1,4,12,8,13$1.0
1377$13,7,16,6,15,2,11,14,3,5,10,1,4,12,8,13$1.0
1378$13,9,16,6,15,2,11,14,3,5,10,1,4,12,8,13$1.0
1379$13,9,16,6,15,2,11,14,3,5,10,1,4,12,8,13$1.0
1380$13,7,16,6,15,2,11,14,3,5,10,1,4,12,8,13$1.0
1381$13,7,16,6,15,2,11,14,3,5,10,1,4,12,8,13$1.0
1382$13,9,16,6,15,2,11,14,3,5,10,1,4,12,8,8$1.0
1383$13,7,16,6,15,2,11,14,3,5,10,1,4,12,8,13$1.0
1384$13,7,16,6,15,2,11,14,3,5,10,1,4,12,8,13$1.0
1385$13,7,16,6,15,2,11,14,3,5,10,1,4,12,8,16$1.0
1386$13,9,16,6,15,2,11,14,3,5,10,1,4,12,8,13$1.0
1387$13,9,16,6,15,2,11,14,3,5,10,1,4,12,8,13$1.0
1388$13,9,16,6,15,2,11,14,3,5,10,1,4,12,8,13$1.0
1389$13,9,16,6,15,2,11,14,3,5,10,1,4,12,8,13$1.0
1390$13,7,16,6,15,2,11,14,3,5,10,1,4,12,8,13$1.0
1391$13,7,3,6,15,2,11,14,3,5,10,1,4,12,16,8$1.0
1392$13,7,16,6,15,2,11,14,3,5,10,1,4,12,8,13$1.0
1393$13,7,16,6,15,2,11,14,3,5,10,1,4,12,8,13$1.0
1394$13,7,16,6,15,2,11,14,3,5,10,1,4,12,8,8$1.0
1395$13,7,16,6,15,2,11,14,3,5,10,1,4,12,8,8$1.0
1396$13,7,16,6,15,2,11,14,3,5,10,1,4,12,8,13$1.0
1397$13,7,16,6,15,2,11,14,3,5,10,1,4,12,8,13$1.0
1398$13,7,16,6,15,2,11,14,3,5,10,1,4,12,8,8$1.0
1399$13,7,16,6,15,2,11,14,3,5,10,1,4,12,8,8$1.0
1400$13,7,16,6,15,2,11,14,3,5,10,1,4,12,8,8$1.0
1401$13,7,16,6,15,2,11,14,3,5,10,1,4,12,8,13$1.0
1402$13,9,16,6,15,2,11,14,3,5,10,1,4,12,8,8$1.0
1403$10,7,16,6,15,2,11,14,3,5,10,1,4,12,8,13$1.0
1404$13,9,16,6,15,2,11,14,3,5,10,1,4,12,8,13$1.0
1405$13,9,16,6,15,2,11,14,3,5,10,1,4,12,8,8$1.0
1406$13,7,3,6,15,2,11,14,16,5,10,1,4,12,8,8$1.0
1407$15,7,16,6,15,2,11,14,3,5,10,1,4,12,8,13$1.0
1408$10,7,16,6,15,2,11,14,3,5,10,1,4,12,8,13$1.0
1409$13,9,16,6,15,2,11,14,3,5,10,1,4,12,8,13$1.0
1410$13,7,16,6,15,2,11,14,3,5,10,1,4,12,8,8$1.0
1411$2,7,16,6,15,2,11,14,3,5,10,1,4,12,8,13$1.0
1412$4,7,16,6,15,2,11,14,3,5,10,1,4,12,8,13$1.0
1413$4,7,16,6,15,2,11,14,3,5,10,1,4,12,8,13$1.0
1414$4,7,16,6,15,2,11,14,3,5,10,1,4,12,8,13$1.0
1415$13,9,16,6,15,2,11,14,3,5,10,1,4,12,8,13$1.0
1416$4,7,16,6,15,2,11,14,3,5,10,1,4,12,8,13$1.0
1417$15,7,16,6,15,2,11,14,3,5,10,1,4,12,8,13$1.0
1418$15,7,16,6,15,2,11,14,3,5,10,1,4,12,8,13$1.0
1419$15,7,16,6,15,2,11,14,3,5,10,1,4,12,8,13$1.0
1420$2,7,16,6,15,2,11,14,3,5,10,1,4,12,8,13$1.0
1421$2,7,16,6,15,2,11,14,3,5,10,1,4,12,8,13$1.0
1422$4,7,16,6,15,2,11,14,3,5,10,1,4,12,8,13$1.0
1423$13,7,16,6,15,2,11,14,3,5,10,1,4,12,8,13$1.0
1424$4,7,16,6,15,2,11,14,3,5,10,1,4,12,8,13$1.0
1425$15,7,16,6,15,2,11,14,3,5,10,1,4,12,8,13$1.0
1426$4,7,16,6,15,2,11,14,3,5,10,1,4,12,8,13$1.0
1427$13,7,16,6,15,2,11,14,3,5,10,1,4,12,8,13$1.0
1428$4,7,16,6,15,2,11,14,3,5,10,1,4,12,8,13$1.0
1429$2,7,16,6,15,2,11,14,3,5,10,1,4,12,8,13$1.0
1430$2,7,16,6,15,2,11,14,3,5,10,1,4,12,8,13$1.0
1431$2,7,16,6,15,2,11,14,3,5,10,1,4,12,8,13$1.0
1432$2,7,16,6,15,2,11,14,3,5,10,1,4,12,8,13$1.0
1433$2,7,16,6,15,2,11,14,3,5,10,1,4,12,8,13$1.0
1434$2,7,16,6,15,2,11,14,3,5,10,1,4,12,8,13$1.0
1435$2,7,16,6,15,2,11,14,3,5,10,1,4,12,8,13$1.0
1436$2,7,16,6,15,2,11,14,3,5,10,1,4,12,8,13$1.0
1437$2,7,16,6,15,2,11,14,3,5,10,1,4,12,8,13$1.0
1438$4,7,16,6,15,2,11,14,3,5,10,1,4,12,8,13$1.0
1439$4,7,16,6,15,2,11,14,3,5,10,1,4,12,8,13$1.0
1440$2,7,16,6,15,2,11,14,3,5,10,1,4,12,8,13$1.0
1441$2,7,16,6,15,2,11,14,3,5,10,1,4,12,8,13$1.0
1442$2,7,16,6,15,2,11,14,3,5,10,1,4,12,8,13$1.0
1443$2,7,16,6,15,2,11,14,3,5,10,1,4,12,8,13$1.0
1444$2,7,16,6,15,2,11,14,3,5,10,1,4,12,8,13$1.0
1445$13,7,16,6,15,2,11,14,3,5,10,1,4,12,8,13$1.0
1446$2,7,16,6,15,2,11,14,3,5,10,1,4,12,8,13$1.0
1447$1,7,16,6,15,2,11,14,3,5,10,1,4,12,8,13$1.0
1448$2,7,16,6,15,2,11,14,3,5,10,1,4,12,8,13$1.0
1449$1,7,16,6,15,2,11,14,3,5,10,1,4,12,8,13$1.0
1450$10,7,16,6,15,2,11,14,3,5,10,1,4,12,8,13$1.0
1451$10,7,16,6,15,2,11,14,3,5,10,1,4,12,8,13$1.0
1452$1,7,16,6,15,2,11,14,3,5,10,1,4,12,8,13$1.0
1453$10,7,16,6,15,2,11,14,3,5,10,1,4,12,8,13$1.0
1454$1,7,16,6,15,2,11,14,3,5,10,1,4,12,8,13$1.0
1455$4,7,16,6,15,2,11,14,3,5,10,1,4,12,8,13$1.0
1456$2,7,16,6,15,2,11,14,3,5,10,1,4,12,8,13$1.0
1457$15,7,16,6,15,2,11,14,3,5,10,1,4,12,8,13$1.0
1458$10,7,16,6,15,2,11,14,3,5,10,1,4,12,8,13$1.0
1459$1,7,16,6,15,2,11,14,3,5,10,1,4,12,8,13$1.0
1460$10,7,16,6,15,2,11,8,3,5,14,1,4,12,8,13$1.0
1461$1,7,16,6,15,2,11,14,3,5,10,1,4,12,8,13$1.0
1462$1,7,16,6,15,2,11,14,3,5,10,1,4,12,8,13$1.0
1463$10,7,16,6,15,2,11,14,3,5,10,1,4,12,8,13$1.0
1464$10,7,16,6,15,2,11,14,3,5,10,1,4,12,8,13$1.0
1465$1,7,16,6,15,2,11,14,3,5,10,1,4,12,8,13$1.0
1466$1,7,16,6,15,2,11,14,3,5,10,1,4,12,8,13$1.0
1467$1,7,16,6,15,2,11,14,3,5,10,1,4,12,8,13$1.0
1468$4,7,16,6,15,2,11,14,3,5,10,1,4,12,8,13$1.0
1469$1,7,16,6,15,2,11,14,3,5,10,1,4,12,8,13$1.0
1470$1,7,16,6,15,2,11,14,3,5,10,1,4,12,8,13$1.0
1471$1,7,16,6,15,2,11,14,3,5,10,1,4,12,8,13$1.0
1472$15,7,16,6,15,2,11,14,3,5,10,1,4,12,8,13$1.0
1473$10,7,16,6,15,2,11,14,3,5,10,1,4,12,8,13$1.0
1474$1,7,16,6,15,2,11,14,3,5,10,1,4,12,8,13$1.0
1475$10,7,16,6,15,2,11,14,3,5,10,1,4,12,8,13$1.0
1476$15,7,16,6,15,2,11,14,3,5,10,1,4,12,8,13$1.0
1477$1,7,16,6,15,2,11,14,3,5,10,1,4,12,8,13$1.0
1478$1,7,16,6,15,2,11,14,3,5,10,1,4,12,8,13$1.0
1479$13,7,16,6,15,2,11,14,3,5,10,1,4,12,8,13$1.0
1480$15,7,16,6,15,2,11,14,3,5,10,1,4,12,8,13$1.0
1481$1,7,16,6,15,2,11,14,3,5,10,15,4,12,8,13$1.0
1482$1,9,16,6,15,2,11,14,3,5,10,1,4,12,8,13$1.0
1483$1,7,16,6,15,2,11,14,3,5,10,1,4,12,8,13$1.0
1484$1,7,16,6,15,2,11,14,3,5,10,4,4,12,8,13$1.0
1485$1,7,16,6,15,2,11,14,3,5,10,1,4,12,8,13$1.0
1486$1,7,16,6,15,2,11,14,3,5,10,13,4,12,8,13$1.0
1487$1,7,16,6,15,2,11,14,3,5,10,4,4,12,8,13$1.0
1488$1,7,16,6,15,2,11,14,3,5,10,4,4,12,8,13$1.0
1489$1,7,16,6,15,2,11,14,3,5,10,1,4,12,8,13$1.0
1490$1,7,16,6,15,2,11,14,3,5,10,1,4,12,8,13$1.0
1491$1,7,16,6,15,2,11,14,3,5,10,1,4,12,8,13$1.0
1492$1,7,16,6,15,2,11,14,3,5,10,13,4,12,8,13$1.0
1493$1,7,16,6,15,2,11,14,3,5,10,4,4,12,8,13$1.0
1494$1,7,16,6,15,2,11,14,3,5,10,13,4,12,8,13$1.0
1495$1,7,16,6,15,2,11,14,3,5,10,4,4,12,8,13$1.0
1496$13,7,16,6,15,2,11,14,3,5,10,1,4,12,8,8$1.0
1497$1,7,16,6,15,2,11,14,3,5,10,4,4,12,8,13$1.0
1498$1,7,16,6,15,2,11,14,3,5,10,4,4,12,8,13$1.0
1499$10,7,16,6,15,2,11,14,3,5,10,1,4,12,8,13$1.0
1500$15,7,16,6,15,2,11,14,3,5,10,1,4,12,8,13$1.0
1501$13,7,16,6,15,2,11,14,3,5,10,1,4,12,8,13$1.0
1502$1,7,16,6,15,2,11,14,3,5,10,4,4,12,8,13$1.0
1503$1,7,16,6,15,2,11,14,3,5,10,1,4,12,8,13$1.0
1504$13,7,16,6,15,2,11,14,3,5,10,1,4,12,8,13$1.0
1505$13,7,16,6,15,2,11,14,3,5,10,1,4,12,8,13$1.0
1506$10,7,16,6,15,2,11,14,3,5,10,1,4,12,8,13$1.0
1507$1,7,16,6,15,2,11,14,3,5,10,1,4,12,8,13$1.0
1508$1,7,16,6,15,2,11,14,3,5,10,1,4,12,8,13$1.0
1509$1,7,16,6,15,2,11,14,3,5,10,1,4,12,8,13$1.0
1510$1,7,16,6,15,2,11,14,3,5,10,1,4,12,8,13$1.0
1511$13,7,16,6,15,2,11,14,3,5,10,1,4,12,8,13$1.0
1512$1,7,16,6,15,2,11,14,3,5,10,1,4,12,8,13$1.0
1513$1,7,16,6,15,2,11,14,3,5,10,13,4,12,8,13$1.0
1514$4,7,16,6,15,2,11,14,3,5,10,1,4,12,8,13$1.0
1515$10,7,16,6,15,2,11,14,3,5,10,1,4,12,8,13$1.0
1516$1,7,16,6,15,2,11,14,3,5,10,13,4,12,8,13$1.0
1517$1,7,16,6,15,2,11,14,3,5,10,1,4,12,8,13$1.0
1518$1,7,16,6,15,2,11,14,3,5,10,13,4,12,8,13$1.0
1519$2,7,16,6,15,2,11,14,3,5,10,1,4,12,8,13$1.0
1520$1,7,16,6,15,2,11,14,3,5,10,1,4,12,8,13$1.0
1521$2,7,16,6,15,2,11,14,3,5,10,1,4,12,8,13$1.0
1522$1,7,16,6,15,2,11,14,3,5,10,1,4,12,8,13$1.0
1523$1,7,16,6,15,2,11,14,3,5,10,1,4,12,8,13$1.0
1524$1,7,16,6,15,2,11,14,3,5,10,1,4,12,8,13$1.0
1525$1,7,16,6,15,2,11,14,3,5,10,1,4,12,8,13$1.0
1526$2,7,16,6,15,2,11,14,3,5,10,1,4,12,8,13$1.0
1527$1,7,16,6,15,2,11,14,3,5,10,1,4,12,8,13$1.0
1528$2,7,16,6,15,2,11,14,3,5,10,1,4,12,8,13$1.0
1529$1,7,16,6,15,2,11,14,3,5,10,1,4,12,8,13$1.0
1530$1,7,16,6,15,2,11,14,3,5,10,1,4,12,8,13$1.0
1531$1,7,16,6,15,2,11,14,3,5,10,1,4,12,8,13$1.0
1532$1,7,16,6,15,2,11,14,3,5,10,1,4,12,8,13$1.0
1533$1,7,16,6,15,2,11,14,3,5,10,1,4,12,8,13$1.0
1534$1,7,16,6,15,2,11,14,3,5,10,13,4,12,8,13$1.0
1535$1,7,16,6,15,2,11,14,3,5,10,13,4,12,8,13$1.0
1536$1,7,16,6,15,2,11,14,3,5,10,1,4,12,8,13$1.0
1537$1,7,16,6,15,2,11,14,3,5,10,1,4,12,8,13$1.0
1538$10,7,16,6,15,2,11,14,3,5,10,1,4,12,8,13$1.0
1539$1,7,16,6,15,2,11,14,3,5,10,1,4,12,8,13$1.0
1540$1,7,16,6,15,2,11,14,3,5,10,1,4,12,8,13$1.0
1541$1,7,16,6,15,2,11,14,3,5,10,13,4,12,8,13$1.0
1542$1,7,16,6,15,2,11,14,3,5,10,1,4,12,8,13$1.0
1543$1,7,16,6,15,2,11,14,3,5,10,1,4,12,8,13$1.0
1544$1,7,16,6,15,2,11,14,3,5,10,13,4,12,8,13$1.0
1545$1,7,16,6,15,2,11,14,3,5,10,13,4,12,8,13$1.0
1546$1,7,16,6,15,2,11,14,3,5,10,1,4,12,8,13$1.0
1547$1,7,16,6,15,2,11,14,3,5,10,13,4,12,8,13$1.0
1548$1,7,16,6,15,2,11,14,3,5,10,1,4,12,8,13$1.0
1549$1,9,16,6,15,2,11,14,3,5,10,1,4,12,8,13$1.0
1550$1,7,16,6,15,2,11,14,3,5,10,1,4,12,8,13$1.0
1551$1,7,16,6,15,2,11,14,3,5,10,1,4,12,8,13$1.0
1552$1,7,16,6,15,2,11,14,3,5,10,1,4,12,8,13$1.0
1553$15,7,16,6,15,2,11,14,3,5,10,1,4,12,8,13$1.0
1554$1,7,16,6,15,2,11,14,3,5,10,13,4,12,8,13$1.0
1555$1,7,16,6,15,2,11,14,3,5,10,1,4,12,8,13$1.0
1556$1,9,16,6,15,2,11,14,3,5,10,1,4,12,8,13$1.0
1557$15,7,16,6,15,2,11,14,3,5,10,1,4,12,8,13$1.0
1558$1,7,16,6,15,2,11,14,3,5,10,1,4,12,8,13$1.0
1559$1,7,16,6,15,2,11,14,3,5,10,1,4,12,8,13$1.0
1560$1,7,16,6,15,2,11,14,3,5,10,1,4,12,8,13$1.0
1561$1,7,16,6,15,2,11,14,3,5,10,1,4,12,8,13$1.0
1562$1,7,16,6,15,2,11,14,3,5,10,1,4,12,8,13$1.0
1563$1,7,16,6,15,2,11,14,3,5,10,13,4,12,8,13$1.0
1564$10,7,16,6,15,2,11,14,3,5,10,1,4,12,8,13$1.0
1565$1,7,16,6,15,2,11,14,3,5,10,1,4,12,8,13$1.0
1566$1,7,16,6,15,2,11,14,3,5,10,13,4,12,8,13$1.0
1567$1,7,16,6,15,2,11,14,3,5,10,1,4,12,8,13$1.0
1568$10,7,16,6,15,2,11,14,3,5,10,1,4,12,8,13$1.0
1569$1,7,16,6,15,2,11,14,3,5,10,13,4,12,8,13$1.0
1570$1,7,16,6,15,2,11,14,3,5,10,13,4,12,8,13$1.0
1571$1,7,16,6,15,2,11,14,3,5,10,15,4,12,8,13$1.0
1572$1,7,16,6,15,2,11,14,3,5,10,1,4,12,8,13$1.0
1573$1,7,16,6,15,2,11,14,3,5,10,13,4,12,8,13$1.0
1574$4,7,16,6,15,2,11,14,3,5,10,1,4,12,8,13$1.0
1575$4,7,16,6,15,2,11,14,3,5,10,1,4,12,8,13$1.0
1576$1,7,16,6,15,2,11,14,3,5,10,13,4,12,8,13$1.0
1577$1,7,16,6,15,2,11,14,3,5,10,1,4,12,8,13$1.0
1578$1,7,16,6,15,2,11,14,3,5,10,13,4,12,8,13$1.0
1579$1,7,16,6,15,2,11,14,3,5,10,1,4,12,8,13$1.0
1580$1,7,16,6,15,2,11,14,3,5,10,1,4,12,8,13$1.0
1581$1,7,16,6,15,2,11,14,3,5,10,1,4,12,8,13$1.0
1582$1,7,16,6,15,2,11,14,3,5,10,15,4,12,8,13$1.0
1583$1,7,16,6,15,2,11,14,3,5,10,1,4,12,8,13$1.0
1584$4,7,16,6,15,2,11,14,3,5,10,1,4,12,8,13$1.0
1585$1,7,16,6,15,2,11,14,3,5,10,15,4,12,8,13$1.0
1586$1,7,16,6,15,2,11,14,3,5,10,13,4,12,8,13$1.0
1587$15,7,16,6,15,2,11,14,3,5,10,1,4,12,8,13$1.0
1588$1,9,16,6,15,2,11,14,3,5,10,13,4,12,8,13$1.0
1589$1,9,16,6,15,2,11,14,3,5,10,1,4,12,8,13$1.0
1590$1,9,16,6,15,2,11,14,3,5,10,1,4,12,8,13$1.0
1591$1,9,16,6,15,2,11,14,3,5,10,1,4,12,8,13$1.0
1592$1,7,16,6,15,2,11,14,3,5,10,13,4,12,8,13$1.0
1593$1,7,16,6,15,2,11,14,3,5,10,15,4,12,8,13$1.0
1594$1,7,16,6,15,2,11,14,3,5,10,13,4,12,8,13$1.0
1595$1,7,16,6,15,2,11,14,3,5,10,1,4,12,8,13$1.0
1596$1,7,16,6,15,2,11,14,3,5,10,13,4,12,8,13$1.0
1597$1,7,16,6,15,2,11,14,3,5,10,13,4,12,8,13$1.0
1598$1,9,16,6,15,2,11,14,3,5,10,13,4,12,8,13$1.0
1599$1,7,16,6,15,2,11,14,3,5,10,1,4,12,8,13$1.0
1600$1,9,16,6,15,2,11,14,3,5,10,13,4,12,8,13$1.0
1601$1,9,16,6,15,2,11,14,3,5,10,1,4,12,8,13$1.0
1602$1,9,16,6,15,2,11,14,3,5,10,1,4,12,8,13$1.0
1603$1,9,16,6,15,2,11,14,3,5,10,1,4,12,8,13$1.0
1604$1,7,16,6,15,2,11,14,3,5,10,1,4,12,8,13$1.0
1605$1,9,16,6,15,2,11,14,3,5,10,13,4,12,8,13$1.0
1606$1,9,16,6,15,2,11,14,3,5,10,13,4,12,8,13$1.0
1607$1,7,16,6,15,2,11,14,3,5,10,13,4,12,8,13$1.0
1608$1,9,16,6,15,2,11,14,3,5,10,2,4,12,8,13$1.0
1609$1,9,16,6,15,2,11,14,3,5,10,13,4,12,8,13$1.0
1610$1,9,16,6,15,2,11,14,3,5,10,1,4,12,8,13$1.0
1611$1,9,16,6,15,2,11,14,3,5,10,4,4,12,8,13$1.0
1612$1,9,16,6,15,2,11,14,3,5,10,1,4,12,8,13$1.0
1613$1,9,16,6,15,2,11,14,3,5,10,13,4,12,8,13$1.0
1614$1,9,16,6,15,2,11,14,3,5,10,13,4,12,8,13$1.0
1615$1,9,16,6,15,2,11,14,3,5,10,13,4,12,8,13$1.0
1616$1,9,16,6,15,2,11,14,3,5,10,2,4,12,8,13$1.0
1617$1,9,16,6,15,2,11,14,3,5,10,1,4,12,8,13$1.0
1618$1,9,16,6,15,2,11,14,3,5,10,2,4,12,8,13$1.0
1619$1,9,16,6,15,7,11,14,3,5,10,2,4,12,8,13$0.0
1619$1,9,16,6,15,7,11,14,3,5,10,2,4,12,8,13$0.0
