16
0$14,5,5,16,1,13,15,6,1,15,1,12,10,11,2,4$11.0
0$14,14,16,8,4,3,13,3,2,6,13,2,13,6,3,1$19.0
0$12,4,11,5,5,15,12,14,4,1,16,4,9,16,8,5$18.0
0$14,5,5,16,1,13,15,6,1,15,1,12,10,11,2,4$11.0
1$2,5,7,15,3,14,6,3,9,13,10,4,10,10,11,9$13.0
2$2,5,4,15,3,14,6,15,6,1,16,4,9,16,8,5$11.0
3$12,8,2,16,3,1,14,11,2,10,16,6,3,16,9,5$11.0
4$12,8,2,16,3,1,14,11,2,15,6,4,10,1,11,2$7.0
4$2,5,7,15,12,16,6,3,9,13,1,12,10,1,11,9$9.0
4$12,8,2,16,3,1,14,11,2,15,6,4,10,1,11,2$7.0
5$12,8,2,16,3,1,5,11,6,1,16,4,14,16,8,5$10.0
6$2,5,7,15,12,16,6,3,9,15,1,4,14,11,11,14$7.0
7$2,5,7,15,12,16,6,3,9,15,1,4,14,11,11,14$7.0
8$2,5,7,15,12,16,6,3,9,1,16,14,10,1,11,9$7.0
9$2,5,7,15,12,16,6,3,9,1,16,14,10,1,11,9$7.0
10$2,5,7,15,12,16,6,3,9,15,1,4,16,1,11,14$5.0
10$2,5,7,15,12,16,6,3,9,15,1,4,16,1,11,14$5.0
11$2,5,7,15,12,16,6,3,9,15,1,4,16,1,11,14$5.0
12$2,5,7,15,12,16,6,3,9,15,1,4,16,1,11,14$5.0
13$2,5,7,15,12,16,6,3,9,15,1,4,16,1,11,14$5.0
14$2,5,7,15,12,16,6,3,9,15,1,4,10,1,11,9$5.0
15$2,5,7,15,12,8,15,3,9,10,16,4,16,1,11,14$6.0
16$2,5,7,15,12,16,6,3,9,15,1,4,16,1,11,14$5.0
17$2,5,7,15,12,16,6,3,9,15,1,4,11,1,11,14$5.0
18$2,5,7,15,12,16,6,3,9,15,1,4,11,1,11,14$5.0
19$2,5,7,15,12,16,13,3,9,15,13,4,16,1,11,14$5.0
20$2,2,7,15,12,16,6,3,9,15,13,4,16,1,11,14$5.0
21$2,5,7,15,12,16,6,3,11,15,1,4,11,14,12,5$4.0
21$2,5,7,15,12,16,6,3,11,15,1,4,11,14,12,5$4.0
22$2,5,7,15,12,16,6,3,9,15,13,4,10,1,11,12$4.0
23$2,5,7,10,12,16,6,3,9,15,1,4,6,13,11,14$3.0
23$2,5,7,10,12,16,6,3,9,15,1,4,6,13,11,14$3.0
24$2,5,7,10,12,16,6,3,9,15,13,4,16,1,11,14$3.0
25$2,5,7,10,12,16,6,3,9,15,13,4,16,1,11,14$3.0
26$2,5,7,15,12,16,13,3,9,15,1,4,10,13,11,14$2.0
26$2,5,7,15,12,16,13,3,9,15,1,4,10,13,11,14$2.0
27$2,5,7,10,12,16,6,3,9,15,13,4,4,1,11,14$3.0
28$2,5,7,10,12,16,6,3,9,15,1,4,10,1,11,14$2.0
29$2,5,7,10,12,16,6,3,9,15,13,4,6,1,5,14$2.0
30$2,5,7,10,12,16,6,3,9,15,13,4,6,1,11,14$1.0
30$2,5,7,10,12,16,6,3,9,15,13,4,6,1,11,14$1.0
31$2,5,7,10,12,16,6,3,9,15,13,4,10,1,11,14$1.0
32$2,5,7,10,12,16,6,3,9,15,13,4,10,1,11,14$1.0
33$2,10,7,10,12,16,6,3,9,15,13,4,6,1,11,14$2.0
34$2,5,7,10,12,16,6,3,9,15,13,4,6,1,11,14$1.0
35$2,5,7,10,12,16,6,3,9,15,13,4,10,1,11,14$1.0
36$2,5,7,10,12,16,6,3,9,15,13,4,10,1,11,14$1.0
37$2,5,7,10,12,16,6,3,9,15,13,4,10,1,11,14$1.0
38$2,5,7,10,12,16,6,3,9,15,13,4,10,1,11,14$1.0
39$2,5,7,10,12,16,6,3,9,15,13,4,10,1,11,14$1.0
40$2,5,7,10,12,16,6,3,9,15,13,4,10,1,11,14$1.0
41$2,5,7,10,12,16,6,3,9,15,13,4,10,1,11,14$1.0
42$2,5,7,10,12,16,6,3,9,15,13,4,10,1,11,14$1.0
43$2,5,7,10,12,16,6,3,9,15,13,4,10,1,11,14$1.0
44$2,5,7,10,12,16,6,3,9,15,13,4,10,1,11,14$1.0
45$2,5,7,10,12,16,6,3,9,15,13,4,10,1,11,14$1.0
46$2,5,7,10,12,16,6,3,9,15,13,4,10,1,11,14$1.0
47$2,5,7,16,12,16,6,3,9,15,13,4,10,1,11,14$1.0
48$2,5,7,10,12,16,6,3,9,15,13,4,10,1,11,14$1.0
49$2,5,7,10,12,16,6,3,9,15,13,4,10,1,11,14$1.0
50$2,5,7,10,12,16,6,3,9,15,13,4,10,1,11,14$1.0
51$2,5,7,15,12,16,6,3,9,15,13,4,10,1,11,14$1.0
52$2,5,7,16,12,16,6,3,9,15,13,4,10,1,11,14$1.0
53$2,5,7,10,12,16,6,3,9,15,13,4,10,1,11,14$1.0
54$2,5,7,10,12,16,6,3,9,15,13,4,10,1,11,14$1.0
55$2,5,7,15,12,16,6,3,9,15,13,4,10,1,11,14$1.0
56$2,5,7,10,12,16,6,3,9,15,13,4,10,1,11,14$1.0
57$2,5,7,16,12,16,6,3,9,15,13,4,10,1,11,14$1.0
58$2,5,7,16,12,16,6,3,9,15,13,4,10,1,11,14$1.0
59$2,5,7,16,12,16,6,3,9,15,13,4,10,1,11,14$1.0
60$2,5,7,10,12,16,6,3,9,15,13,4,10,1,11,14$1.0
61$2,5,7,16,12,16,6,3,9,15,13,4,10,1,11,14$1.0
62$2,5,7,10,12,16,6,3,9,15,13,4,10,1,11,14$1.0
63$2,5,7,16,12,16,6,3,9,15,13,4,10,1,11,14$1.0
64$2,5,7,16,12,16,6,3,9,15,13,4,10,1,11,14$1.0
65$2,5,7,16,12,16,6,3,9,15,13,4,10,1,11,14$1.0
66$2,5,7,16,12,16,6,3,9,15,13,4,10,1,11,14$1.0
67$2,5,7,16,12,16,6,3,9,15,13,4,10,1,11,14$1.0
68$2,5,7,16,12,16,6,3,9,15,13,4,10,1,11,14$1.0
69$2,5,7,16,12,16,6,3,9,15,13,4,10,1,11,14$1.0
70$2,5,7,16,12,16,6,3,9,15,13,4,10,1,11,14$1.0
71$2,5,7,10,12,16,6,3,9,15,13,4,10,1,11,14$1.0
72$2,5,7,16,12,16,6,3,9,15,13,4,10,1,11,14$1.0
73$2,5,7,16,12,16,6,3,9,15,13,4,10,1,11,14$1.0
74$2,5,7,10,12,16,6,3,9,15,13,4,10,1,11,14$1.0
75$2,5,7,16,12,16,6,3,9,15,13,4,10,1,11,14$1.0
76$2,5,7,16,12,16,6,3,9,15,13,4,10,1,11,14$1.0
77$2,5,7,16,12,16,6,3,9,15,13,4,10,1,11,14$1.0
78$2,5,7,16,12,16,6,3,9,15,13,4,10,1,11,14$1.0
79$2,5,7,10,12,16,6,3,9,15,13,4,10,1,11,14$1.0
80$2,5,7,16,12,16,6,3,9,15,13,4,10,1,11,14$1.0
81$2,5,7,10,12,16,6,3,9,15,13,4,10,1,11,14$1.0
82$2,5,7,16,12,16,6,3,9,15,13,4,10,1,11,14$1.0
83$2,5,7,16,12,16,6,3,9,15,13,4,10,1,11,14$1.0
84$2,5,7,16,12,16,6,3,9,15,13,4,10,1,11,14$1.0
85$2,5,7,16,12,16,6,3,9,15,13,4,10,1,11,14$1.0
86$2,5,7,16,12,16,6,3,9,15,13,4,10,1,11,14$1.0
87$2,5,7,16,12,16,6,3,9,15,13,4,10,1,11,14$1.0
88$2,5,7,16,12,15,6,3,9,15,13,4,10,1,11,14$1.0
89$2,5,7,16,12,16,6,3,9,15,13,4,10,1,11,14$1.0
90$2,5,7,16,12,16,6,3,9,15,13,4,10,1,11,14$1.0
91$2,5,7,16,12,16,6,3,9,15,13,4,10,1,11,14$1.0
92$2,5,7,16,12,15,6,3,9,15,13,4,10,1,11,14$1.0
93$2,5,7,15,12,16,6,3,9,15,13,4,10,1,11,14$1.0
94$2,5,7,16,12,16,6,3,9,15,13,4,10,1,11,14$1.0
95$2,5,7,16,12,16,6,3,9,15,13,4,10,1,11,14$1.0
96$2,5,7,16,12,16,6,3,9,15,13,4,10,1,11,14$1.0
97$2,5,7,16,12,16,6,3,9,15,13,4,10,1,11,14$1.0
98$2,5,7,15,12,16,6,3,9,15,13,4,10,1,11,14$1.0
99$2,5,7,15,12,16,6,3,9,15,13,4,10,1,11,14$1.0
100$2,5,7,16,12,16,6,3,9,15,13,4,10,1,11,14$1.0
101$2,5,7,15,12,16,6,3,9,15,13,4,10,1,11,14$1.0
102$2,5,7,16,12,16,6,3,9,15,13,4,10,1,11,14$1.0
103$2,5,7,16,12,16,6,3,9,15,13,4,10,1,11,14$1.0
104$2,5,7,16,12,16,6,3,9,15,13,4,10,1,11,14$1.0
105$2,5,7,16,12,16,6,3,9,15,13,4,10,1,11,14$1.0
106$2,5,7,16,12,16,6,3,9,15,13,4,10,1,11,14$1.0
107$2,5,7,16,12,16,6,3,9,15,13,4,10,1,11,14$1.0
108$2,5,7,16,12,16,6,3,9,15,13,4,10,1,11,14$1.0
109$2,5,7,16,12,16,6,3,9,15,13,4,10,1,11,14$1.0
110$2,5,7,15,12,16,6,3,9,15,13,4,10,1,11,14$1.0
111$2,5,7,16,12,16,6,3,9,15,13,4,10,1,11,14$1.0
112$2,5,7,16,12,16,6,3,9,15,13,4,10,1,11,14$1.0
113$2,5,7,15,12,16,6,3,9,15,13,4,10,1,11,14$1.0
114$2,5,7,15,12,16,6,3,9,15,13,4,10,1,11,14$1.0
115$2,5,7,16,12,16,6,3,9,15,13,4,10,1,11,14$1.0
116$2,5,7,15,12,16,6,3,9,15,13,4,10,1,11,14$1.0
117$2,5,7,15,12,16,6,3,9,15,13,4,10,1,11,14$1.0
118$2,5,7,16,12,16,6,3,9,15,13,4,10,1,11,14$1.0
119$2,5,7,15,12,16,6,3,9,15,13,4,10,1,11,14$1.0
120$2,5,7,16,12,15,6,3,9,15,13,4,10,1,11,14$1.0
121$2,5,7,16,12,16,6,3,9,15,13,4,10,1,11,14$1.0
122$2,5,7,16,12,16,6,3,9,15,13,4,10,1,11,14$1.0
123$2,5,7,10,12,16,6,3,9,15,13,4,10,1,11,14$1.0
124$2,5,7,15,12,16,6,3,9,15,13,4,10,1,11,14$1.0
125$2,5,7,16,12,16,6,3,9,15,13,4,10,1,11,14$1.0
126$2,5,7,16,12,16,6,3,9,15,13,4,10,1,11,14$1.0
127$2,5,7,15,12,16,6,3,9,15,13,4,10,1,11,14$1.0
128$2,5,7,15,12,16,6,3,9,15,13,4,10,1,11,14$1.0
129$2,5,7,10,12,16,6,3,9,15,13,4,10,1,11,14$1.0
130$2,5,7,16,12,16,6,3,9,15,13,4,10,1,11,14$1.0
131$2,5,7,16,12,16,6,3,9,15,13,4,10,1,11,14$1.0
132$2,5,7,15,12,16,6,3,9,15,13,4,10,1,11,14$1.0
133$2,5,7,10,12,16,6,3,9,15,13,4,10,1,11,14$1.0
134$2,5,7,16,12,16,6,3,9,15,13,4,10,1,11,14$1.0
135$2,5,7,10,12,16,6,3,9,15,13,4,10,1,11,14$1.0
136$2,5,7,10,12,16,6,3,9,15,13,4,6,1,11,14$1.0
137$2,5,7,15,12,16,6,3,9,15,13,4,10,1,11,14$1.0
138$2,5,7,15,12,16,6,3,9,15,13,4,10,1,11,14$1.0
139$2,5,7,10,12,16,6,3,9,15,13,4,10,1,11,14$1.0
140$2,5,7,16,12,16,6,3,9,15,13,4,10,1,11,14$1.0
141$2,5,7,16,12,15,6,3,9,15,13,4,10,1,11,14$1.0
142$2,5,7,10,12,16,6,3,9,15,13,4,10,1,11,14$1.0
143$2,5,7,10,12,16,6,3,9,15,13,4,10,1,11,14$1.0
144$2,5,7,10,12,16,6,3,9,15,13,4,10,1,11,14$1.0
145$2,5,7,10,12,16,6,3,9,15,13,4,10,1,11,14$1.0
146$2,5,7,16,12,16,6,3,9,15,13,4,10,1,11,14$1.0
147$2,5,7,16,12,16,6,3,9,15,13,4,10,1,11,14$1.0
148$2,5,7,16,12,16,6,3,9,15,13,4,10,1,11,14$1.0
149$2,5,7,16,12,16,6,3,9,15,13,4,10,1,11,14$1.0
150$2,5,7,10,12,16,6,3,9,15,13,4,6,1,11,14$1.0
151$2,5,7,16,12,16,6,3,9,15,13,4,10,1,11,14$1.0
152$2,5,7,10,12,16,6,3,9,15,13,4,10,1,11,14$1.0
153$2,5,7,16,12,16,6,3,9,15,13,4,10,1,11,14$1.0
154$2,5,7,16,12,15,6,3,9,15,13,4,10,1,11,14$1.0
155$2,5,7,16,12,16,6,3,9,15,13,4,10,1,11,14$1.0
156$2,5,7,10,12,16,6,3,9,15,13,4,10,1,11,14$1.0
157$2,5,7,10,12,16,6,3,9,15,13,4,10,1,11,14$1.0
158$2,5,7,10,12,16,6,3,9,15,13,4,10,1,11,14$1.0
159$2,5,7,10,12,16,6,3,9,15,13,4,10,1,11,14$1.0
160$2,5,7,10,12,16,6,3,9,15,13,4,10,1,11,14$1.0
161$2,5,7,15,12,16,6,3,9,15,13,4,10,1,11,14$1.0
162$2,5,7,10,12,16,6,3,9,15,13,4,10,1,11,14$1.0
163$2,5,7,16,12,16,6,3,9,15,13,4,10,1,11,14$1.0
164$2,5,7,15,12,16,6,3,9,15,13,4,10,1,11,14$1.0
165$2,5,7,16,12,16,6,3,9,15,13,4,10,1,11,14$1.0
166$2,5,7,16,12,16,6,3,9,15,13,4,10,1,11,14$1.0
167$2,5,7,16,12,16,6,3,9,15,13,4,10,1,11,14$1.0
168$2,5,7,16,12,16,6,3,9,15,13,4,10,1,11,14$1.0
169$2,5,7,16,12,16,6,3,9,15,13,4,10,1,11,14$1.0
170$2,5,7,16,12,16,6,3,9,15,13,4,10,1,11,14$1.0
171$2,5,7,16,12,16,6,3,9,15,13,4,10,1,11,14$1.0
172$2,5,7,16,12,16,6,3,9,15,13,4,10,1,11,14$1.0
173$2,5,7,16,12,16,6,3,9,15,13,4,10,1,11,14$1.0
174$2,5,7,16,12,16,6,3,9,15,13,4,10,1,11,14$1.0
175$2,5,7,16,12,16,6,3,9,15,13,4,10,1,11,14$1.0
176$2,5,7,16,12,16,6,3,9,15,13,4,10,1,11,14$1.0
177$2,5,7,16,12,16,6,3,9,15,13,4,10,1,11,14$1.0
178$2,5,7,16,12,16,6,3,9,15,13,4,10,1,11,14$1.0
179$2,5,7,16,12,16,6,3,9,15,13,4,10,1,11,14$1.0
180$2,5,7,16,12,16,6,3,9,15,13,4,10,1,11,14$1.0
181$2,5,7,16,12,16,6,3,9,15,13,4,10,1,11,14$1.0
182$2,5,7,16,12,16,6,3,9,15,13,4,10,1,11,14$1.0
183$2,5,7,16,12,16,6,3,9,15,13,4,10,1,11,14$1.0
184$2,5,7,16,12,16,6,3,9,15,13,4,10,1,11,14$1.0
185$2,5,7,16,12,16,6,3,9,15,13,4,10,1,11,14$1.0
186$2,5,7,16,12,16,6,3,9,15,13,4,10,1,11,14$1.0
187$2,5,7,16,12,16,6,3,9,15,13,4,10,1,11,14$1.0
188$2,5,7,16,12,16,6,3,9,15,13,4,10,1,11,14$1.0
189$2,5,7,16,12,16,6,3,9,15,13,4,10,1,11,14$1.0
190$2,5,7,16,12,16,6,3,9,15,13,4,10,1,11,14$1.0
191$2,5,7,16,12,16,6,3,9,15,13,4,10,1,11,14$1.0
192$2,5,7,16,12,16,6,3,9,15,13,4,10,1,11,14$1.0
193$2,5,7,16,12,16,6,3,9,15,13,4,10,1,11,14$1.0
194$2,5,7,16,12,16,6,3,9,15,13,4,10,1,11,14$1.0
195$2,5,7,16,12,16,6,3,9,15,13,4,10,1,11,14$1.0
196$2,5,7,16,12,16,6,3,9,15,13,4,10,1,11,14$1.0
197$2,5,7,16,12,16,6,3,9,15,13,4,10,1,11,14$1.0
198$2,5,7,16,12,16,6,3,9,15,13,4,10,1,11,14$1.0
199$2,5,7,16,12,16,6,3,9,15,13,4,10,1,11,14$1.0
200$2,5,7,16,12,16,6,3,9,15,13,4,10,1,11,14$1.0
201$2,5,7,16,12,16,6,3,9,15,13,4,10,1,11,14$1.0
202$2,5,7,16,12,16,6,3,9,15,13,4,10,1,11,14$1.0
203$2,5,7,16,12,16,6,3,9,15,13,4,10,1,11,14$1.0
204$2,5,7,16,12,16,6,3,9,15,13,4,10,1,11,14$1.0
205$2,5,7,16,12,16,6,3,9,15,13,4,10,1,11,14$1.0
206$2,5,7,16,12,16,6,3,9,15,13,4,10,1,11,14$1.0
207$2,5,7,16,12,16,6,3,9,15,13,4,10,1,11,14$1.0
208$2,5,7,16,12,16,6,3,9,15,13,4,10,1,11,14$1.0
209$2,5,7,16,12,16,6,3,9,15,13,4,10,1,11,14$1.0
210$2,5,7,16,12,16,6,3,9,15,13,4,10,1,11,14$1.0
211$2,5,7,16,12,16,6,3,9,15,13,4,10,1,11,14$1.0
212$2,5,7,16,12,16,6,3,9,15,13,4,10,1,11,14$1.0
213$2,5,7,16,12,16,6,3,9,15,13,4,10,1,11,14$1.0
214$2,5,7,16,12,16,6,3,9,15,13,4,10,1,11,14$1.0
215$2,5,7,16,12,16,6,3,9,15,13,4,10,1,11,14$1.0
216$2,5,7,16,12,16,6,3,9,15,13,4,10,1,11,14$1.0
217$2,5,7,16,12,16,6,3,9,15,13,4,10,1,11,14$1.0
218$2,5,7,16,12,16,6,3,9,15,13,4,10,1,11,14$1.0
219$2,5,7,16,12,16,6,3,9,15,13,4,10,1,11,14$1.0
220$2,5,7,16,12,16,6,3,9,15,13,4,10,1,11,14$1.0
221$2,5,7,16,12,16,6,3,9,15,13,4,10,1,11,14$1.0
222$2,5,7,16,12,16,6,3,9,15,13,4,10,1,11,14$1.0
223$2,5,7,16,12,16,6,3,9,15,13,4,10,1,11,14$1.0
224$2,5,7,16,12,16,6,3,9,15,13,4,10,1,11,14$1.0
225$2,5,7,16,12,16,6,3,9,15,13,4,10,1,11,14$1.0
226$2,5,7,16,12,16,6,3,9,15,13,4,10,1,11,14$1.0
227$2,5,7,16,12,16,6,3,9,15,13,4,10,1,11,14$1.0
228$2,5,7,16,12,16,6,3,9,15,13,4,10,1,11,14$1.0
229$2,5,7,16,12,16,6,3,9,15,13,4,10,1,11,14$1.0
230$2,5,7,16,12,15,6,3,9,15,13,4,10,1,11,14$1.0
231$2,5,7,16,12,16,6,3,9,15,13,4,10,1,11,14$1.0
232$2,5,7,16,12,16,6,3,9,15,13,4,10,1,11,14$1.0
233$2,5,7,16,12,16,6,3,9,15,13,4,10,1,11,14$1.0
234$2,5,7,16,12,16,6,3,9,15,13,4,10,1,11,14$1.0
235$2,5,7,16,12,16,6,3,9,15,13,4,10,1,11,14$1.0
236$2,5,7,16,12,16,6,3,9,15,13,4,10,1,11,14$1.0
237$2,5,7,16,12,16,6,3,9,15,13,4,10,1,11,14$1.0
238$2,5,7,16,12,16,6,3,9,15,13,4,10,1,11,14$1.0
239$2,5,7,16,12,16,6,3,9,15,13,4,10,1,11,14$1.0
240$2,5,7,16,12,16,6,3,9,15,13,4,10,1,11,14$1.0
241$2,5,7,16,12,16,6,3,9,15,13,4,10,1,11,14$1.0
242$2,5,7,16,12,16,6,3,9,15,13,4,10,1,11,14$1.0
243$2,5,7,16,12,16,6,3,9,15,13,4,10,1,11,14$1.0
244$2,5,7,16,12,16,6,3,9,15,13,4,10,1,11,14$1.0
245$2,5,7,16,12,16,6,3,9,15,13,4,10,1,11,14$1.0
246$2,5,7,16,12,16,6,3,9,15,13,4,10,1,11,14$1.0
247$2,5,7,16,12,16,6,3,9,15,13,4,10,1,11,14$1.0
248$2,5,7,16,12,16,6,3,9,15,13,4,10,1,11,14$1.0
249$2,5,7,16,12,16,6,3,9,15,13,4,10,1,11,14$1.0
250$2,5,7,16,12,16,6,3,9,15,13,4,10,1,11,14$1.0
251$2,5,7,16,12,16,6,3,9,15,13,4,10,1,11,14$1.0
252$2,5,7,16,12,16,6,3,9,15,13,4,10,1,11,14$1.0
253$2,5,7,16,12,15,6,3,9,15,13,4,10,1,11,14$1.0
254$2,5,7,16,12,16,6,3,9,15,13,4,10,1,11,14$1.0
255$2,5,7,16,12,16,6,3,9,15,13,4,10,1,11,14$1.0
256$2,5,7,16,12,15,6,3,9,15,13,4,10,1,11,14$1.0
257$2,5,7,16,12,16,6,3,9,15,13,4,10,1,11,14$1.0
258$2,5,7,10,12,16,6,3,9,15,13,4,10,1,11,14$1.0
259$2,5,7,16,12,15,6,3,9,15,13,4,10,1,11,14$1.0
260$2,5,7,16,12,16,6,3,9,15,13,4,10,1,11,14$1.0
261$2,5,7,16,12,16,6,3,9,15,13,4,10,1,11,14$1.0
262$2,5,7,10,12,16,6,3,9,15,13,4,10,1,11,14$1.0
263$2,5,7,10,12,16,6,3,9,15,13,4,10,1,11,14$1.0
264$2,5,7,16,12,16,6,3,9,15,13,4,10,1,11,14$1.0
265$2,5,7,10,12,16,6,3,9,15,13,4,10,1,11,14$1.0
266$2,5,7,10,12,16,6,3,9,15,13,4,10,1,11,14$1.0
267$2,5,7,16,12,15,6,3,9,15,13,4,10,1,11,14$1.0
268$2,5,7,16,12,16,6,3,9,15,13,4,10,1,11,14$1.0
269$2,5,7,16,12,16,6,3,9,15,13,4,10,1,11,14$1.0
270$2,5,7,16,12,15,6,3,9,15,13,4,10,1,11,14$1.0
271$2,5,7,16,12,16,6,3,9,15,13,4,10,1,11,14$1.0
272$2,5,7,16,12,16,6,3,9,15,13,4,10,1,11,14$1.0
273$2,5,7,16,12,16,6,3,9,15,13,4,10,1,11,14$1.0
274$2,5,7,16,12,16,6,3,9,15,13,4,10,1,11,14$1.0
275$2,5,7,16,12,16,6,3,9,15,13,4,10,1,11,14$1.0
276$2,5,7,16,12,16,6,3,9,15,13,4,10,1,11,14$1.0
277$2,5,7,16,12,16,6,3,9,15,13,4,10,1,11,14$1.0
278$2,5,7,16,12,16,6,3,9,15,13,4,10,1,11,14$1.0
279$2,5,7,16,12,16,6,3,9,15,13,4,10,1,11,14$1.0
280$2,5,7,16,12,16,6,3,9,15,13,4,10,1,11,14$1.0
281$2,5,7,16,12,15,6,3,9,15,13,4,10,1,11,14$1.0
282$2,5,7,16,12,16,6,3,9,15,13,4,10,1,11,14$1.0
283$2,5,7,16,12,16,6,3,9,15,13,4,10,1,11,14$1.0
284$2,5,7,16,12,16,6,3,9,15,13,4,10,1,11,14$1.0
285$2,5,7,16,12,16,6,3,9,15,13,4,10,1,11,14$1.0
286$2,5,7,16,12,16,6,3,9,15,13,4,10,1,11,14$1.0
287$2,5,7,16,12,16,6,3,9,15,13,4,10,1,11,14$1.0
288$2,5,7,16,12,16,6,3,9,15,13,4,10,1,11,14$1.0
289$2,5,7,16,12,16,6,3,9,15,13,4,10,1,11,14$1.0
290$2,5,7,16,12,16,6,3,9,15,13,4,10,1,11,14$1.0
291$2,5,7,16,12,16,6,3,9,15,13,4,10,1,11,14$1.0
292$2,5,7,16,12,16,6,3,9,15,13,4,10,1,11,14$1.0
293$2,5,7,16,12,16,6,3,9,15,13,4,10,1,11,14$1.0
294$2,5,7,16,12,16,6,3,9,15,13,4,10,1,11,14$1.0
295$2,5,7,16,12,16,6,3,9,15,13,4,10,1,11,14$1.0
296$2,5,7,16,12,16,6,3,9,15,13,4,10,1,11,14$1.0
297$2,5,7,16,12,16,6,3,9,15,13,4,10,1,11,14$1.0
298$2,5,7,16,12,16,6,3,9,15,13,4,10,1,11,14$1.0
299$2,5,7,16,12,16,6,3,9,15,13,4,10,1,11,14$1.0
300$2,5,7,16,12,16,6,3,9,15,13,4,10,1,11,14$1.0
301$2,5,7,16,12,16,6,3,9,15,13,4,10,1,11,14$1.0
302$2,5,7,16,12,16,6,3,9,15,13,4,10,1,11,14$1.0
303$2,5,7,16,12,16,6,3,9,15,13,4,10,1,11,14$1.0
304$2,5,7,16,12,16,6,3,9,15,13,4,10,1,11,14$1.0
305$2,5,7,15,12,16,6,3,9,15,13,4,10,1,11,14$1.0
306$2,5,7,16,12,16,6,3,9,15,13,4,10,1,11,14$1.0
307$2,5,7,16,12,16,6,3,9,15,13,4,10,1,11,14$1.0
308$2,5,7,16,12,16,6,3,9,15,13,4,10,1,11,14$1.0
309$2,5,7,16,12,16,6,3,9,15,13,4,10,1,11,14$1.0
310$2,5,7,16,12,16,6,3,9,15,13,4,10,1,11,14$1.0
311$2,5,7,16,12,16,6,3,9,15,13,4,10,1,11,14$1.0
312$2,5,7,16,12,16,6,3,9,15,13,4,10,1,11,14$1.0
313$2,5,7,16,12,16,6,3,9,15,13,4,10,1,11,14$1.0
314$2,5,7,16,12,16,6,3,9,15,13,4,10,1,11,14$1.0
315$2,5,7,16,12,16,6,3,9,15,13,4,10,1,11,14$1.0
316$2,5,7,16,12,16,6,3,9,15,13,4,10,1,11,14$1.0
317$2,5,7,16,12,16,6,3,9,15,13,4,10,1,11,14$1.0
318$2,5,7,16,12,16,6,3,9,15,13,4,10,1,11,14$1.0
319$2,5,7,16,12,16,6,3,9,15,13,4,10,1,11,14$1.0
320$2,5,7,16,12,16,6,3,9,15,13,4,10,1,11,14$1.0
321$2,5,7,16,12,16,6,3,9,15,13,4,10,1,11,14$1.0
322$2,5,7,16,12,16,6,3,9,15,13,4,10,1,11,14$1.0
323$2,5,7,16,12,16,6,3,9,15,13,4,10,1,11,14$1.0
324$2,5,7,16,12,16,6,3,9,15,13,4,10,1,11,14$1.0
325$2,5,7,16,12,16,6,3,9,15,13,4,10,1,11,14$1.0
326$2,5,7,16,12,16,6,3,9,15,13,4,10,1,11,14$1.0
327$2,5,7,16,12,16,6,3,9,15,13,4,10,1,11,14$1.0
328$2,5,7,16,12,16,6,3,9,15,13,4,10,1,11,14$1.0
329$2,5,7,16,12,16,6,3,9,15,13,4,10,1,11,14$1.0
330$2,5,7,16,12,16,6,3,9,15,13,4,10,1,11,14$1.0
331$2,5,7,16,12,16,6,3,9,15,13,4,10,1,11,14$1.0
332$2,5,7,16,12,16,6,3,9,15,13,4,10,1,11,14$1.0
333$2,5,7,16,12,16,6,3,9,15,13,4,10,1,11,14$1.0
334$2,5,7,16,12,16,6,3,9,15,13,4,10,1,11,14$1.0
335$2,5,7,16,12,16,6,3,9,15,13,4,10,1,11,14$1.0
336$2,5,7,16,12,16,6,3,9,15,13,4,10,1,11,14$1.0
337$2,5,7,16,12,15,6,3,9,15,13,4,10,1,11,14$1.0
338$2,5,7,16,12,16,6,3,9,15,13,4,10,1,11,14$1.0
339$2,5,7,16,12,16,6,3,9,15,13,4,10,1,11,14$1.0
340$2,5,7,16,12,16,6,3,9,15,13,4,10,1,11,14$1.0
341$2,5,7,16,12,16,6,3,9,15,13,4,10,1,11,14$1.0
342$2,5,7,16,12,16,6,3,9,15,13,4,10,1,11,14$1.0
343$2,5,7,16,12,16,6,3,9,15,13,4,10,1,11,14$1.0
344$2,5,7,16,12,15,6,3,9,15,13,4,10,1,11,14$1.0
345$2,5,7,16,12,16,6,3,9,15,13,4,10,1,11,14$1.0
346$2,5,7,16,12,15,6,3,9,15,13,4,10,1,11,14$1.0
347$2,5,7,16,12,15,6,3,9,15,13,4,10,1,11,14$1.0
348$2,5,7,16,12,16,6,3,9,15,13,4,10,1,11,14$1.0
349$2,5,7,16,12,16,6,3,9,15,13,4,10,1,11,14$1.0
350$2,5,7,16,12,15,6,3,9,15,13,4,10,1,11,14$1.0
351$2,5,7,16,12,15,6,3,9,15,13,4,10,1,11,14$1.0
352$2,5,7,16,12,16,6,3,9,15,13,4,10,1,11,14$1.0
353$2,5,7,16,12,16,6,3,9,15,13,4,10,1,11,14$1.0
354$2,5,7,16,12,15,6,3,9,15,13,4,10,1,11,14$1.0
355$2,5,7,16,12,15,6,3,9,15,13,4,10,1,11,14$1.0
356$2,5,7,16,12,15,6,3,9,15,13,4,10,1,11,14$1.0
357$2,5,7,16,12,15,6,3,9,15,13,4,10,1,11,14$1.0
358$2,5,7,16,12,15,6,3,9,15,13,4,10,1,11,14$1.0
359$2,5,7,16,12,15,6,3,9,15,13,4,10,1,11,14$1.0
360$2,5,7,16,12,15,6,3,9,15,13,4,10,1,11,14$1.0
361$2,5,7,16,12,16,6,3,9,15,13,4,10,1,11,14$1.0
362$2,5,7,16,12,16,6,3,9,15,13,4,10,1,11,14$1.0
363$2,5,7,16,12,15,6,3,9,15,13,4,10,1,11,14$1.0
364$2,5,7,16,12,15,6,3,9,15,13,4,10,1,11,14$1.0
365$2,5,7,16,12,16,6,3,9,15,13,4,10,1,11,14$1.0
366$2,5,7,16,12,15,6,3,9,15,13,4,10,1,11,14$1.0
367$2,5,7,16,12,16,6,3,9,15,13,4,10,1,11,14$1.0
368$2,5,7,16,12,16,6,3,9,15,13,4,10,1,11,14$1.0
369$2,5,7,16,12,16,6,3,9,15,13,4,10,1,11,14$1.0
370$2,5,7,16,12,16,6,3,9,15,13,4,10,1,11,14$1.0
371$2,5,7,16,12,16,6,3,9,15,13,4,10,1,11,14$1.0
372$2,5,7,16,12,16,6,3,9,15,13,4,10,1,11,14$1.0
373$2,5,7,16,12,16,6,3,9,15,13,4,10,1,11,14$1.0
374$2,5,7,16,12,16,6,3,9,15,13,4,10,1,11,14$1.0
375$2,5,7,16,12,16,6,3,9,15,13,4,10,1,11,14$1.0
376$2,5,7,15,12,16,6,3,9,15,13,4,10,1,11,14$1.0
377$2,5,7,16,12,16,6,3,9,15,13,4,10,1,11,14$1.0
378$2,5,7,16,12,16,6,3,9,15,13,4,10,1,11,14$1.0
379$2,5,7,16,12,16,6,3,9,15,13,4,10,1,11,14$1.0
380$2,5,7,16,12,16,6,3,9,15,13,4,10,1,11,14$1.0
381$2,5,7,16,12,16,6,3,9,15,13,4,10,1,11,14$1.0
382$2,5,7,16,12,16,6,3,9,15,13,4,10,1,11,14$1.0
383$2,5,7,15,12,16,6,3,9,15,13,4,10,1,11,14$1.0
384$2,5,7,16,12,16,6,3,9,15,13,4,10,1,11,14$1.0
385$2,5,7,16,12,16,6,3,9,15,13,4,10,1,11,14$1.0
386$2,5,7,16,12,16,6,3,9,15,13,4,10,1,11,14$1.0
387$2,5,7,16,12,16,6,3,9,15,13,4,10,1,11,14$1.0
388$2,5,7,16,12,16,6,3,9,15,13,4,10,1,11,14$1.0
389$2,5,7,16,12,16,6,3,9,15,13,4,10,1,11,14$1.0
390$2,5,7,16,12,16,6,3,9,15,13,4,10,1,11,14$1.0
391$2,5,7,16,12,16,6,3,9,15,13,4,10,1,11,14$1.0
392$2,5,7,16,12,16,6,3,9,15,13,4,10,1,11,14$1.0
393$2,5,7,16,12,16,6,3,9,15,13,4,10,1,11,14$1.0
394$2,5,7,16,12,16,6,3,9,15,13,4,10,1,11,14$1.0
395$2,5,7,16,12,16,6,3,9,15,13,4,10,1,11,14$1.0
396$2,5,7,15,12,16,6,3,9,15,13,4,10,1,11,14$1.0
397$2,5,7,16,12,16,6,3,9,15,13,4,10,1,11,14$1.0
398$2,5,7,15,12,16,6,3,9,15,13,4,10,1,11,14$1.0
399$2,5,7,16,12,16,6,3,9,15,13,4,10,1,11,14$1.0
400$2,5,7,16,12,16,6,3,9,15,13,4,10,1,11,14$1.0
401$2,5,7,16,12,16,6,3,9,15,13,4,10,1,11,14$1.0
402$2,5,7,16,12,16,6,3,9,15,13,4,10,1,11,14$1.0
403$2,5,7,16,12,16,6,3,9,15,13,4,10,1,11,14$1.0
404$2,5,7,16,12,16,6,3,9,15,13,4,10,1,11,14$1.0
405$2,5,7,16,12,16,6,3,9,15,13,4,10,1,11,14$1.0
406$2,5,7,16,12,16,6,3,9,15,13,4,10,1,11,14$1.0
407$2,5,7,16,12,16,6,3,9,15,13,4,10,1,11,14$1.0
408$2,5,7,16,12,16,6,3,9,15,13,4,10,1,11,14$1.0
409$2,5,7,16,12,16,6,3,9,15,13,4,10,1,11,14$1.0
410$2,5,7,16,12,16,6,3,9,15,13,4,10,1,11,14$1.0
411$2,5,7,16,12,16,6,3,9,15,13,4,10,1,11,14$1.0
412$2,5,7,16,12,16,6,3,9,15,13,4,10,1,11,14$1.0
413$2,5,7,16,12,16,6,3,9,15,13,4,10,1,11,14$1.0
414$2,5,7,16,12,16,6,3,9,15,13,4,10,1,11,14$1.0
415$7,5,11,8,12,16,6,3,9,15,13,4,10,1,11,14$1.0
416$2,5,7,16,12,16,6,3,9,15,13,4,10,1,11,14$1.0
417$2,5,7,16,12,16,6,3,9,15,13,4,10,1,11,14$1.0
418$2,5,7,16,12,16,6,3,9,15,13,4,10,1,11,14$1.0
419$2,5,7,16,12,16,6,3,9,15,13,4,10,1,11,14$1.0
420$2,5,7,16,12,16,6,3,9,15,13,4,10,1,11,14$1.0
421$2,5,11,8,12,16,6,3,9,15,13,4,10,1,11,14$1.0
422$2,5,11,8,12,16,6,3,9,15,13,4,10,1,11,14$1.0
423$2,5,11,8,12,16,6,3,9,15,13,4,7,1,11,14$1.0
424$2,5,11,8,12,16,6,3,9,15,13,4,10,1,4,14$1.0
425$2,5,7,16,12,15,6,3,9,15,13,4,10,1,11,14$1.0
426$2,5,11,8,12,16,6,3,9,15,13,4,10,1,11,14$1.0
427$2,5,11,8,12,16,6,3,9,15,13,4,10,1,11,14$1.0
428$2,5,7,16,12,16,6,3,9,15,13,4,10,1,11,14$1.0
429$2,5,7,16,12,16,6,3,9,15,13,4,10,1,11,14$1.0
430$2,5,7,16,12,16,6,3,9,15,13,4,10,1,11,14$1.0
431$2,5,7,16,12,16,6,3,9,15,13,4,10,1,11,14$1.0
432$2,5,7,16,12,16,6,3,9,15,13,4,10,1,11,14$1.0
433$2,5,7,16,12,16,6,3,9,15,13,4,10,1,11,14$1.0
434$2,5,7,16,12,16,6,3,9,15,13,4,10,1,11,14$1.0
435$2,5,11,8,12,16,6,3,9,15,13,4,10,1,11,14$1.0
436$2,5,11,8,12,16,6,3,9,15,13,4,10,1,11,14$1.0
437$2,5,7,16,12,16,6,3,9,15,13,4,10,1,11,14$1.0
438$2,5,7,15,12,16,6,3,9,15,13,4,10,1,11,14$1.0
439$2,5,16,8,12,16,6,3,9,15,13,4,10,1,11,14$1.0
440$2,5,7,15,12,16,6,3,9,15,13,4,10,1,11,14$1.0
441$2,5,7,15,12,16,6,3,9,15,13,4,10,1,11,14$1.0
442$2,5,7,15,12,16,6,3,9,15,13,4,10,1,11,14$1.0
443$2,5,7,10,12,16,6,3,9,15,13,4,10,1,11,14$1.0
444$2,5,7,10,12,16,6,3,9,15,13,4,10,1,11,14$1.0
445$2,5,16,8,12,16,6,3,9,15,13,4,10,1,11,14$1.0
446$2,5,7,10,12,16,6,3,9,15,13,4,10,1,11,14$1.0
447$2,5,7,15,12,16,6,3,9,15,13,4,10,1,11,14$1.0
448$2,5,7,10,12,16,6,3,9,15,13,4,10,1,11,14$1.0
449$2,5,16,8,12,16,6,3,9,15,13,4,10,1,11,14$1.0
450$2,5,16,8,12,16,6,3,9,15,13,4,10,1,11,14$1.0
451$2,5,16,8,12,16,6,3,9,15,13,4,7,1,11,14$1.0
452$2,5,7,16,12,16,6,3,9,15,13,4,10,1,11,14$1.0
453$2,5,7,10,12,16,6,3,9,15,13,4,7,1,11,14$1.0
454$2,5,7,15,12,16,6,3,9,15,13,4,10,1,11,14$1.0
455$2,5,7,10,12,16,6,3,9,15,13,4,10,1,11,14$1.0
456$2,5,7,10,12,16,6,3,9,15,13,4,10,1,11,14$1.0
457$2,5,16,8,12,16,6,3,9,15,13,4,10,1,11,14$1.0
458$2,5,7,10,12,16,6,3,9,15,13,4,10,1,11,14$1.0
459$2,5,7,16,12,16,6,3,9,15,13,4,10,1,11,14$1.0
460$2,5,7,16,12,16,6,3,9,15,13,4,10,1,11,14$1.0
461$2,5,7,10,12,16,6,3,9,15,13,4,10,1,11,14$1.0
462$2,5,7,16,12,16,6,3,9,15,13,4,10,1,11,14$1.0
463$2,5,7,10,12,16,6,3,9,15,13,4,10,1,11,14$1.0
464$2,5,7,10,12,16,6,3,9,15,13,4,10,1,11,14$1.0
465$2,5,7,10,12,16,6,3,9,15,13,4,10,1,11,14$1.0
466$2,5,7,10,12,16,6,3,9,15,13,4,10,1,11,14$1.0
467$2,5,7,16,12,16,6,3,9,15,13,4,10,1,11,14$1.0
468$2,5,7,16,12,16,6,3,9,15,13,4,10,1,11,14$1.0
469$2,5,7,10,12,16,6,3,9,15,13,4,7,1,11,14$1.0
470$2,5,7,10,12,16,6,3,9,15,13,4,10,1,11,14$1.0
471$2,5,7,10,12,16,6,3,9,15,13,4,10,1,11,14$1.0
472$2,5,7,10,12,16,6,3,9,15,13,4,10,1,11,14$1.0
473$2,5,7,16,12,16,6,3,9,15,13,4,10,1,11,14$1.0
474$2,5,7,10,12,16,6,3,9,15,13,4,10,1,11,14$1.0
475$2,5,7,10,12,16,6,3,9,15,13,4,10,1,11,14$1.0
476$2,5,7,16,12,16,6,3,9,15,13,4,10,1,11,14$1.0
477$2,5,7,10,12,16,6,3,9,15,13,4,10,1,11,14$1.0
478$2,5,7,10,12,16,6,3,9,15,13,4,10,1,11,14$1.0
479$2,5,7,10,12,16,6,3,9,15,13,4,10,1,11,14$1.0
480$2,5,7,10,12,16,6,3,9,15,13,4,10,1,11,14$1.0
481$2,5,7,10,12,16,6,3,9,15,13,4,10,1,11,14$1.0
482$2,5,7,10,12,16,6,3,9,15,13,4,10,1,11,14$1.0
483$2,5,7,16,12,16,6,3,9,15,13,4,10,1,11,14$1.0
484$2,5,7,10,12,16,6,3,9,15,13,4,10,1,11,14$1.0
485$2,5,7,16,12,16,6,3,9,15,13,4,10,1,11,14$1.0
486$2,5,7,10,12,16,6,3,9,15,13,4,10,1,11,14$1.0
487$2,5,7,10,12,16,6,3,9,15,13,4,10,1,11,14$1.0
488$2,5,7,10,12,16,6,3,9,15,13,4,10,1,11,14$1.0
489$2,5,7,16,12,15,6,3,9,15,13,4,10,1,11,14$1.0
490$2,5,7,10,12,16,6,3,9,15,13,4,10,1,11,14$1.0
491$2,5,7,16,12,15,6,3,9,15,13,4,10,1,11,14$1.0
492$2,5,7,16,12,16,6,3,9,15,13,4,10,1,11,14$1.0
493$2,5,7,16,12,16,6,3,9,15,13,4,10,1,11,14$1.0
494$2,5,7,16,12,16,6,3,9,15,13,4,10,1,11,14$1.0
495$2,5,7,16,12,16,6,3,9,15,13,4,10,1,11,14$1.0
496$2,5,7,16,12,15,6,3,9,15,13,4,10,1,11,14$1.0
497$2,5,7,16,12,16,6,3,9,15,13,4,10,1,11,14$1.0
498$2,5,7,16,12,15,6,3,9,15,13,4,10,1,11,14$1.0
499$2,5,7,10,12,16,6,3,9,15,13,4,10,1,11,14$1.0
500$2,5,7,16,12,16,6,3,9,15,13,4,10,1,11,14$1.0
501$2,5,7,16,12,16,6,3,9,15,13,4,10,1,11,14$1.0
502$2,5,7,16,12,15,6,3,9,15,13,4,10,1,11,14$1.0
503$2,5,7,16,12,16,6,3,9,15,13,4,10,1,11,14$1.0
504$2,5,7,16,12,15,6,3,9,15,13,4,10,1,11,14$1.0
505$2,5,7,10,12,16,6,3,9,15,13,4,10,1,11,14$1.0
506$2,5,7,16,12,16,6,3,9,15,13,4,10,1,11,14$1.0
507$2,5,7,16,12,15,6,3,9,15,13,4,10,1,11,14$1.0
508$2,5,7,16,12,16,6,3,9,15,13,4,10,1,11,14$1.0
509$2,5,7,16,12,16,6,3,9,15,13,4,10,1,11,14$1.0
510$2,5,7,16,12,16,6,3,9,15,13,4,10,1,11,14$1.0
511$2,5,7,10,12,16,6,3,9,15,13,4,6,1,11,14$1.0
512$2,5,7,16,12,16,6,3,9,15,13,4,10,1,11,14$1.0
513$2,5,7,16,12,15,6,3,9,15,13,4,10,1,11,14$1.0
514$2,5,7,16,12,15,6,3,9,15,13,4,10,1,11,14$1.0
515$2,5,7,16,12,15,6,3,9,15,13,4,10,1,11,14$1.0
516$2,5,7,16,12,15,6,3,9,4,13,4,10,1,11,14$1.0
517$2,5,7,16,12,16,6,3,9,15,13,4,10,1,11,14$1.0
518$2,5,7,16,12,15,6,3,9,15,13,4,10,1,11,14$1.0
519$2,5,7,16,12,16,6,3,9,15,13,4,10,1,11,14$1.0
520$2,5,7,16,12,16,6,3,9,15,13,4,10,1,11,14$1.0
521$2,5,7,16,12,15,6,3,9,15,13,4,10,1,11,14$1.0
522$2,5,7,16,12,16,6,3,9,15,13,4,10,1,11,14$1.0
523$2,5,7,16,12,15,6,3,9,15,13,4,10,1,11,14$1.0
524$2,5,7,16,12,16,6,3,9,15,13,4,10,1,11,14$1.0
525$2,5,7,16,12,16,6,3,9,15,13,4,10,1,11,14$1.0
526$2,5,7,16,12,16,6,3,9,15,13,4,10,1,11,14$1.0
527$2,5,7,16,12,16,6,3,9,15,13,4,10,1,11,14$1.0
528$2,5,7,15,12,16,6,3,9,15,13,4,10,1,11,14$1.0
529$2,5,7,16,12,15,6,3,9,15,13,4,10,1,11,14$1.0
530$2,5,7,16,12,16,6,3,9,15,13,4,10,1,11,14$1.0
531$2,5,7,16,12,16,6,3,9,15,13,4,10,1,11,14$1.0
532$2,5,7,16,12,15,6,3,9,15,13,4,10,1,11,14$1.0
533$2,5,7,16,12,15,6,3,9,15,13,4,10,1,11,14$1.0
534$2,5,7,16,12,15,6,3,9,15,13,4,10,1,11,14$1.0
535$2,5,7,16,12,15,6,3,9,15,13,4,10,1,11,14$1.0
536$2,5,7,16,12,15,6,3,9,15,13,4,10,1,11,14$1.0
537$2,5,7,16,12,16,6,3,9,15,13,4,10,1,11,14$1.0
538$2,5,7,16,12,15,6,3,9,15,13,4,10,1,11,14$1.0
539$2,5,7,16,12,16,6,3,9,15,13,4,10,1,11,14$1.0
540$2,5,7,16,12,16,6,3,9,15,13,4,10,1,11,14$1.0
541$2,5,7,16,12,16,6,3,9,15,13,4,10,1,11,14$1.0
542$2,5,7,16,12,15,6,3,9,15,13,4,10,1,11,14$1.0
543$2,5,7,16,12,15,6,3,9,15,13,4,10,1,11,14$1.0
544$2,5,7,16,12,16,6,3,9,15,13,4,10,1,11,14$1.0
545$2,5,7,16,12,15,6,3,9,15,13,4,10,1,11,14$1.0
546$2,5,7,16,12,15,6,3,9,15,13,4,10,1,11,14$1.0
547$2,5,7,16,12,15,6,3,9,15,13,4,10,1,11,14$1.0
548$2,5,7,16,12,15,6,3,9,15,13,4,10,1,11,14$1.0
549$2,5,7,16,12,15,6,3,9,15,13,4,10,1,11,14$1.0
550$2,5,7,16,12,15,6,3,9,15,13,4,10,1,11,14$1.0
551$2,5,7,16,12,15,6,3,9,15,13,4,10,1,11,14$1.0
552$2,5,7,16,12,15,6,3,9,15,13,4,10,1,11,14$1.0
553$2,5,7,16,12,15,6,3,9,15,13,4,10,1,11,14$1.0
554$2,5,7,16,12,15,6,3,9,15,13,4,10,1,11,14$1.0
555$2,5,7,16,12,15,6,3,9,15,13,4,10,1,11,14$1.0
556$2,5,7,16,12,15,6,3,9,15,13,4,10,1,11,14$1.0
557$2,5,7,16,12,15,6,3,9,15,13,4,10,1,11,14$1.0
558$2,5,7,16,12,15,6,3,9,15,13,4,10,1,11,14$1.0
559$2,5,7,16,12,16,6,3,9,15,13,4,10,1,11,14$1.0
560$2,5,7,16,12,15,6,3,9,15,13,4,10,1,11,14$1.0
561$2,5,7,16,12,15,6,3,9,15,13,4,10,1,11,14$1.0
562$2,5,7,16,12,15,6,3,9,15,13,4,10,1,11,14$1.0
563$2,5,7,16,12,16,6,3,9,15,13,4,10,1,11,14$1.0
564$2,5,7,16,12,15,6,3,9,15,13,4,10,1,11,14$1.0
565$2,5,7,16,12,15,6,3,9,15,13,4,10,1,11,14$1.0
566$2,5,7,16,12,15,6,3,9,15,13,4,10,1,11,14$1.0
567$2,5,7,16,12,15,6,3,9,4,13,4,10,1,11,14$1.0
568$2,5,7,16,12,15,6,3,9,15,13,4,10,1,11,14$1.0
569$2,5,7,16,12,15,6,3,9,15,13,4,10,1,11,14$1.0
570$2,5,7,16,12,15,6,3,9,15,13,4,10,1,11,14$1.0
571$2,5,7,16,12,15,6,3,9,15,13,4,10,1,11,14$1.0
572$2,5,7,16,12,15,6,3,9,4,13,4,10,1,11,14$1.0
573$2,5,7,16,12,15,6,3,9,15,13,4,10,1,11,14$1.0
574$2,5,7,16,12,15,6,3,9,15,13,4,10,1,11,14$1.0
575$2,5,7,16,12,15,6,3,9,4,13,4,10,1,11,14$1.0
576$2,5,7,16,12,15,6,3,9,15,13,4,10,1,11,14$1.0
577$2,5,7,16,12,15,6,3,9,15,13,4,10,1,11,14$1.0
578$2,5,7,16,12,15,6,3,9,15,13,4,10,1,11,14$1.0
579$2,5,7,16,12,15,6,3,9,15,13,4,10,1,11,14$1.0
580$2,5,7,16,12,15,6,3,9,15,13,4,10,1,11,14$1.0
581$2,5,7,16,12,15,6,3,9,15,13,4,10,1,11,14$1.0
582$2,5,7,16,12,15,6,3,9,15,13,4,10,1,11,14$1.0
583$2,5,7,16,12,15,6,3,9,15,13,4,10,1,11,14$1.0
584$2,5,7,16,12,15,6,3,9,15,13,4,10,1,11,14$1.0
585$2,5,7,16,12,15,6,3,9,15,13,4,10,1,11,14$1.0
586$2,5,7,16,12,15,6,3,9,15,13,4,10,1,11,14$1.0
587$2,5,7,16,12,15,6,3,9,15,13,4,10,8,11,14$1.0
588$2,5,7,16,12,15,6,3,9,15,13,4,10,1,11,14$1.0
589$2,5,7,16,12,15,6,1,9,15,13,4,10,8,11,14$1.0
590$2,5,7,16,12,15,6,3,9,15,13,4,10,1,11,14$1.0
591$2,5,7,16,12,15,6,3,9,15,13,4,10,1,11,14$1.0
592$2,5,7,16,12,15,6,3,9,15,13,4,10,1,11,14$1.0
593$2,5,7,16,12,15,6,3,9,15,13,4,10,1,11,14$1.0
594$2,5,7,16,12,15,6,3,9,15,13,4,10,1,11,14$1.0
595$2,5,7,16,12,15,6,3,9,15,13,4,10,1,11,14$1.0
596$2,5,7,16,12,15,6,3,9,15,13,4,10,1,11,14$1.0
597$2,5,7,16,12,15,6,3,9,15,13,4,10,1,11,14$1.0
598$2,5,7,16,12,15,6,3,9,15,13,4,10,1,11,14$1.0
599$2,5,7,16,12,15,6,3,9,15,13,4,10,1,11,14$1.0
600$2,5,7,16,12,15,6,3,9,15,13,4,10,1,11,14$1.0
601$2,5,7,16,12,15,6,3,9,15,13,4,10,1,11,14$1.0
602$2,5,7,16,12,15,6,3,9,15,13,4,10,1,11,14$1.0
603$2,5,7,16,12,15,6,3,9,15,13,4,10,1,11,14$1.0
604$2,5,7,16,12,15,6,3,9,15,13,4,10,1,11,14$1.0
605$2,5,7,16,12,15,6,3,9,15,13,4,10,1,11,14$1.0
606$2,5,7,16,12,15,6,3,9,15,13,4,10,1,11,14$1.0
607$2,5,7,16,12,15,6,3,9,15,13,4,10,1,11,14$1.0
608$2,5,7,16,12,15,6,3,9,15,13,4,10,1,11,14$1.0
609$2,5,7,16,12,15,6,3,9,15,13,4,10,1,11,14$1.0
610$2,5,7,16,12,15,6,3,9,15,13,4,10,1,11,14$1.0
611$2,5,7,16,12,15,6,3,9,15,13,4,10,1,11,14$1.0
612$2,5,7,16,12,15,6,3,9,15,13,4,10,1,11,14$1.0
613$2,5,7,16,12,15,6,3,9,15,13,4,10,1,11,14$1.0
614$2,5,7,16,12,15,6,3,9,15,13,4,10,1,11,14$1.0
615$2,5,7,16,12,15,6,3,9,15,13,4,10,1,11,14$1.0
616$2,5,7,16,12,15,6,3,9,15,13,4,10,1,11,14$1.0
617$2,5,7,16,12,15,6,3,9,15,13,4,10,1,11,14$1.0
618$2,5,7,16,12,15,6,3,9,15,13,4,10,1,11,14$1.0
619$2,5,7,16,12,15,6,3,9,15,13,4,10,1,11,14$1.0
620$2,5,7,16,12,15,6,3,9,15,13,4,10,1,11,14$1.0
621$2,5,7,16,12,15,6,3,9,15,13,4,10,1,11,14$1.0
622$2,5,7,16,12,15,6,3,9,15,13,4,10,1,11,14$1.0
623$2,5,7,16,12,15,6,3,9,15,13,4,10,1,11,14$1.0
624$2,5,7,16,12,15,6,3,9,15,13,4,10,1,11,14$1.0
625$2,5,7,16,12,15,6,3,9,15,13,4,10,1,11,14$1.0
626$2,5,7,16,12,15,6,3,9,4,13,4,10,1,11,14$1.0
627$2,5,7,16,12,15,6,3,9,15,13,4,10,1,11,14$1.0
628$2,5,7,16,12,15,6,3,9,15,13,4,10,1,11,14$1.0
629$2,5,7,16,12,15,6,3,9,4,13,4,10,1,11,14$1.0
630$2,5,7,16,12,15,6,3,9,15,13,4,10,1,11,14$1.0
631$2,5,7,16,12,15,6,3,9,15,13,4,10,1,11,14$1.0
632$2,5,7,16,12,15,6,3,9,15,13,4,10,1,11,14$1.0
633$2,5,7,16,12,15,6,3,9,15,13,4,10,1,11,14$1.0
634$2,5,7,16,12,15,6,3,9,4,13,4,10,1,11,14$1.0
635$2,5,7,16,12,15,6,3,9,4,13,4,10,1,11,14$1.0
636$2,5,7,16,12,15,6,3,9,15,13,4,10,1,11,14$1.0
637$2,5,7,16,12,15,6,3,9,15,13,4,10,1,11,14$1.0
638$2,5,7,16,12,15,6,3,9,15,13,4,10,1,11,14$1.0
639$2,5,7,16,12,15,6,3,9,15,13,4,10,1,11,14$1.0
640$2,5,7,16,12,15,6,3,9,15,13,4,10,1,11,14$1.0
641$2,5,7,16,12,15,6,3,9,15,13,4,10,1,11,14$1.0
642$2,5,7,16,12,15,6,3,9,15,13,4,10,1,11,14$1.0
643$2,5,7,16,12,15,6,3,9,15,13,4,10,1,11,14$1.0
644$2,5,7,16,12,15,6,3,9,15,13,4,10,1,11,14$1.0
645$2,5,7,16,12,15,6,3,9,15,13,4,10,1,11,14$1.0
646$2,5,7,16,12,15,6,3,9,15,13,4,10,1,11,14$1.0
647$2,5,7,16,12,15,6,3,9,15,13,4,10,1,11,14$1.0
648$2,5,7,16,12,15,6,3,9,15,13,4,10,1,11,14$1.0
649$2,5,7,16,12,15,6,3,9,4,13,4,10,1,11,14$1.0
650$2,5,7,16,12,16,6,3,9,15,13,4,10,1,11,14$1.0
651$2,5,7,16,12,15,6,3,9,4,13,4,10,1,11,14$1.0
652$2,5,7,16,12,15,6,3,9,15,13,4,10,1,11,14$1.0
653$2,5,7,16,12,16,6,3,9,15,13,4,10,1,11,14$1.0
654$2,5,7,16,12,15,6,3,9,15,13,4,10,1,11,14$1.0
655$2,5,7,16,12,15,6,3,9,15,13,4,10,1,11,14$1.0
656$2,5,7,16,12,16,6,3,9,15,13,4,10,1,11,14$1.0
657$2,5,7,16,12,15,6,3,9,15,13,4,10,1,11,14$1.0
658$2,5,7,16,12,15,6,3,9,4,13,4,10,1,11,14$1.0
659$2,5,7,16,12,15,6,3,9,15,13,4,10,1,11,14$1.0
660$2,5,7,16,12,15,6,3,9,15,13,4,10,1,11,14$1.0
661$2,5,7,16,12,15,6,3,9,15,13,4,10,1,11,14$1.0
662$2,5,7,16,12,15,6,3,9,15,13,4,10,1,11,14$1.0
663$2,5,7,16,12,15,6,3,9,15,13,4,10,1,11,14$1.0
664$2,5,7,16,12,15,6,3,9,15,13,4,10,1,11,14$1.0
665$2,5,7,16,12,15,6,3,9,15,13,4,10,1,11,14$1.0
666$2,5,7,16,12,16,6,3,9,15,13,4,10,1,11,14$1.0
667$2,5,7,16,12,15,6,3,9,15,13,4,10,1,11,14$1.0
668$2,5,7,16,12,15,6,3,9,15,13,4,10,1,11,14$1.0
669$2,5,7,16,12,15,6,3,9,15,13,4,10,1,11,14$1.0
670$2,5,7,16,12,15,6,3,9,15,13,4,10,1,11,14$1.0
671$2,5,7,16,12,15,6,3,9,15,13,4,10,1,11,14$1.0
672$2,5,7,16,12,15,6,3,9,15,13,4,10,1,11,14$1.0
673$2,5,7,16,12,15,6,3,9,15,13,4,10,1,11,14$1.0
674$2,5,7,16,12,15,6,3,9,15,13,4,10,1,11,14$1.0
675$2,5,7,16,12,15,6,3,9,15,13,4,10,1,11,14$1.0
676$2,5,7,16,12,15,6,3,9,15,13,4,10,1,11,14$1.0
677$2,5,7,16,12,15,6,3,9,15,13,4,10,1,11,14$1.0
678$2,5,7,16,12,15,6,3,9,15,13,4,10,1,11,14$1.0
679$2,5,7,16,12,15,6,3,9,15,13,4,10,1,11,14$1.0
680$2,5,7,16,12,15,6,3,9,15,13,4,10,1,11,14$1.0
681$2,5,7,16,12,15,6,3,9,15,13,4,10,1,11,14$1.0
682$2,5,7,16,12,15,6,3,9,15,13,4,10,1,11,14$1.0
683$2,5,7,16,12,15,6,3,9,15,13,4,10,1,11,14$1.0
684$2,5,7,16,12,15,6,3,9,15,13,4,10,1,11,14$1.0
685$2,5,7,16,12,15,6,3,9,15,13,4,10,1,11,14$1.0
686$2,5,7,16,12,15,6,3,9,15,13,4,10,1,11,14$1.0
687$2,5,7,16,12,15,6,3,9,15,13,4,10,1,11,14$1.0
688$2,5,7,16,12,15,6,3,9,15,13,4,10,1,11,14$1.0
689$2,5,7,16,12,15,6,3,9,15,13,4,10,1,11,14$1.0
690$2,5,7,16,12,15,6,3,9,15,13,4,10,1,11,14$1.0
691$2,5,7,16,12,15,6,3,9,15,13,4,10,1,11,14$1.0
692$2,5,7,16,12,15,6,3,9,15,13,4,10,1,11,14$1.0
693$2,5,7,16,12,15,6,3,9,15,13,4,10,8,11,14$1.0
694$2,5,7,16,12,15,6,3,9,15,13,4,10,1,11,14$1.0
695$2,5,7,16,12,15,6,3,9,15,13,4,10,1,11,14$1.0
696$2,5,7,16,12,15,6,3,9,15,13,4,10,1,11,14$1.0
697$2,5,7,16,12,15,6,3,9,15,13,4,10,1,11,14$1.0
698$2,5,7,16,12,16,6,3,9,15,13,4,10,1,11,14$1.0
699$2,5,7,16,12,15,6,3,9,15,13,4,10,1,11,14$1.0
700$2,5,7,16,12,15,6,3,9,15,13,4,10,1,11,14$1.0
701$2,5,7,16,12,15,6,3,9,15,13,4,10,1,11,14$1.0
702$2,5,7,16,12,15,6,3,9,15,13,4,10,1,11,14$1.0
703$2,5,7,16,12,15,6,3,9,15,13,4,10,1,11,14$1.0
704$2,5,7,16,12,15,6,3,9,15,13,4,10,1,11,14$1.0
705$2,5,7,16,12,15,6,3,9,15,13,4,10,1,11,14$1.0
706$2,5,7,16,12,15,6,3,9,15,13,4,10,1,11,14$1.0
707$2,5,7,16,12,15,6,3,9,15,13,4,10,1,11,14$1.0
708$2,5,7,16,12,15,6,3,9,15,13,4,10,1,11,14$1.0
709$2,5,7,16,12,15,6,3,9,15,13,4,10,1,11,14$1.0
710$2,5,7,16,12,15,6,3,9,4,13,4,10,1,11,14$1.0
711$2,5,7,16,12,15,6,3,9,15,13,4,10,1,11,14$1.0
712$2,5,7,16,12,15,6,3,9,15,13,4,10,1,11,14$1.0
713$2,5,7,16,12,15,6,3,9,4,13,4,10,1,11,14$1.0
714$2,5,7,16,12,15,6,3,9,15,13,4,10,1,11,14$1.0
715$2,5,7,16,12,15,6,3,9,15,13,4,10,1,11,14$1.0
716$2,5,7,16,12,15,6,3,9,15,13,4,10,1,11,14$1.0
717$2,5,7,16,12,15,6,3,9,15,13,4,10,1,11,14$1.0
718$2,5,7,16,12,15,6,3,9,15,13,4,10,1,11,14$1.0
719$2,5,7,16,12,15,6,3,9,15,13,4,10,1,11,14$1.0
720$2,5,7,16,12,15,6,3,9,15,13,4,10,1,11,14$1.0
721$2,5,7,16,12,15,6,3,9,15,13,4,10,8,11,14$1.0
722$2,5,7,16,12,15,6,3,9,15,13,4,10,1,11,14$1.0
723$2,5,7,16,12,16,6,3,9,15,13,4,10,1,11,14$1.0
724$2,5,16,8,12,15,6,3,9,15,13,4,10,1,11,14$1.0
725$2,5,7,16,12,15,6,3,9,15,13,4,10,1,11,14$1.0
726$2,5,7,16,12,15,6,3,9,15,13,4,10,1,11,14$1.0
727$2,5,7,16,12,15,6,3,9,15,13,4,10,8,11,14$1.0
728$2,5,7,16,12,15,6,3,9,15,13,4,10,1,11,14$1.0
729$2,5,7,16,12,15,6,3,9,4,13,4,10,1,11,14$1.0
730$2,5,7,16,12,15,6,3,9,15,13,4,10,1,11,14$1.0
731$2,5,7,16,12,15,6,3,9,15,13,4,10,1,11,14$1.0
732$2,5,7,16,12,15,6,3,9,4,13,4,10,1,11,14$1.0
733$2,5,7,16,12,15,6,3,9,15,13,4,10,1,11,14$1.0
734$2,5,7,16,12,15,6,3,9,15,13,4,10,1,11,14$1.0
735$2,5,7,16,12,15,6,3,9,15,13,4,10,1,11,14$1.0
736$2,5,7,16,12,15,6,3,9,15,13,4,10,8,11,14$1.0
737$2,5,7,16,12,15,6,3,9,4,13,4,10,1,11,14$1.0
738$2,5,7,16,12,15,6,3,9,15,13,4,10,1,11,14$1.0
739$2,5,7,16,12,15,6,3,9,15,13,4,10,1,11,14$1.0
740$2,5,7,10,12,16,6,3,9,15,13,4,10,1,11,14$1.0
741$2,5,7,16,12,15,6,3,9,4,13,4,10,1,11,14$1.0
742$2,5,7,16,12,15,6,3,9,15,13,4,10,1,11,14$1.0
743$2,5,7,16,12,15,6,3,9,15,13,4,10,1,11,14$1.0
744$2,5,7,16,12,16,6,3,9,15,13,4,10,1,11,14$1.0
745$2,5,7,10,12,16,6,3,9,15,13,4,10,1,11,14$1.0
746$2,5,7,16,12,15,6,3,9,15,13,4,10,1,11,14$1.0
747$2,5,7,16,12,16,6,3,9,15,13,4,10,1,11,14$1.0
748$2,5,7,16,12,15,6,3,9,15,13,4,10,1,11,14$1.0
749$2,5,7,16,12,16,6,3,9,15,13,4,10,1,11,14$1.0
750$2,5,7,16,12,15,6,3,9,15,13,4,10,1,11,14$1.0
751$2,5,7,16,12,15,6,3,9,15,13,4,10,1,11,14$1.0
752$2,5,7,16,12,16,6,3,9,15,13,4,10,1,11,14$1.0
753$2,5,7,16,12,15,6,3,9,15,13,4,10,1,11,14$1.0
754$2,5,7,16,12,16,6,3,9,15,13,4,10,1,11,14$1.0
755$2,5,7,16,12,15,6,3,9,15,13,4,10,1,11,14$1.0
756$2,5,7,16,12,15,6,3,9,15,13,4,10,1,11,14$1.0
757$2,5,7,16,12,15,6,3,9,15,13,4,10,1,11,14$1.0
758$2,5,7,16,12,15,6,3,9,15,13,4,10,1,11,14$1.0
759$2,5,7,16,12,15,6,3,9,15,13,4,10,1,11,14$1.0
760$2,5,7,16,12,15,6,3,9,15,13,4,10,1,11,14$1.0
761$2,5,7,16,12,15,6,3,9,15,13,4,10,1,11,14$1.0
762$2,5,7,16,12,16,6,3,9,15,13,4,10,1,11,14$1.0
763$2,5,7,15,12,16,6,3,9,15,13,4,10,1,11,14$1.0
764$2,5,7,15,12,16,6,3,9,15,13,4,10,1,11,14$1.0
765$2,5,7,16,12,15,6,3,9,15,13,4,10,1,11,14$1.0
766$2,5,7,16,12,15,6,3,9,15,13,4,10,1,11,14$1.0
767$2,5,7,16,12,15,6,3,9,15,13,4,10,1,11,14$1.0
768$2,5,7,15,12,16,6,3,9,15,13,4,10,1,11,14$1.0
769$2,5,7,15,12,16,6,3,9,15,13,4,10,1,11,14$1.0
770$2,5,7,16,12,15,6,3,9,15,13,4,10,1,11,14$1.0
771$2,5,7,16,12,15,6,3,9,15,13,4,10,1,11,14$1.0
772$2,5,7,16,12,15,6,3,9,15,13,4,10,1,11,14$1.0
773$2,5,7,15,12,16,6,3,9,15,13,4,10,1,11,14$1.0
774$2,5,7,16,12,16,6,3,9,15,13,4,10,1,11,14$1.0
775$2,5,7,16,12,15,6,3,9,15,13,4,10,1,11,14$1.0
776$2,5,7,16,12,15,6,3,9,15,13,4,10,1,11,14$1.0
777$2,5,7,16,12,15,6,3,9,15,13,4,10,1,11,14$1.0
778$2,5,7,16,12,15,6,3,9,15,13,4,10,1,11,14$1.0
779$2,5,7,16,12,15,6,3,9,15,13,4,10,1,11,14$1.0
780$2,5,7,16,12,15,6,3,9,15,13,4,10,8,11,14$1.0
781$2,5,7,16,12,15,6,3,9,15,13,4,10,1,11,14$1.0
782$2,5,7,16,12,15,6,3,9,15,13,4,10,1,11,14$1.0
783$2,5,7,16,12,16,6,3,9,15,13,4,10,1,11,14$1.0
784$2,5,7,16,12,15,6,3,9,15,13,4,10,1,11,14$1.0
785$2,5,7,16,12,16,6,3,9,15,13,4,10,1,11,14$1.0
786$2,5,7,16,12,15,6,3,9,15,13,4,10,1,11,14$1.0
787$2,5,7,16,12,15,6,3,9,15,13,4,10,1,11,14$1.0
788$2,5,7,16,12,15,6,3,9,15,13,4,10,1,11,14$1.0
789$2,5,7,16,12,15,6,3,9,15,13,4,10,1,11,14$1.0
790$2,5,7,16,12,15,6,3,9,15,13,4,10,1,11,14$1.0
791$2,5,7,16,12,15,6,3,9,15,13,4,10,1,11,14$1.0
792$2,5,7,16,12,15,6,3,9,15,13,4,10,1,11,14$1.0
793$2,5,7,16,12,16,6,3,9,15,13,4,10,1,11,14$1.0
794$2,5,7,16,12,15,6,3,9,15,13,4,10,1,11,14$1.0
795$2,5,7,16,12,15,6,3,9,15,13,4,10,1,11,14$1.0
796$2,5,7,16,12,15,6,3,9,15,13,4,10,1,11,14$1.0
797$2,5,7,16,12,15,6,3,9,15,13,4,10,1,11,14$1.0
798$2,5,7,16,12,15,6,3,9,15,13,4,10,1,11,14$1.0
799$2,5,7,16,12,15,6,3,9,15,13,4,10,1,11,14$1.0
800$2,5,7,16,12,15,6,3,9,15,13,4,10,1,11,14$1.0
801$2,5,7,16,12,15,6,3,9,15,13,4,10,1,11,14$1.0
802$2,5,7,16,12,15,6,3,9,15,13,4,10,1,11,14$1.0
803$2,5,7,16,12,15,6,3,9,15,13,4,10,1,11,14$1.0
804$2,5,7,16,12,15,6,3,9,15,13,4,10,1,11,14$1.0
805$2,5,7,16,12,15,6,3,9,15,13,4,10,1,11,14$1.0
806$2,5,7,16,12,15,6,3,9,15,13,4,10,1,11,14$1.0
807$2,5,7,16,12,15,6,3,9,15,13,4,10,1,11,14$1.0
808$2,5,7,16,12,15,6,3,9,15,13,4,10,1,11,14$1.0
809$2,5,7,16,12,15,6,3,9,15,13,4,10,1,11,14$1.0
810$2,5,7,16,12,15,6,3,9,15,13,4,10,1,11,14$1.0
811$2,5,7,16,12,15,6,3,9,15,13,4,10,1,11,14$1.0
812$2,5,7,16,12,15,6,3,9,15,13,4,10,1,11,14$1.0
813$2,5,7,16,12,16,6,3,9,15,13,4,10,1,11,14$1.0
814$2,5,7,16,12,15,6,3,9,15,13,4,10,1,11,14$1.0
815$2,5,7,16,12,16,6,3,9,15,13,4,10,1,11,14$1.0
816$2,5,7,16,12,16,6,3,9,15,13,4,10,1,11,14$1.0
817$2,5,7,16,12,15,6,3,9,15,13,4,10,1,11,14$1.0
818$2,5,7,16,12,15,6,3,9,15,13,4,10,1,11,14$1.0
819$2,5,7,16,12,15,6,3,9,15,13,4,10,1,11,14$1.0
820$2,5,7,16,12,15,6,3,9,15,13,4,10,1,11,14$1.0
821$2,5,7,16,12,15,6,3,9,15,13,4,10,1,11,14$1.0
822$2,5,7,16,12,15,6,3,9,15,13,4,10,1,11,14$1.0
823$2,5,7,16,12,16,6,3,9,15,13,4,10,1,11,14$1.0
824$2,5,7,16,12,15,6,3,9,15,13,4,10,1,11,14$1.0
825$2,5,7,16,12,15,6,3,9,15,13,4,10,1,11,14$1.0
826$2,5,7,16,12,16,6,3,9,15,13,4,10,1,11,14$1.0
827$2,5,7,16,12,15,6,3,9,15,13,4,10,1,11,14$1.0
828$2,5,7,16,12,15,6,3,9,15,13,4,10,1,11,14$1.0
829$2,5,7,16,12,15,6,3,9,15,13,4,10,1,11,14$1.0
830$2,5,7,16,12,15,6,3,9,15,13,4,10,1,11,14$1.0
831$2,5,7,16,12,15,6,3,9,15,13,4,10,1,11,14$1.0
832$2,5,7,16,12,15,6,3,9,15,13,4,10,1,11,14$1.0
833$2,5,7,16,12,15,6,3,9,15,13,4,10,1,11,14$1.0
834$2,5,7,16,12,15,6,3,9,15,13,4,10,1,11,14$1.0
835$2,5,7,16,12,15,6,3,9,15,13,4,10,1,11,14$1.0
836$2,5,7,16,12,15,6,3,9,15,13,4,10,1,11,14$1.0
837$2,5,7,16,12,15,6,3,9,15,13,4,10,1,11,14$1.0
838$2,5,7,16,12,15,6,3,9,15,13,4,10,1,11,14$1.0
839$2,5,7,16,12,15,6,3,9,15,13,4,10,1,11,14$1.0
840$2,5,7,16,12,15,6,3,9,15,13,4,10,1,11,14$1.0
841$2,5,7,16,12,15,6,3,9,15,13,4,10,1,11,14$1.0
842$2,5,7,16,12,15,6,3,9,15,13,4,10,1,11,14$1.0
843$2,5,7,16,12,15,6,3,9,15,13,4,10,1,11,14$1.0
844$2,5,7,16,12,15,6,3,9,15,13,4,10,1,11,14$1.0
845$2,5,7,16,12,15,6,3,9,15,13,4,10,1,11,14$1.0
846$2,5,7,16,12,15,6,3,9,15,13,4,10,1,11,14$1.0
847$2,5,7,16,12,15,6,3,9,15,13,4,10,1,11,14$1.0
848$2,5,7,16,12,15,6,3,9,15,13,4,10,1,11,14$1.0
849$2,5,7,16,12,15,6,3,9,4,13,4,10,1,11,14$1.0
850$2,5,7,16,12,16,6,3,9,15,13,4,10,1,11,14$1.0
851$2,5,7,16,12,16,6,3,9,15,13,4,10,1,11,14$1.0
852$2,5,7,16,12,16,6,3,9,15,13,4,10,1,11,14$1.0
853$2,5,7,16,12,16,6,3,9,15,13,4,10,1,11,14$1.0
854$2,5,7,16,12,16,6,3,9,15,13,4,10,1,11,14$1.0
855$2,5,7,16,12,16,6,3,9,15,13,4,10,1,11,14$1.0
856$2,5,7,16,12,16,6,3,9,15,13,4,10,1,11,14$1.0
857$2,5,7,16,12,16,6,3,9,15,13,4,10,1,11,14$1.0
858$2,5,7,16,12,16,6,3,9,15,13,4,10,1,11,14$1.0
859$2,5,7,16,12,16,6,3,9,15,13,4,10,1,11,14$1.0
860$2,5,7,16,12,16,6,3,9,15,13,4,10,1,11,14$1.0
861$2,5,7,16,12,16,6,3,9,15,13,4,10,1,11,14$1.0
862$2,5,7,16,12,16,6,3,9,15,13,4,10,1,11,14$1.0
863$2,5,7,16,12,16,6,3,9,15,13,4,10,1,11,14$1.0
864$2,5,7,16,12,16,6,3,9,15,13,4,10,1,11,14$1.0
865$2,5,7,16,12,16,6,3,9,15,13,4,10,1,11,14$1.0
866$2,5,7,16,12,16,6,3,9,15,13,4,10,1,11,14$1.0
867$2,5,7,16,12,16,6,3,9,15,13,4,10,1,11,14$1.0
868$2,5,7,16,12,16,6,3,9,15,13,4,10,1,11,14$1.0
869$2,5,7,16,12,16,6,3,9,15,13,4,10,1,11,14$1.0
870$2,5,7,16,12,16,6,3,9,15,13,4,10,1,11,14$1.0
871$2,5,7,16,12,16,6,3,9,15,13,4,10,1,11,14$1.0
872$2,5,7,16,12,16,6,3,9,15,13,4,10,1,11,14$1.0
873$2,5,7,16,12,16,6,3,9,15,13,4,10,1,11,14$1.0
874$2,5,7,16,12,16,6,3,9,15,13,4,10,1,11,14$1.0
875$2,5,7,16,12,16,6,3,9,15,13,4,10,1,11,14$1.0
876$2,5,7,16,12,15,6,3,9,15,13,4,10,1,11,14$1.0
877$2,5,7,16,12,15,6,3,9,15,13,4,10,1,11,14$1.0
878$2,5,7,16,12,16,6,3,9,15,13,4,10,1,11,14$1.0
879$2,5,7,16,12,16,6,3,9,15,13,4,10,1,11,14$1.0
880$2,5,7,16,12,16,6,3,9,15,13,4,10,1,11,14$1.0
881$2,5,7,16,12,16,6,3,9,15,13,4,10,1,11,14$1.0
882$2,5,7,16,12,15,6,3,9,15,13,4,10,1,11,14$1.0
883$2,5,7,16,12,16,6,3,9,15,13,4,10,1,11,14$1.0
884$2,5,7,16,12,15,6,3,9,15,13,4,10,1,11,14$1.0
885$2,5,7,16,12,15,6,3,9,15,13,4,10,1,11,14$1.0
886$2,5,7,16,12,16,6,3,9,15,13,4,10,1,11,14$1.0
887$2,5,7,16,12,15,6,3,9,15,13,4,10,1,11,14$1.0
888$2,5,7,16,12,15,6,3,9,15,13,4,10,1,11,14$1.0
889$2,5,7,16,12,15,6,3,9,15,13,4,10,1,11,14$1.0
890$2,5,7,16,12,16,6,3,9,15,13,4,10,1,11,14$1.0
891$2,5,7,16,12,15,6,3,9,15,13,4,10,1,11,14$1.0
892$2,5,7,16,12,16,6,3,9,15,13,4,10,1,11,14$1.0
893$2,5,7,16,12,15,6,3,9,15,13,4,10,1,11,14$1.0
894$2,5,7,16,12,15,6,3,9,15,13,4,10,1,11,14$1.0
895$2,5,7,16,12,16,6,3,9,15,13,4,10,1,11,14$1.0
896$2,5,7,16,12,16,6,3,9,15,13,4,10,1,11,14$1.0
897$2,5,7,16,12,15,6,3,9,15,13,4,10,1,11,14$1.0
898$2,5,7,16,12,15,6,3,9,15,13,4,10,1,11,14$1.0
899$2,5,7,16,12,15,6,3,9,15,13,4,10,1,11,14$1.0
900$2,5,7,16,12,15,6,3,9,15,13,4,10,1,11,14$1.0
901$2,5,7,16,12,16,6,3,9,15,13,4,10,1,11,14$1.0
902$2,5,7,16,12,15,6,3,9,15,13,4,10,1,11,14$1.0
903$2,5,7,16,12,15,6,3,9,15,13,4,10,1,11,14$1.0
904$2,5,7,16,12,15,6,3,9,15,13,4,10,1,11,14$1.0
905$2,5,7,16,12,15,6,3,9,15,13,4,10,1,11,14$1.0
906$2,5,7,16,12,15,6,3,9,15,13,4,10,1,11,14$1.0
907$2,5,7,16,12,16,6,3,9,15,13,4,10,1,11,14$1.0
908$2,5,7,16,12,15,6,3,9,15,13,4,10,1,11,14$1.0
909$2,5,7,16,12,15,6,3,9,15,13,4,10,1,11,14$1.0
910$2,5,7,16,12,15,6,3,9,15,13,4,10,1,11,14$1.0
911$2,5,7,16,12,16,6,3,9,15,13,4,10,1,11,14$1.0
912$2,5,7,16,12,15,6,3,9,15,13,4,10,1,11,14$1.0
913$2,5,7,16,12,15,6,3,9,15,13,4,10,1,11,14$1.0
914$2,5,7,16,12,15,6,3,9,15,13,4,10,1,11,14$1.0
915$2,5,7,16,12,15,6,3,9,15,13,4,10,1,11,14$1.0
916$2,5,7,16,12,15,6,3,9,4,13,4,10,1,11,14$1.0
917$2,5,7,16,12,15,6,3,9,4,13,4,10,1,11,14$1.0
918$2,5,7,16,12,15,6,3,9,15,13,4,10,1,11,14$1.0
919$2,5,7,16,12,15,6,3,9,15,13,4,10,1,11,14$1.0
920$2,5,7,16,12,15,6,3,9,15,13,4,10,1,11,14$1.0
921$2,5,7,16,12,15,6,3,9,4,13,4,10,1,11,14$1.0
922$2,5,7,16,12,15,6,3,9,4,13,4,10,1,11,14$1.0
923$2,5,7,16,12,15,6,3,9,15,13,4,10,1,11,14$1.0
924$2,5,7,16,12,15,6,3,9,15,13,4,10,1,11,14$1.0
925$2,5,7,16,12,15,6,3,9,4,13,4,10,1,11,14$1.0
926$2,5,7,16,12,15,6,3,9,15,13,4,10,1,11,14$1.0
927$2,5,7,16,12,15,6,3,9,15,13,4,10,1,11,14$1.0
928$2,5,7,16,12,15,6,3,9,15,13,4,10,1,11,14$1.0
929$2,5,7,16,12,15,6,3,9,15,13,4,10,1,11,14$1.0
930$2,5,7,16,12,15,6,3,9,15,13,4,10,8,11,14$1.0
931$2,5,7,16,12,15,6,3,9,15,13,4,10,1,11,14$1.0
932$2,5,7,16,12,15,6,3,9,15,13,4,10,1,11,14$1.0
933$2,5,7,16,12,15,6,3,9,15,13,4,10,1,11,14$1.0
934$2,5,7,16,12,15,6,3,9,15,13,4,10,1,11,14$1.0
935$2,5,7,16,12,15,6,3,9,15,13,4,10,1,11,14$1.0
936$2,5,7,16,12,15,6,3,9,15,13,4,10,1,11,14$1.0
937$2,5,7,16,12,15,6,3,9,15,13,4,10,1,11,14$1.0
938$2,5,7,16,12,15,6,3,9,15,13,4,10,1,11,14$1.0
939$2,5,7,16,12,15,6,3,9,15,13,4,10,1,11,14$1.0
940$2,5,7,16,12,15,6,3,9,15,13,4,10,1,11,14$1.0
941$2,5,7,16,12,15,6,3,9,15,13,4,10,1,11,14$1.0
942$2,5,7,16,12,15,6,3,9,15,13,4,10,1,11,14$1.0
943$2,5,7,16,12,15,6,3,9,15,13,4,10,1,11,14$1.0
944$2,5,7,16,12,15,6,3,9,15,13,4,10,8,11,14$1.0
945$2,5,7,16,12,15,6,3,9,15,13,4,10,1,11,14$1.0
946$2,5,7,16,12,15,6,3,9,15,13,4,10,1,11,14$1.0
947$2,5,7,16,12,15,6,3,9,15,13,4,10,1,11,14$1.0
948$2,5,7,16,12,15,6,3,9,15,13,4,10,1,11,14$1.0
949$2,5,7,16,12,16,6,3,9,15,13,4,10,1,11,14$1.0
950$2,5,7,16,12,15,6,3,9,15,13,4,10,1,11,14$1.0
951$2,5,7,16,12,15,6,3,9,15,13,4,10,1,11,14$1.0
952$2,5,7,16,12,15,6,3,9,15,13,4,10,1,11,14$1.0
953$2,5,7,16,12,15,6,3,9,15,13,4,10,1,11,14$1.0
954$2,5,7,16,12,15,6,3,9,15,13,4,10,1,11,14$1.0
955$2,5,7,16,12,15,6,3,9,15,13,4,10,1,11,14$1.0
956$2,5,7,16,12,15,6,3,9,15,13,4,10,1,11,14$1.0
957$2,5,7,16,12,15,6,3,9,15,13,4,10,1,11,14$1.0
958$2,5,7,16,12,15,6,3,9,15,13,4,10,1,11,14$1.0
959$2,5,7,16,12,16,6,3,9,15,13,4,10,1,11,14$1.0
960$2,5,7,16,12,15,6,3,9,15,13,4,10,1,11,14$1.0
961$2,5,7,16,12,15,6,3,9,15,13,4,10,1,11,14$1.0
962$2,5,7,16,12,16,6,3,9,15,13,4,10,1,11,14$1.0
963$2,5,7,16,12,16,6,3,9,15,13,4,10,1,11,14$1.0
964$2,5,7,16,12,15,6,3,9,15,13,4,10,1,11,14$1.0
965$2,5,7,16,12,15,6,3,9,15,13,4,10,1,11,14$1.0
966$2,5,7,16,12,16,6,3,9,15,13,4,10,1,11,14$1.0
967$2,5,7,16,12,15,6,3,9,15,13,4,10,1,11,14$1.0
968$2,5,7,16,12,15,6,3,9,15,13,4,10,8,11,14$1.0
969$2,5,7,16,12,15,6,3,9,15,13,4,10,1,11,14$1.0
970$2,5,7,16,12,15,6,3,9,15,13,4,10,1,11,14$1.0
971$2,5,7,16,12,15,6,3,9,15,13,4,10,1,11,14$1.0
972$2,5,7,16,12,15,6,3,9,15,13,4,10,1,11,14$1.0
973$2,5,7,16,12,15,6,3,9,15,13,4,10,1,11,14$1.0
974$2,5,7,16,12,15,6,3,9,15,13,4,10,1,11,14$1.0
975$2,5,7,16,12,16,6,3,9,15,13,4,10,1,11,14$1.0
976$2,5,7,16,12,16,6,3,9,15,13,4,10,1,11,14$1.0
977$2,5,7,16,12,16,6,3,9,15,13,4,10,1,11,14$1.0
978$2,5,7,16,12,16,6,3,9,15,13,4,10,1,11,14$1.0
979$2,5,7,16,12,16,6,3,9,15,13,4,10,1,11,14$1.0
980$2,5,7,16,12,15,6,3,9,15,13,4,10,1,11,14$1.0
981$2,5,7,16,12,16,6,3,9,15,13,4,10,1,11,14$1.0
982$2,5,7,16,12,16,6,3,9,15,13,4,10,1,11,14$1.0
983$2,5,7,16,12,16,6,3,9,15,13,4,10,1,11,14$1.0
984$2,5,7,16,12,15,6,3,9,15,13,4,10,1,11,14$1.0
985$2,5,7,16,12,15,6,3,9,15,13,4,10,1,11,14$1.0
986$2,5,7,16,12,16,6,3,9,15,13,4,10,1,11,14$1.0
987$2,5,7,16,12,16,6,3,9,15,13,4,10,1,11,14$1.0
988$2,5,7,16,12,15,6,3,9,15,13,4,10,1,11,14$1.0
989$2,5,7,16,12,15,6,3,9,15,13,4,10,1,11,14$1.0
990$2,5,7,16,12,16,6,3,9,15,13,4,10,1,11,14$1.0
991$2,5,7,16,12,15,6,3,9,4,13,4,10,1,11,14$1.0
992$2,5,7,16,12,16,6,3,9,15,13,4,10,1,11,14$1.0
993$2,5,7,16,12,16,6,3,9,15,13,4,10,1,11,14$1.0
994$2,5,7,16,12,15,6,3,9,15,13,4,10,1,11,14$1.0
995$2,5,7,16,12,15,6,3,9,15,13,4,10,1,11,14$1.0
996$2,5,7,16,12,15,6,3,9,15,13,4,10,1,11,14$1.0
997$2,5,7,16,12,15,6,3,9,4,13,4,10,1,11,14$1.0
998$2,5,7,16,12,15,6,3,9,15,13,4,10,1,11,14$1.0
999$2,5,7,16,12,15,6,3,9,15,13,4,10,1,11,14$1.0
1000$2,5,7,16,12,15,6,3,9,4,13,4,10,1,11,14$1.0
1001$2,5,7,16,12,15,6,3,9,15,13,4,10,1,11,14$1.0
1002$2,5,7,16,12,15,6,3,9,15,13,4,10,1,11,14$1.0
1003$2,5,7,16,12,15,6,3,9,15,13,4,10,1,11,14$1.0
1004$2,5,7,16,12,15,6,3,9,15,13,4,10,1,11,14$1.0
1005$2,5,7,16,12,15,6,3,9,4,13,4,10,1,11,14$1.0
1006$2,5,7,16,12,15,6,3,9,15,13,4,10,1,11,14$1.0
1007$2,5,7,16,12,15,6,3,9,4,13,4,10,1,11,14$1.0
1008$2,5,7,16,12,15,6,3,9,15,13,4,10,1,11,14$1.0
1009$2,5,7,16,12,15,6,3,9,15,13,4,10,1,11,14$1.0
1010$2,5,7,16,12,15,6,3,9,4,13,4,10,1,11,14$1.0
1011$2,5,7,16,12,15,6,3,9,15,13,4,10,1,11,14$1.0
1012$2,5,7,16,12,15,6,3,9,4,13,4,10,1,11,14$1.0
1013$2,5,7,16,12,15,6,3,9,4,13,4,10,1,11,14$1.0
1014$2,5,7,16,12,15,6,3,9,15,13,4,10,1,11,14$1.0
1015$2,5,7,16,12,15,6,3,9,4,13,4,10,1,11,14$1.0
1016$2,5,7,16,12,15,6,3,9,15,13,4,10,1,11,14$1.0
1017$2,5,7,16,12,15,6,3,9,4,13,4,10,1,11,14$1.0
1018$2,5,7,16,12,15,6,3,9,4,13,4,10,1,11,14$1.0
1019$2,5,7,16,12,15,6,3,9,4,13,4,10,1,11,14$1.0
1020$2,5,7,16,12,16,6,3,9,15,13,4,10,1,11,14$1.0
1021$2,5,7,16,12,15,6,3,9,15,13,4,10,1,11,14$1.0
1022$2,5,7,16,12,15,6,3,9,15,13,4,10,1,11,14$1.0
1023$2,5,7,16,12,15,6,3,9,4,13,4,10,1,11,14$1.0
1024$2,5,7,16,12,16,6,3,9,15,13,4,10,1,11,14$1.0
1025$2,5,7,16,12,15,6,3,9,15,13,4,10,1,11,14$1.0
1026$2,5,7,16,12,16,6,3,9,15,13,4,10,1,11,14$1.0
1027$2,5,7,16,12,15,6,3,9,4,13,4,10,1,11,14$1.0
1028$2,5,7,16,12,15,6,3,9,15,13,4,10,1,11,14$1.0
1029$2,5,7,16,12,15,6,3,9,15,13,4,10,1,11,14$1.0
1030$2,5,7,16,12,15,6,3,9,4,13,4,10,1,11,14$1.0
1031$2,5,7,16,12,15,6,3,9,15,13,4,10,1,11,14$1.0
1032$2,5,7,16,12,15,6,3,9,15,13,4,10,1,11,14$1.0
1033$2,5,7,16,12,15,6,3,9,15,13,4,10,1,11,14$1.0
1034$2,5,7,16,12,15,6,3,9,15,13,4,10,1,11,14$1.0
1035$2,5,7,16,12,15,6,3,9,15,13,4,10,1,11,14$1.0
1036$2,5,7,16,12,15,6,3,9,15,13,4,10,1,11,14$1.0
1037$2,5,7,16,12,15,6,3,9,15,13,4,10,1,11,14$1.0
1038$2,5,7,16,12,15,6,3,9,15,13,4,10,1,11,14$1.0
1039$2,5,7,16,12,15,6,3,9,15,13,4,10,1,11,14$1.0
1040$2,5,7,16,12,15,6,3,9,15,13,4,10,1,11,14$1.0
1041$2,5,7,16,12,15,6,3,9,15,13,4,10,1,11,14$1.0
1042$2,5,7,16,12,15,6,3,9,15,13,4,10,1,11,14$1.0
1043$2,5,7,16,12,15,6,3,9,15,13,4,10,1,11,14$1.0
1044$2,5,7,16,12,15,6,3,9,15,13,4,10,1,11,14$1.0
1045$2,5,7,16,12,15,6,3,9,15,13,4,10,1,11,14$1.0
1046$2,5,7,16,12,15,6,3,9,15,13,4,10,1,11,14$1.0
1047$2,5,7,16,12,15,6,3,9,15,13,4,10,1,11,14$1.0
1048$2,5,7,16,12,15,6,3,9,15,13,4,10,1,11,14$1.0
1049$2,5,7,16,12,15,6,3,9,15,13,4,10,1,11,14$1.0
1050$2,5,7,16,12,15,6,3,9,15,13,4,10,1,11,14$1.0
1051$2,5,7,16,12,15,6,3,9,15,13,4,10,1,11,14$1.0
1052$2,5,7,16,12,15,6,3,9,15,13,4,10,1,11,14$1.0
1053$2,5,7,16,12,15,6,3,9,15,13,4,10,1,11,14$1.0
1054$2,5,7,16,12,15,6,3,9,15,13,4,10,1,11,14$1.0
1055$2,5,7,16,12,15,6,3,9,15,13,4,10,1,11,14$1.0
1056$2,5,7,16,12,15,6,3,9,15,13,4,10,1,11,14$1.0
1057$2,5,7,16,12,15,6,3,9,4,13,4,10,1,11,14$1.0
1058$2,5,7,16,12,15,6,3,9,15,13,4,10,1,11,14$1.0
1059$2,5,7,16,12,15,6,3,9,15,13,4,10,1,11,14$1.0
1060$2,5,7,16,12,15,6,3,9,15,13,4,10,1,11,14$1.0
1061$2,5,7,16,12,15,6,3,9,15,13,4,10,1,11,14$1.0
1062$2,5,7,16,12,15,6,3,9,15,13,4,10,1,11,14$1.0
1063$2,5,7,16,12,15,6,3,9,15,13,4,10,1,11,14$1.0
1064$2,5,7,16,12,15,6,3,9,15,13,4,10,1,11,14$1.0
1065$2,5,7,16,12,15,6,3,9,15,13,4,10,1,11,14$1.0
1066$2,5,7,16,12,15,6,3,9,15,13,4,10,1,11,14$1.0
1067$2,5,7,16,12,15,6,3,9,15,13,4,10,1,11,14$1.0
1068$2,5,7,16,12,15,6,3,9,15,13,4,10,1,11,14$1.0
1069$2,5,7,16,12,15,6,3,9,15,13,4,10,1,11,14$1.0
1070$2,5,7,16,12,15,6,3,9,15,13,4,10,1,11,14$1.0
1071$2,5,7,16,12,15,6,3,9,15,13,4,10,1,11,14$1.0
1072$2,5,7,16,12,15,6,3,9,15,13,4,10,1,11,14$1.0
1073$2,5,7,16,12,15,6,3,9,15,13,4,10,1,11,14$1.0
1074$2,5,7,16,12,15,6,3,9,15,13,4,10,1,11,14$1.0
1075$2,5,7,16,12,15,6,3,9,15,13,4,10,1,11,14$1.0
1076$2,5,7,16,12,15,6,3,9,15,13,4,10,1,11,14$1.0
1077$2,5,7,16,12,15,6,3,9,15,13,4,10,1,11,14$1.0
1078$2,5,7,16,12,15,6,3,9,15,13,4,10,1,11,14$1.0
1079$2,5,7,16,12,15,6,3,9,15,13,4,10,1,11,14$1.0
1080$2,5,7,16,12,15,6,3,9,15,13,4,10,1,11,14$1.0
1081$2,5,7,16,12,15,6,3,9,15,13,4,10,1,11,14$1.0
1082$2,5,7,16,12,15,6,3,9,15,13,4,10,1,11,14$1.0
1083$2,5,7,16,12,15,6,3,9,15,13,4,10,1,11,14$1.0
1084$2,5,7,16,12,15,6,3,9,15,13,4,10,1,11,14$1.0
1085$2,5,7,16,12,15,6,3,9,15,13,4,10,1,11,14$1.0
1086$2,5,7,16,12,15,6,3,9,15,13,4,10,1,11,14$1.0
1087$2,5,7,16,12,15,6,3,9,15,13,4,10,1,11,14$1.0
1088$2,5,7,16,12,15,6,3,9,15,13,4,10,1,11,14$1.0
1089$2,5,7,16,12,15,6,3,9,15,13,4,10,1,11,14$1.0
1090$2,5,7,16,12,15,6,3,9,15,13,4,10,1,11,14$1.0
1091$2,5,7,16,12,15,6,3,9,15,13,4,10,1,11,14$1.0
1092$2,5,7,16,12,15,6,3,9,15,13,4,10,1,11,14$1.0
1093$2,5,7,16,12,15,6,3,9,15,13,4,10,1,11,14$1.0
1094$2,5,7,16,12,15,6,3,9,15,13,4,10,1,11,14$1.0
1095$2,5,7,16,12,15,6,3,9,15,13,4,10,1,11,14$1.0
1096$2,5,7,16,12,15,6,3,9,15,13,4,10,8,11,14$1.0
1097$2,5,7,16,12,15,6,3,9,15,13,4,10,1,11,14$1.0
1098$2,5,7,16,12,15,6,3,9,15,13,4,10,1,11,14$1.0
1099$2,5,7,16,12,15,6,3,9,15,13,4,10,1,11,14$1.0
1100$2,5,7,16,12,15,6,3,9,15,13,4,10,1,11,14$1.0
1101$2,5,7,16,12,15,6,3,9,15,13,4,10,1,11,14$1.0
1102$2,5,7,16,12,15,6,3,9,15,13,4,10,1,11,14$1.0
1103$2,5,7,16,12,15,6,3,9,15,13,4,10,1,11,14$1.0
1104$2,5,7,16,12,15,6,3,9,15,13,4,10,1,11,14$1.0
1105$2,5,7,16,12,15,6,3,9,15,13,4,10,1,11,14$1.0
1106$2,5,7,16,12,15,6,3,9,15,13,4,10,1,11,14$1.0
1107$2,5,7,16,12,15,6,3,9,15,13,4,10,1,11,14$1.0
1108$2,5,7,16,12,15,6,3,9,15,13,4,10,1,11,14$1.0
1109$2,5,7,16,12,16,6,3,9,15,13,4,10,1,11,14$1.0
1110$2,5,7,16,12,15,6,3,9,15,13,4,10,1,11,14$1.0
1111$2,5,7,16,12,15,6,3,9,15,13,4,10,1,11,14$1.0
1112$2,5,7,16,12,15,6,3,9,15,13,4,10,1,11,14$1.0
1113$2,5,7,16,12,15,6,3,9,15,13,4,10,1,11,14$1.0
1114$2,5,7,16,12,15,6,3,9,15,13,4,10,1,11,14$1.0
1115$2,5,7,16,12,15,6,3,9,15,13,4,10,1,11,14$1.0
1116$2,5,7,16,12,15,6,3,9,15,13,4,10,1,11,14$1.0
1117$2,5,7,16,12,15,6,3,9,15,13,4,10,1,11,14$1.0
1118$2,5,7,16,12,15,6,3,9,15,13,4,10,1,11,14$1.0
1119$2,5,7,16,12,16,6,3,9,15,13,4,10,1,11,14$1.0
1120$2,5,7,16,12,15,6,3,9,15,13,4,10,1,11,14$1.0
1121$2,5,7,16,12,15,6,3,9,15,13,4,10,1,11,14$1.0
1122$2,5,7,16,12,15,6,3,9,15,13,4,10,1,11,14$1.0
1123$2,5,7,16,12,15,6,3,9,15,13,4,10,1,11,14$1.0
1124$2,5,7,16,12,15,6,3,9,15,13,4,10,1,11,14$1.0
1125$2,5,7,16,12,16,6,3,9,15,13,4,10,1,11,14$1.0
1126$2,5,7,16,12,15,6,3,9,15,13,4,10,1,11,14$1.0
1127$2,5,7,16,12,15,6,3,9,4,13,4,10,1,11,14$1.0
1128$2,5,7,16,12,15,6,3,9,15,13,4,10,1,11,14$1.0
1129$2,5,7,16,12,15,6,3,9,15,13,4,10,1,11,14$1.0
1130$2,5,7,16,12,15,6,3,9,15,13,4,10,1,11,14$1.0
1131$2,5,7,16,12,15,6,3,9,4,13,4,10,1,11,14$1.0
1132$2,5,7,16,12,15,6,3,9,4,13,4,10,1,11,14$1.0
1133$2,5,7,16,12,15,6,3,9,15,13,4,10,1,11,14$1.0
1134$2,5,7,16,12,15,6,3,9,15,13,4,10,1,11,14$1.0
1135$2,5,7,16,12,15,6,3,9,15,13,4,10,1,11,14$1.0
1136$2,5,7,16,12,15,6,3,9,15,13,4,10,1,11,14$1.0
1137$2,5,7,16,12,15,6,3,9,4,13,4,10,1,11,14$1.0
1138$2,5,7,16,12,15,6,3,9,15,13,4,10,1,11,14$1.0
1139$2,5,7,16,12,15,6,3,9,15,13,4,10,1,11,14$1.0
1140$2,5,7,16,12,15,6,3,9,4,13,4,10,1,11,14$1.0
1141$2,5,7,16,12,15,6,3,9,15,13,4,10,1,11,14$1.0
1142$2,5,7,16,12,15,6,3,9,4,13,4,10,1,11,14$1.0
1143$2,5,7,16,12,15,6,3,9,15,13,4,10,1,11,14$1.0
1144$2,5,7,16,12,15,6,3,9,15,13,4,10,1,11,14$1.0
1145$2,5,7,16,12,15,6,3,9,15,13,4,10,1,11,14$1.0
1146$2,5,7,16,12,15,6,3,9,15,13,4,10,1,11,14$1.0
1147$2,5,7,16,12,15,6,3,9,15,13,4,10,1,11,14$1.0
1148$2,5,7,16,12,15,6,3,9,4,13,4,10,1,11,14$1.0
1149$2,5,7,16,12,15,6,3,9,4,13,4,10,1,11,14$1.0
1150$2,5,7,16,12,15,6,3,9,15,13,4,10,1,11,14$1.0
1151$2,5,7,16,12,15,6,3,9,15,13,4,10,1,11,14$1.0
1152$2,5,7,16,12,15,6,3,9,15,13,4,10,1,11,14$1.0
1153$2,5,7,16,12,15,6,3,9,15,13,4,10,1,11,14$1.0
1154$2,5,7,16,12,15,6,3,9,4,13,4,10,1,11,14$1.0
1155$2,5,7,16,12,15,6,3,9,15,13,4,10,1,11,14$1.0
1156$2,5,7,16,12,15,6,3,9,15,13,4,10,8,11,14$1.0
1157$2,5,7,16,12,15,6,3,9,15,13,4,10,1,11,14$1.0
1158$2,5,7,16,12,15,6,3,9,15,13,4,10,1,11,14$1.0
1159$2,5,7,16,12,15,6,3,9,15,13,4,10,8,11,14$1.0
1160$2,5,7,16,12,15,6,3,9,4,13,4,10,1,11,14$1.0
1161$2,5,7,16,12,15,6,3,9,4,13,4,10,1,11,14$1.0
1162$2,5,7,16,12,15,6,3,9,15,13,4,10,8,11,14$1.0
1163$2,5,7,16,12,15,6,3,9,15,13,4,10,1,11,14$1.0
1164$2,5,7,16,12,15,6,3,9,15,13,4,10,1,11,14$1.0
1165$2,5,7,16,12,15,6,3,9,15,13,4,10,8,11,14$1.0
1166$2,5,7,16,12,15,6,3,9,15,13,4,10,8,11,14$1.0
1167$2,5,7,16,12,15,6,3,9,15,13,4,10,8,11,14$1.0
1168$2,5,7,16,12,15,6,3,9,15,13,4,10,1,11,14$1.0
1169$2,5,7,16,12,15,6,3,9,15,13,4,10,8,11,14$1.0
1170$2,5,7,16,12,15,6,3,9,15,13,4,10,1,11,14$1.0
1171$2,5,7,16,12,15,6,3,9,4,13,4,10,1,11,14$1.0
1172$2,5,7,16,12,15,6,3,9,15,13,4,10,1,11,14$1.0
1173$2,5,7,16,12,15,6,3,9,15,13,4,10,8,11,14$1.0
1174$2,5,7,16,12,15,6,3,9,15,13,4,10,1,11,14$1.0
1175$2,5,7,16,12,15,6,3,9,15,13,4,10,1,11,14$1.0
1176$2,5,7,16,12,15,6,3,9,15,13,4,10,1,11,14$1.0
1177$2,5,7,16,12,15,6,3,9,15,13,4,10,1,11,14$1.0
1178$2,5,7,16,12,15,6,3,9,15,13,4,10,1,11,14$1.0
1179$2,5,7,16,12,15,6,3,9,15,13,4,10,1,11,14$1.0
1180$2,5,7,16,12,15,6,3,9,15,13,4,10,1,11,14$1.0
1181$2,5,7,16,12,15,6,3,9,15,13,4,10,1,11,14$1.0
1182$2,5,7,16,12,16,6,3,9,15,13,4,10,1,11,14$1.0
1183$2,5,7,16,12,15,6,3,9,15,13,4,10,1,11,14$1.0
1184$2,5,7,16,12,15,6,3,9,15,13,4,10,8,11,14$1.0
1185$2,5,7,16,12,15,6,3,9,15,13,4,10,1,11,14$1.0
1186$2,5,7,16,12,15,6,3,9,15,13,4,10,1,11,14$1.0
1187$2,5,7,16,12,15,6,3,9,15,13,4,10,1,11,14$1.0
1188$2,5,7,16,12,15,6,3,9,15,13,4,10,1,11,14$1.0
1189$2,5,7,16,12,15,6,3,9,15,13,4,10,1,11,14$1.0
1190$2,5,7,16,12,15,6,3,9,15,13,4,10,8,11,14$1.0
1191$2,5,7,16,12,15,6,3,9,15,13,4,10,8,11,14$1.0
1192$2,5,7,16,12,15,6,3,9,15,13,4,10,8,11,14$1.0
1193$2,5,7,16,12,15,6,3,9,15,13,4,10,8,11,14$1.0
1194$2,5,7,16,12,15,6,3,9,15,13,4,10,8,11,14$1.0
1195$2,5,7,16,12,15,6,3,9,15,13,4,10,8,11,14$1.0
1196$2,5,7,16,12,15,6,3,9,15,13,4,10,1,11,14$1.0
1197$2,5,7,16,12,15,6,3,9,15,13,4,10,1,11,14$1.0
1198$2,5,7,16,12,15,6,3,9,15,13,4,10,1,11,14$1.0
1199$2,5,7,16,12,15,6,3,9,15,13,4,10,8,11,14$1.0
1200$2,5,7,16,12,15,6,3,9,15,13,4,1,8,11,14$1.0
1201$2,5,7,16,12,15,6,3,9,15,1,4,10,8,11,14$1.0
1202$2,5,7,16,12,15,6,3,9,15,13,4,10,8,11,14$1.0
1203$2,5,7,16,12,15,6,3,9,15,13,4,10,1,11,14$1.0
1204$2,5,7,16,12,15,6,3,9,15,13,4,10,1,11,14$1.0
1205$2,5,7,16,12,15,6,3,9,15,1,4,10,8,11,14$1.0
1206$2,5,7,16,12,3,6,3,9,15,13,4,1,8,11,14$1.0
1207$2,5,7,16,12,3,6,3,9,15,13,4,1,8,11,14$1.0
1208$2,5,7,16,12,3,6,3,9,15,13,4,1,8,11,14$1.0
1209$2,5,7,16,12,3,6,3,9,15,13,4,1,8,11,14$1.0
1210$2,5,7,16,12,15,6,3,9,15,13,4,1,8,11,14$1.0
1211$2,5,7,16,12,15,6,3,9,15,13,4,1,8,11,14$1.0
1212$2,5,7,16,12,15,6,3,9,15,13,4,10,8,11,14$1.0
1213$2,5,7,16,12,15,6,3,9,15,13,4,10,8,11,14$1.0
1214$2,5,7,16,12,15,6,1,9,15,13,4,10,8,11,14$1.0
1215$2,5,7,16,12,15,6,3,9,15,13,4,10,8,11,14$1.0
1216$2,5,7,16,12,15,6,3,9,15,13,4,10,8,11,14$1.0
1217$2,5,7,16,12,15,6,3,9,15,13,4,10,8,11,14$1.0
1218$2,5,7,16,12,15,6,1,9,15,13,3,10,8,11,14$1.0
1219$2,5,7,16,12,15,6,1,9,15,13,4,10,8,11,14$1.0
1220$2,5,7,16,12,15,6,3,9,15,13,4,10,8,11,14$1.0
1221$2,5,7,16,12,15,6,1,9,15,13,4,10,8,11,14$1.0
1222$2,5,7,16,12,15,6,1,9,15,13,4,10,8,11,14$1.0
1223$2,5,7,16,12,15,6,3,9,15,13,4,10,8,11,14$1.0
1224$2,5,7,16,12,15,6,1,9,15,13,4,10,8,11,14$1.0
1225$2,5,7,16,12,15,6,3,9,15,13,4,10,8,11,14$1.0
1226$2,5,7,16,12,15,6,3,9,15,13,4,10,1,11,14$1.0
1227$2,5,7,16,12,15,6,3,9,15,13,4,10,8,11,14$1.0
1228$2,5,7,16,12,15,6,3,9,15,13,4,10,8,11,14$1.0
1229$2,5,7,16,12,15,6,3,9,15,13,4,10,8,11,14$1.0
1230$2,5,7,16,12,15,6,3,9,15,13,4,10,8,11,14$1.0
1231$2,5,7,16,12,15,6,3,9,15,13,4,10,1,11,14$1.0
1232$2,5,7,16,12,15,6,3,9,15,13,4,10,8,11,14$1.0
1233$2,5,7,16,12,15,6,3,9,15,13,4,10,8,11,14$1.0
1234$2,5,7,16,12,15,6,3,9,15,13,4,10,8,11,14$1.0
1235$2,5,7,16,12,15,6,3,9,15,13,4,10,8,11,14$1.0
1236$2,5,7,16,12,15,6,3,9,15,13,4,10,8,11,14$1.0
1237$2,5,7,16,12,15,6,3,9,15,13,4,10,8,11,14$1.0
1238$2,5,7,16,12,15,6,3,9,15,13,4,10,8,11,14$1.0
1239$2,5,7,16,12,15,6,3,9,15,13,4,10,8,11,14$1.0
1240$2,5,7,16,12,15,6,3,9,15,1,4,10,8,11,14$1.0
1241$2,5,7,16,12,15,6,3,9,15,13,4,10,8,11,14$1.0
1242$2,5,7,16,12,15,6,3,9,15,13,4,10,8,11,14$1.0
1243$2,5,7,16,12,15,6,3,9,15,13,4,10,8,11,14$1.0
1244$2,5,7,16,12,15,6,3,9,15,1,4,10,8,11,14$1.0
1245$2,5,7,16,12,15,6,3,9,15,13,4,10,8,11,14$1.0
1246$2,5,7,16,12,15,6,3,9,15,13,4,10,8,11,14$1.0
1247$2,5,7,16,12,15,6,3,9,15,13,4,10,8,11,14$1.0
1248$2,5,7,16,12,15,6,3,9,15,13,4,10,8,11,14$1.0
1249$2,5,7,16,12,15,6,3,9,15,13,4,10,8,11,14$1.0
1250$2,5,7,16,12,15,6,3,9,15,13,4,10,8,11,14$1.0
1251$2,5,7,16,12,15,6,3,9,15,13,4,10,8,11,14$1.0
1252$2,5,7,16,12,15,6,3,9,15,13,4,10,8,11,14$1.0
1253$2,5,7,16,12,15,6,3,9,15,13,4,10,8,11,14$1.0
1254$2,5,7,16,12,15,6,3,9,15,1,4,10,8,11,14$1.0
1255$2,5,7,16,12,15,6,3,9,15,13,4,1,8,11,14$1.0
1256$2,5,7,16,12,15,6,3,9,15,1,4,10,8,11,14$1.0
1257$2,5,7,16,12,15,6,3,9,15,13,4,10,8,11,14$1.0
1258$2,5,7,16,12,15,6,3,9,15,13,4,10,8,11,14$1.0
1259$2,5,7,16,12,15,6,3,9,15,13,4,10,8,11,14$1.0
1260$2,5,7,16,12,15,6,3,9,15,13,4,1,8,11,14$1.0
1261$2,5,7,16,12,15,6,3,9,15,1,4,10,8,11,14$1.0
1262$2,5,7,16,12,15,6,3,9,15,13,4,1,8,11,14$1.0
1263$2,5,7,16,12,15,6,3,9,15,1,4,10,8,11,14$1.0
1264$2,5,7,16,12,15,6,3,9,15,13,4,1,8,11,14$1.0
1265$2,5,7,16,12,15,6,3,9,15,13,4,1,8,11,14$1.0
1266$2,5,7,16,12,15,6,3,9,15,13,4,1,8,11,14$1.0
1267$2,5,7,16,12,15,6,3,9,15,1,4,10,8,11,14$1.0
1268$2,5,7,16,12,15,6,3,9,15,1,4,10,8,11,14$1.0
1269$2,5,7,16,12,15,6,3,9,15,13,4,1,8,11,14$1.0
1270$2,5,7,16,12,15,6,3,9,15,13,4,1,8,11,14$1.0
1271$2,5,7,16,12,15,6,3,9,15,13,4,1,8,11,14$1.0
1272$2,5,7,16,12,15,6,3,9,15,13,4,10,8,11,14$1.0
1273$2,5,7,16,12,15,6,3,9,15,13,4,1,8,11,14$1.0
1274$2,5,7,16,12,15,6,3,9,15,13,4,1,8,11,14$1.0
1275$2,5,7,16,12,15,6,3,9,15,13,4,1,8,11,14$1.0
1276$2,5,7,16,12,15,6,3,9,15,13,4,10,8,11,14$1.0
1277$2,5,7,16,12,15,6,3,9,15,13,4,1,8,11,14$1.0
1278$2,5,7,16,12,15,6,3,9,15,13,4,10,8,11,14$1.0
1279$2,5,7,16,12,15,6,3,9,15,13,4,1,8,11,14$1.0
1280$2,5,7,16,12,15,6,3,9,15,13,4,10,8,11,14$1.0
1281$2,5,7,16,12,15,6,3,9,15,13,4,1,8,11,14$1.0
1282$2,5,7,16,12,15,6,3,9,15,13,4,1,8,11,14$1.0
1283$2,5,7,16,12,15,6,3,9,15,13,4,1,8,11,14$1.0
1284$2,5,7,16,12,15,6,3,9,15,13,4,10,8,11,14$1.0
1285$2,5,7,16,12,15,6,3,9,15,13,4,1,8,11,14$1.0
1286$2,5,7,16,12,15,6,3,9,15,13,4,10,8,11,14$1.0
1287$2,5,7,16,12,15,6,3,9,15,13,4,1,8,11,14$1.0
1288$2,5,7,16,12,15,6,3,9,15,13,4,10,8,11,14$1.0
1289$2,5,7,16,12,15,6,3,9,15,13,4,10,8,11,14$1.0
1290$2,5,7,16,12,15,6,3,9,15,13,4,10,8,11,14$1.0
1291$2,5,7,16,12,15,6,3,9,15,13,4,10,8,11,14$1.0
1292$2,5,7,16,12,15,6,3,9,15,13,4,10,8,11,14$1.0
1293$2,5,7,16,12,15,6,3,9,15,13,4,10,8,11,14$1.0
1294$2,5,7,16,12,15,6,3,9,15,13,4,1,8,11,14$1.0
1295$2,5,7,16,12,15,6,3,9,15,13,4,10,8,11,14$1.0
1296$2,5,7,16,12,15,6,3,9,15,13,4,10,8,11,14$1.0
1297$2,5,7,16,12,15,6,3,9,15,13,4,10,8,11,14$1.0
1298$2,5,7,16,12,15,6,3,9,15,13,4,10,8,11,14$1.0
1299$2,5,7,16,12,15,6,3,9,15,13,4,10,8,11,14$1.0
1300$2,5,7,16,12,15,6,3,9,15,13,4,10,8,11,14$1.0
1301$2,5,7,16,12,15,6,3,9,15,13,4,10,8,11,14$1.0
1302$2,5,7,16,12,15,6,3,9,15,13,4,10,8,11,14$1.0
1303$2,5,7,16,12,15,6,3,9,15,13,4,10,8,11,14$1.0
1304$2,5,7,16,12,15,6,3,9,15,13,4,10,8,11,14$1.0
1305$2,5,7,16,12,15,6,3,9,15,13,4,10,8,11,14$1.0
1306$2,5,7,16,12,15,6,3,9,15,13,4,10,8,11,14$1.0
1307$2,5,7,16,12,15,6,3,9,15,13,4,10,8,11,14$1.0
1308$2,5,7,16,12,15,6,3,9,15,13,4,10,8,11,14$1.0
1309$2,5,7,16,12,15,6,3,9,15,13,4,10,8,11,14$1.0
1310$2,5,7,16,12,15,6,3,9,15,13,4,10,8,11,14$1.0
1311$2,5,7,16,12,15,6,3,9,15,13,4,10,8,11,14$1.0
1312$2,5,7,16,12,15,6,3,9,15,13,4,10,8,11,14$1.0
1313$2,5,7,16,12,15,6,3,9,15,13,4,10,8,11,14$1.0
1314$2,5,7,16,12,15,6,3,9,15,13,4,10,8,11,14$1.0
1315$2,5,7,16,12,15,6,3,9,15,13,4,10,8,11,14$1.0
1316$2,5,7,16,12,15,6,3,9,15,13,4,10,8,11,14$1.0
1317$2,5,7,16,12,15,6,3,9,15,13,4,10,8,11,14$1.0
1318$2,5,7,16,12,15,6,3,9,15,13,4,10,8,11,14$1.0
1319$2,5,7,16,12,15,6,3,9,15,13,4,10,8,11,14$1.0
1320$2,5,7,16,12,15,6,3,9,15,13,4,10,8,11,14$1.0
1321$2,5,7,16,12,15,6,3,9,15,13,4,10,8,11,14$1.0
1322$2,5,7,16,12,15,6,3,9,15,13,4,10,8,11,14$1.0
1323$2,5,7,16,12,15,6,3,9,15,13,4,10,8,11,14$1.0
1324$2,5,7,16,12,15,6,3,9,15,13,4,10,8,11,14$1.0
1325$2,5,7,16,12,15,6,3,9,15,13,4,10,8,11,14$1.0
1326$2,5,7,16,12,15,6,3,9,15,13,4,10,8,11,14$1.0
1327$2,5,7,16,12,15,6,3,9,15,13,4,10,8,11,14$1.0
1328$2,5,7,16,12,15,6,3,9,15,13,4,10,8,11,14$1.0
1329$2,5,7,16,12,15,6,3,9,15,13,4,10,8,11,14$1.0
1330$2,5,7,16,12,15,6,3,9,15,13,4,10,8,11,14$1.0
1331$2,5,7,16,12,15,6,3,9,15,13,4,10,8,11,14$1.0
1332$2,5,7,16,12,15,6,3,9,15,13,4,10,8,11,14$1.0
1333$2,10,7,16,12,15,6,3,9,15,13,4,1,8,11,14$1.0
1334$2,5,7,16,12,15,6,3,9,15,13,4,10,8,11,14$1.0
1335$2,5,7,16,12,15,6,3,9,15,13,4,10,1,11,14$1.0
1336$2,5,7,16,12,15,6,3,9,15,13,4,10,8,11,14$1.0
1337$2,5,7,16,12,15,6,3,9,15,13,4,10,8,11,14$1.0
1338$2,5,7,16,12,15,6,3,9,15,13,4,10,8,11,14$1.0
1339$2,5,7,16,12,15,6,3,9,15,13,4,10,8,11,14$1.0
1340$2,5,7,16,12,15,6,3,9,15,13,4,10,8,11,14$1.0
1341$2,5,7,16,12,15,6,3,9,15,1,4,10,8,11,14$1.0
1342$2,5,7,16,12,15,6,3,9,15,1,4,10,8,11,14$1.0
1343$2,5,7,16,12,15,6,3,9,15,13,4,10,8,11,14$1.0
1344$2,5,7,16,12,15,6,3,9,15,13,4,10,8,11,14$1.0
1345$2,5,7,16,12,15,6,3,9,15,1,4,10,8,11,14$1.0
1346$2,5,7,16,12,15,6,3,9,15,13,4,10,8,11,14$1.0
1347$2,5,7,16,12,8,6,3,9,15,1,4,10,8,11,14$1.0
1348$2,5,7,16,12,15,6,3,9,15,13,4,10,8,11,14$1.0
1349$2,5,7,16,12,15,6,3,9,15,1,4,10,8,11,14$1.0
1350$2,5,7,16,12,15,6,3,9,15,1,4,10,8,11,14$1.0
1351$2,5,7,16,12,15,6,3,9,15,13,4,10,8,11,14$1.0
1352$2,5,7,16,12,15,6,3,9,15,13,4,10,8,11,14$1.0
1353$2,5,7,16,12,15,6,3,9,15,13,4,10,8,11,14$1.0
1354$2,5,7,16,12,15,6,3,9,15,1,4,10,8,11,14$1.0
1355$2,5,7,16,12,15,6,3,9,15,13,4,10,8,11,14$1.0
1356$2,5,7,16,12,15,6,3,9,15,1,4,10,8,11,14$1.0
1357$2,5,7,16,12,15,6,3,9,15,13,4,10,8,11,14$1.0
1358$2,5,7,16,12,15,6,3,9,15,1,4,10,8,11,14$1.0
1359$2,5,7,16,12,15,6,3,9,15,1,4,10,8,11,14$1.0
1360$2,5,7,16,12,15,6,3,9,15,1,4,10,8,11,14$1.0
1361$2,5,7,16,12,15,6,3,9,15,1,4,10,8,11,14$1.0
1362$2,5,7,16,12,15,6,3,9,15,1,4,10,8,11,14$1.0
1363$2,5,7,16,12,15,6,3,9,15,1,4,10,8,11,14$1.0
1364$2,5,7,16,12,15,6,3,9,15,1,4,10,8,11,14$1.0
1365$2,5,7,16,12,15,6,3,9,15,1,4,10,8,11,14$1.0
1366$2,5,7,16,12,15,6,3,9,15,1,4,10,8,11,14$1.0
1367$2,5,7,16,12,15,6,3,9,15,1,4,10,8,11,14$1.0
1368$2,5,7,16,12,15,6,3,9,15,1,4,10,8,11,14$1.0
1369$2,5,7,16,12,15,6,3,9,15,13,4,10,8,11,14$1.0
1370$2,5,7,16,12,15,6,3,9,15,1,4,10,8,11,14$1.0
1371$2,5,7,16,12,15,6,3,9,15,1,4,10,8,11,14$1.0
1372$2,5,7,16,12,15,6,3,9,15,1,4,10,8,11,14$1.0
1373$2,5,7,16,12,15,6,3,9,15,1,4,10,8,11,14$1.0
1374$2,5,7,16,12,15,6,3,9,15,1,4,10,8,11,14$1.0
1375$2,5,7,16,12,15,6,3,9,15,1,4,10,8,11,14$1.0
1376$2,5,7,16,12,15,6,3,9,15,1,4,10,8,11,14$1.0
1377$2,5,7,16,12,15,6,3,9,15,1,4,10,8,11,14$1.0
1378$2,5,7,16,12,15,6,3,9,15,1,4,10,8,11,14$1.0
1379$2,5,7,16,12,15,6,3,9,15,1,4,10,8,11,14$1.0
1380$2,5,7,16,12,15,6,3,9,15,1,4,10,8,11,14$1.0
1381$2,5,7,16,12,15,6,3,9,15,1,4,10,8,11,14$1.0
1382$2,5,7,16,12,15,6,3,9,15,1,4,10,8,11,14$1.0
1383$2,5,7,16,12,15,6,3,9,15,1,4,10,8,11,14$1.0
1384$2,5,7,16,12,15,6,3,9,15,1,4,10,8,11,14$1.0
1385$2,5,7,16,12,15,6,3,9,15,1,4,10,8,11,14$1.0
1386$2,5,7,16,12,15,6,3,9,15,1,4,10,8,11,14$1.0
1387$2,5,7,16,12,15,6,3,9,15,1,4,10,8,11,14$1.0
1388$2,5,7,16,12,15,6,3,9,15,1,4,10,8,11,14$1.0
1389$2,5,7,16,12,15,6,3,9,15,1,4,10,8,11,14$1.0
1390$2,5,7,16,12,15,6,3,9,15,1,4,10,8,11,14$1.0
1391$2,5,7,16,12,15,6,3,9,15,1,4,10,8,11,14$1.0
1392$2,5,7,16,12,15,6,3,9,15,1,4,10,8,11,14$1.0
1393$2,5,7,16,12,15,6,3,9,15,1,4,10,8,11,14$1.0
1394$2,5,7,16,12,15,6,3,9,15,1,4,10,8,11,14$1.0
1395$2,5,7,16,12,15,6,3,9,15,1,4,10,8,11,14$1.0
1396$2,5,7,16,12,15,6,3,9,15,1,4,10,8,11,14$1.0
1397$2,5,7,16,12,15,6,3,9,15,1,4,10,8,11,14$1.0
1398$2,5,7,16,12,15,6,3,9,15,1,4,10,8,11,14$1.0
1399$2,5,7,16,12,15,6,3,9,15,1,4,10,8,11,14$1.0
1400$2,5,7,16,12,15,6,3,9,15,1,4,10,8,11,14$1.0
1401$2,5,7,16,12,15,6,3,9,15,1,4,10,8,11,14$1.0
1402$2,5,7,16,12,15,6,3,9,15,1,4,10,8,11,14$1.0
1403$2,5,7,16,12,15,6,3,9,15,1,4,10,8,11,14$1.0
1404$2,5,7,16,12,15,6,3,9,15,1,4,10,8,11,14$1.0
1405$2,5,7,16,12,15,6,3,9,15,1,4,10,8,11,14$1.0
1406$2,5,7,16,12,15,6,3,9,15,13,4,10,8,11,14$1.0
1407$2,5,7,16,12,15,6,3,9,15,13,4,10,8,11,14$1.0
1408$2,5,7,16,12,15,6,3,9,15,13,4,10,8,11,14$1.0
1409$2,5,7,16,12,15,6,3,9,15,1,4,10,8,11,14$1.0
1410$2,5,7,16,12,15,6,3,9,15,13,4,10,8,11,14$1.0
1411$2,5,7,16,12,15,6,3,9,15,13,4,10,8,11,14$1.0
1412$2,13,7,16,12,15,6,3,9,15,1,4,10,8,11,14$1.0
1413$2,5,7,16,12,15,6,3,9,15,1,4,10,8,11,14$1.0
1414$2,5,7,16,12,15,6,3,9,15,1,4,10,8,11,14$1.0
1415$2,5,7,16,12,15,6,3,9,15,1,4,10,8,11,14$1.0
1416$2,5,7,16,12,15,6,3,9,15,1,4,10,8,11,14$1.0
1417$2,5,7,16,12,15,6,3,9,15,1,4,10,8,11,14$1.0
1418$2,5,7,16,12,15,6,3,9,15,13,4,10,8,11,14$1.0
1419$2,5,7,16,12,15,6,3,9,15,13,4,10,8,11,14$1.0
1420$2,5,7,16,12,15,6,3,9,15,13,4,10,8,11,14$1.0
1421$2,5,7,16,12,15,6,3,9,15,13,4,10,8,11,14$1.0
1422$2,5,7,16,12,15,6,3,9,15,13,4,10,8,11,14$1.0
1423$2,5,7,16,12,8,6,3,9,15,1,4,10,8,11,14$1.0
1424$2,5,7,16,12,15,6,3,9,15,1,4,10,8,11,14$1.0
1425$2,5,7,16,12,15,6,3,9,15,1,4,10,8,11,14$1.0
1426$2,5,7,16,12,15,6,3,9,15,1,4,10,8,11,14$1.0
1427$2,5,7,16,12,15,6,3,9,15,1,4,10,8,11,14$1.0
1428$2,13,7,16,12,15,6,3,9,15,1,4,10,8,11,14$1.0
1429$2,5,7,16,12,15,6,3,9,15,13,4,10,8,11,14$1.0
1430$2,5,7,16,12,15,6,3,9,15,13,4,10,8,11,14$1.0
1431$2,5,7,16,12,15,6,3,9,15,1,4,10,8,11,14$1.0
1432$2,5,7,16,12,15,6,3,9,15,1,4,10,8,11,14$1.0
1433$2,13,7,16,12,15,6,3,9,15,1,4,10,8,11,14$1.0
1434$2,5,7,16,12,15,6,3,9,15,1,4,10,8,11,14$1.0
1435$2,5,7,16,12,15,6,3,9,15,1,4,10,8,11,14$1.0
1436$2,5,7,16,12,15,6,3,9,15,1,4,10,8,11,14$1.0
1437$2,5,7,16,12,15,6,3,9,15,1,4,10,8,11,14$1.0
1438$2,5,7,16,12,15,6,3,9,15,1,4,10,8,11,14$1.0
1439$2,5,7,16,12,15,6,3,9,15,1,4,10,8,11,14$1.0
1440$2,5,7,16,12,8,6,3,9,15,1,4,10,8,11,14$1.0
1441$2,5,7,16,12,15,6,3,9,15,1,4,10,8,11,14$1.0
1442$2,5,7,16,12,8,6,3,9,15,1,4,10,8,11,14$1.0
1443$2,13,7,16,12,15,6,3,9,15,1,4,10,8,11,14$1.0
1444$2,5,7,16,12,8,6,3,9,15,1,4,10,8,11,14$1.0
1445$2,5,7,16,12,8,6,3,9,15,1,4,10,8,11,14$1.0
1446$2,5,7,16,12,8,6,3,9,15,1,4,10,8,11,14$1.0
1447$2,5,7,16,12,8,6,3,9,15,1,4,10,8,11,14$1.0
1448$2,5,7,16,12,8,6,3,9,15,1,4,10,8,11,14$1.0
1449$2,5,7,16,12,15,6,3,9,15,1,4,10,8,11,14$1.0
1450$2,5,7,16,12,8,6,3,9,15,1,4,10,8,11,14$1.0
1451$2,5,7,16,12,8,6,3,9,15,1,4,10,8,11,14$1.0
1452$2,5,7,16,12,8,6,3,9,15,1,4,10,8,11,14$1.0
1453$2,5,7,16,12,15,6,3,9,15,1,4,10,8,11,14$1.0
1454$2,5,7,16,12,15,6,3,9,15,1,4,10,8,11,14$1.0
1455$2,5,7,16,12,15,6,3,9,15,1,4,10,8,11,14$1.0
1456$2,5,7,16,12,8,6,3,9,15,1,4,10,8,11,14$1.0
1457$2,5,7,16,12,15,6,3,9,15,1,4,10,8,11,14$1.0
1458$2,5,7,16,12,8,6,3,9,15,1,4,10,8,11,14$1.0
1459$2,5,7,16,12,15,6,3,9,15,1,4,10,8,11,14$1.0
1460$2,5,7,16,12,8,6,3,9,15,1,4,10,8,11,14$1.0
1461$2,5,7,16,12,15,6,3,9,15,1,4,10,8,11,14$1.0
1462$2,5,7,16,12,8,6,3,9,15,1,4,10,8,11,14$1.0
1463$2,5,7,16,12,8,6,3,9,15,1,4,10,8,11,14$1.0
1464$2,5,7,16,12,8,6,3,9,15,1,4,10,8,11,14$1.0
1465$2,5,7,16,12,15,6,3,9,15,1,4,10,8,11,14$1.0
1466$2,5,7,16,12,8,6,3,9,15,1,4,10,8,11,14$1.0
1467$2,5,7,16,12,15,6,3,9,15,1,4,10,8,11,14$1.0
1468$2,5,7,16,12,8,6,3,9,15,1,4,10,8,11,14$1.0
1469$2,5,7,16,12,15,6,3,9,15,1,4,10,8,11,14$1.0
1470$2,5,7,16,12,8,6,3,9,15,1,4,10,8,11,14$1.0
1471$2,5,7,16,12,15,6,3,9,15,1,4,10,8,11,14$1.0
1472$2,5,7,16,12,15,6,3,9,15,1,4,10,8,11,14$1.0
1473$2,5,7,16,12,15,6,3,9,15,1,4,10,8,11,14$1.0
1474$2,5,7,16,12,8,6,3,9,15,1,4,10,8,11,14$1.0
1475$2,5,7,16,12,8,6,3,9,15,1,4,10,1,11,14$1.0
1476$2,5,7,16,12,8,6,3,9,15,1,4,10,8,11,14$1.0
1477$2,13,7,16,12,15,6,3,9,15,1,4,10,8,11,14$1.0
1478$2,13,7,16,12,8,6,3,9,15,1,4,10,8,11,14$1.0
1479$2,5,7,16,12,15,6,3,9,15,1,4,10,8,11,14$1.0
1480$2,13,7,16,12,8,6,3,9,15,1,4,10,8,11,14$1.0
1481$2,13,7,16,12,8,6,3,9,15,1,4,10,8,11,14$1.0
1482$2,13,7,16,12,8,6,3,9,15,1,4,10,8,11,14$1.0
1483$2,5,7,16,12,8,6,3,9,15,1,4,10,8,11,14$1.0
1484$2,5,7,16,12,8,6,3,9,15,1,4,10,1,11,14$1.0
1485$2,13,7,16,12,15,6,3,9,15,1,4,10,8,11,14$1.0
1486$2,5,7,16,12,15,6,3,9,15,1,4,10,8,11,14$1.0
1487$2,5,7,16,12,8,6,3,9,15,1,4,10,1,11,14$1.0
1488$2,13,7,16,12,15,6,3,9,15,1,4,10,8,11,14$1.0
1489$2,13,7,16,12,15,6,3,9,15,1,4,10,8,11,14$1.0
1490$2,13,7,16,12,15,6,3,9,15,1,4,10,8,11,14$1.0
1491$2,13,7,16,12,8,6,3,9,15,1,4,10,8,11,14$1.0
1492$2,13,7,16,12,15,6,3,9,15,1,4,10,8,11,14$1.0
1493$2,13,7,16,12,15,6,3,9,15,1,4,10,8,11,14$1.0
1494$2,13,7,16,12,15,6,3,9,15,1,4,10,8,11,14$1.0
1495$2,13,7,16,12,8,6,3,9,15,1,4,10,8,11,14$1.0
1496$2,13,7,16,12,15,6,3,9,15,1,4,10,8,11,14$1.0
1497$2,5,7,16,12,15,6,3,9,15,1,4,10,8,11,14$1.0
1498$2,13,7,16,12,15,6,3,9,15,1,4,10,8,11,14$1.0
1499$2,5,7,16,12,15,6,3,9,15,1,4,10,8,11,14$1.0
1500$2,13,7,16,12,15,6,3,9,15,1,4,10,8,11,14$1.0
1501$2,13,7,16,12,15,6,3,9,15,1,4,10,8,11,14$1.0
1502$2,13,7,16,12,15,6,3,9,15,1,4,10,8,11,14$1.0
1503$2,13,7,16,12,15,6,3,9,15,1,4,10,8,11,14$1.0
1504$2,13,7,16,12,15,6,3,9,15,1,4,10,8,11,14$1.0
1505$2,13,7,16,12,15,6,3,9,15,1,4,10,8,11,14$1.0
1506$2,13,7,16,12,15,6,3,9,15,1,4,10,8,11,14$1.0
1507$2,13,7,16,12,15,6,3,9,15,1,4,10,8,11,14$1.0
1508$2,13,7,16,12,15,6,3,9,15,1,4,10,8,11,14$1.0
1509$2,13,7,16,12,15,6,3,9,15,1,4,10,8,11,14$1.0
1510$2,13,7,16,12,15,6,3,9,15,1,4,10,8,11,14$1.0
1511$2,13,7,16,12,15,6,3,9,15,1,4,10,8,11,14$1.0
1512$2,13,7,16,12,15,6,3,9,15,1,4,10,8,11,14$1.0
1513$2,13,7,16,12,15,6,3,9,15,1,4,10,8,11,14$1.0
1514$2,13,7,16,12,15,6,3,9,15,1,4,10,8,11,14$1.0
1515$2,13,7,16,12,15,6,3,9,15,1,4,10,8,11,14$1.0
1516$2,13,7,16,12,15,6,3,9,15,1,4,10,8,11,14$1.0
1517$2,13,7,16,12,8,6,3,9,15,1,4,10,8,11,14$1.0
1518$2,13,7,16,12,8,6,3,9,15,1,4,10,8,11,14$1.0
1519$2,13,7,16,12,15,6,3,9,15,1,4,10,8,11,14$1.0
1520$2,13,7,16,12,8,6,3,9,15,1,4,10,8,11,14$1.0
1521$2,13,7,16,12,15,6,3,9,15,1,4,10,8,11,14$1.0
1522$2,13,7,16,12,15,6,3,9,15,1,4,10,8,11,14$1.0
1523$2,13,7,16,12,15,6,3,9,15,1,4,10,8,11,14$1.0
1524$2,13,7,16,12,15,6,3,9,15,1,4,10,8,11,14$1.0
1525$2,13,7,16,12,15,6,3,9,15,1,4,10,8,11,14$1.0
1526$2,13,7,16,12,8,6,3,9,15,1,4,10,8,11,14$1.0
1527$2,5,7,16,12,15,6,3,9,15,1,4,10,8,11,14$1.0
1528$2,5,7,16,12,15,6,3,9,15,1,4,10,8,11,14$1.0
1529$2,13,7,16,12,8,6,3,9,15,1,4,10,5,11,14$0.0
1529$2,13,7,16,12,8,6,3,9,15,1,4,10,5,11,14$0.0
