16
0$11,15,5,15,4,13,8,3,6,9,15,4,1,14,9,14$16.0
0$15,15,12,14,6,11,4,5,10,5,7,2,10,8,13,5$21.0
0$1,8,14,11,8,11,1,14,5,13,7,3,6,6,3,9$20.0
0$11,15,5,15,4,13,8,3,6,9,15,4,1,14,9,14$16.0
1$7,3,15,16,13,16,9,13,6,9,15,4,1,14,9,14$13.0
1$7,3,15,16,13,16,9,13,6,9,15,4,1,14,9,14$13.0
2$9,12,13,7,4,1,14,14,2,6,3,13,10,1,15,4$12.0
2$9,12,13,7,4,1,14,14,2,6,3,13,10,1,15,4$12.0
3$12,10,3,1,12,16,13,3,7,13,10,13,1,5,7,9$12.0
4$6,12,14,7,4,14,3,15,13,11,2,7,16,16,1,6$8.0
4$13,13,9,5,1,4,4,15,15,2,2,7,16,16,1,6$10.0
4$6,12,14,7,4,14,3,15,13,11,2,7,16,16,1,6$8.0
5$11,13,15,6,2,1,3,9,12,9,15,4,1,14,9,14$10.0
6$6,12,3,7,4,14,3,15,13,11,2,7,16,16,1,6$8.0
7$6,12,14,8,4,12,3,15,7,11,4,2,16,1,4,16$9.0
8$12,10,3,7,4,1,3,15,13,16,9,5,6,15,5,13$10.0
9$1,10,12,2,4,14,11,15,15,11,2,7,16,16,1,6$7.0
9$1,10,12,2,4,14,11,15,15,11,2,7,16,16,1,6$7.0
10$12,10,12,7,4,1,3,15,13,16,9,5,16,4,15,8$6.0
10$12,10,12,7,4,1,3,15,13,16,9,5,16,4,15,8$6.0
11$15,7,5,14,2,1,6,15,13,16,9,5,7,10,16,3$8.0
12$15,12,3,7,4,1,3,15,13,2,16,1,10,12,6,1$8.0
13$12,10,13,7,10,1,14,15,13,16,11,5,7,4,16,3$8.0
14$1,10,12,2,4,1,3,15,15,11,2,7,16,16,1,6$8.0
15$12,4,2,7,10,1,14,15,13,2,9,5,16,10,16,3$7.0
16$1,10,12,2,4,1,3,15,13,16,14,5,7,16,16,3$5.0
16$1,10,12,2,4,1,3,15,13,16,14,5,7,16,16,3$5.0
17$12,10,12,2,4,1,3,15,13,16,14,5,7,16,16,3$5.0
18$11,10,12,2,4,1,7,15,13,16,16,5,7,10,16,3$7.0
19$3,10,12,2,4,1,14,15,13,16,3,5,7,10,16,3$7.0
20$15,10,12,2,4,1,14,15,13,16,3,5,7,10,16,3$6.0
21$1,10,12,2,4,1,14,15,13,16,3,5,7,10,16,3$6.0
22$12,10,12,2,4,1,14,15,13,15,3,5,7,4,16,3$6.0
23$12,10,12,2,4,1,14,8,13,16,3,5,7,10,16,3$4.0
23$12,10,12,2,4,1,14,8,13,16,3,5,7,10,16,3$4.0
24$12,10,12,2,4,1,14,8,13,16,3,5,7,10,16,3$4.0
25$12,10,12,2,4,1,14,8,13,16,3,5,7,10,16,3$4.0
26$12,10,12,2,4,1,14,8,13,16,3,5,7,10,16,3$4.0
27$15,8,12,1,4,1,5,15,13,7,14,2,7,10,16,3$5.0
28$13,10,12,2,4,1,14,15,13,6,14,5,7,4,16,3$5.0
29$12,10,12,2,4,1,14,15,13,6,11,5,7,4,16,3$6.0
30$12,10,8,2,4,1,14,15,13,16,14,5,7,10,16,3$5.0
31$12,10,8,2,4,1,9,15,13,16,14,5,7,10,16,3$2.0
31$12,10,8,2,4,1,9,15,13,16,14,5,7,10,16,3$2.0
32$12,10,8,2,4,1,9,15,13,16,14,5,7,10,16,3$2.0
33$12,10,8,2,4,1,9,15,13,16,14,5,7,10,16,3$2.0
34$12,10,8,2,4,1,9,15,13,16,14,5,7,10,16,3$2.0
35$12,10,8,2,4,1,9,15,13,16,3,5,7,10,6,3$2.0
36$12,10,8,2,4,1,9,15,13,16,14,5,7,10,6,3$1.0
36$12,10,8,2,4,1,9,15,13,16,14,5,7,10,6,3$1.0
37$12,10,8,2,4,1,9,15,13,16,14,5,7,10,16,3$2.0
38$12,10,8,2,4,1,9,15,13,16,14,5,7,10,15,3$2.0
39$12,16,8,2,4,1,9,15,13,16,14,5,7,10,6,3$1.0
40$12,10,8,2,4,1,9,15,13,16,14,5,7,10,15,3$2.0
41$12,10,8,2,4,1,9,15,13,16,3,5,7,10,6,3$2.0
42$12,10,8,2,4,1,9,15,13,16,14,5,7,10,6,3$1.0
43$12,10,8,2,4,1,9,15,13,16,14,5,7,10,6,3$1.0
44$12,10,8,2,4,1,9,15,13,16,14,5,7,10,6,3$1.0
45$12,10,8,2,4,1,9,15,13,16,14,5,7,10,6,3$1.0
46$12,10,8,2,4,1,9,15,13,16,14,5,7,10,6,3$1.0
47$12,10,8,2,4,1,9,15,13,16,14,5,7,10,6,3$1.0
48$12,10,8,2,4,1,9,15,13,16,14,5,7,10,6,3$1.0
49$12,10,8,2,4,1,9,15,13,16,14,5,7,10,6,3$1.0
50$12,10,8,2,4,1,9,15,13,16,14,5,7,10,6,3$1.0
51$12,16,8,2,4,1,9,15,13,16,14,5,7,10,6,3$1.0
52$12,10,8,2,4,1,9,15,13,16,14,5,7,10,6,3$1.0
53$12,10,8,2,4,1,9,15,13,16,14,5,7,10,6,3$1.0
54$12,10,8,2,4,1,9,15,13,16,14,5,7,10,6,3$1.0
55$12,10,8,2,4,1,9,15,13,16,14,5,7,10,6,3$1.0
56$12,10,8,2,4,1,9,15,13,16,14,5,7,10,6,3$1.0
57$12,10,8,2,4,1,9,15,13,16,14,5,7,10,6,3$1.0
58$12,10,8,2,4,1,9,15,13,16,14,5,7,10,6,3$1.0
59$12,10,8,2,4,1,9,15,13,16,14,5,7,15,6,3$1.0
60$12,10,8,2,4,1,9,15,13,16,14,5,7,15,6,3$1.0
61$12,10,8,2,4,1,9,15,13,16,14,5,7,10,6,3$1.0
62$12,10,8,2,4,1,9,15,13,16,14,5,7,10,6,3$1.0
63$12,10,8,2,4,1,9,15,13,16,14,5,7,10,6,3$1.0
64$12,10,8,2,4,1,9,15,13,16,14,5,7,10,6,3$1.0
65$12,10,8,2,4,1,9,15,13,16,14,5,7,4,6,3$1.0
66$12,3,8,2,4,1,9,15,13,16,14,5,7,10,6,3$1.0
67$12,10,8,2,4,1,9,15,13,16,14,5,7,10,6,3$1.0
68$12,10,8,2,4,1,9,15,13,16,14,5,7,15,6,3$1.0
69$12,10,8,2,4,1,9,15,13,16,14,5,7,10,6,3$1.0
70$12,10,8,2,4,1,9,15,13,16,14,5,7,15,6,3$1.0
71$12,10,8,2,4,1,9,15,13,16,14,5,7,10,6,3$1.0
72$12,10,8,2,4,1,9,15,13,16,14,5,7,10,6,3$1.0
73$12,10,8,2,4,1,9,15,13,16,14,5,7,10,6,3$1.0
74$12,10,8,2,4,1,9,15,13,16,14,5,7,10,6,3$1.0
75$12,10,8,2,4,1,9,15,13,16,14,5,7,10,6,3$1.0
76$12,10,8,2,4,1,9,15,13,16,14,5,7,10,6,3$1.0
77$12,10,8,2,4,1,9,15,13,16,14,5,7,10,6,3$1.0
78$12,10,8,2,4,1,9,15,13,16,14,5,7,10,6,3$1.0
79$12,10,8,2,4,1,9,15,13,16,14,5,7,10,6,3$1.0
80$12,10,8,2,4,1,9,15,13,16,14,5,7,10,6,3$1.0
81$12,10,8,2,4,1,9,15,13,16,14,5,7,10,6,3$1.0
82$12,10,8,2,4,1,9,15,13,16,14,5,7,10,6,3$1.0
83$12,10,8,2,4,1,9,15,13,16,14,5,7,10,6,3$1.0
84$12,10,8,2,4,1,9,15,13,16,14,5,7,10,6,3$1.0
85$12,10,8,2,4,1,9,15,13,16,14,5,7,10,6,3$1.0
86$12,10,8,2,4,1,9,15,13,16,14,5,7,10,6,3$1.0
87$12,10,8,2,4,1,9,15,13,16,14,5,7,10,6,3$1.0
88$12,10,8,2,4,1,9,15,13,16,14,5,7,10,6,3$1.0
89$12,10,8,2,4,1,9,15,13,16,14,5,7,10,6,3$1.0
90$12,10,8,2,4,1,9,15,13,16,14,5,7,10,6,3$1.0
91$12,10,8,2,4,1,9,15,13,16,14,5,7,10,6,3$1.0
92$12,10,8,2,4,1,9,15,13,16,14,5,7,10,6,3$1.0
93$12,10,8,2,4,1,9,15,13,16,14,5,7,10,6,3$1.0
94$12,10,8,2,4,1,9,15,13,16,14,5,7,10,6,3$1.0
95$12,10,8,2,4,1,9,15,13,16,14,5,7,10,6,3$1.0
96$12,10,8,2,4,1,9,15,13,16,14,5,7,10,6,3$1.0
97$12,10,8,2,4,1,9,15,13,16,14,5,7,10,6,3$1.0
98$12,10,8,2,4,1,9,15,13,16,14,5,7,10,6,3$1.0
99$12,10,8,2,4,1,9,15,13,16,14,5,7,10,6,3$1.0
100$12,10,8,2,4,1,9,15,13,16,14,5,7,10,6,3$1.0
101$12,10,8,2,4,1,9,15,13,16,14,5,7,10,6,3$1.0
102$12,10,8,2,4,1,9,15,13,16,14,5,7,14,6,3$1.0
103$12,10,8,2,4,1,9,15,13,16,14,5,7,10,6,3$1.0
104$12,10,8,2,4,1,9,15,13,16,14,5,7,10,6,3$1.0
105$12,10,8,2,4,1,9,15,13,16,14,5,7,10,6,3$1.0
106$12,10,8,2,4,1,9,15,13,16,14,5,7,10,6,3$1.0
107$12,10,8,2,4,1,9,15,13,16,14,5,7,10,6,3$1.0
108$12,10,8,2,4,1,9,15,13,16,14,5,7,10,6,3$1.0
109$12,10,8,2,4,1,9,15,13,16,14,5,7,10,6,3$1.0
110$12,10,8,2,4,1,9,15,13,16,14,5,7,10,6,3$1.0
111$12,10,8,2,4,1,9,15,13,16,14,5,7,10,6,3$1.0
112$12,10,8,2,4,1,9,15,13,16,14,5,7,10,6,3$1.0
113$12,10,8,2,4,1,9,15,13,16,14,5,7,10,6,3$1.0
114$12,10,8,2,4,1,9,15,13,16,14,5,7,10,6,3$1.0
115$12,10,8,2,4,1,9,15,13,16,14,5,7,10,6,3$1.0
116$12,10,8,2,4,1,9,15,13,16,14,5,7,10,6,3$1.0
117$12,10,8,2,4,1,9,15,13,16,14,5,7,10,6,3$1.0
118$12,10,8,2,4,1,9,15,13,16,14,5,7,10,6,3$1.0
119$12,10,8,2,4,1,9,15,13,16,14,5,7,10,6,3$1.0
120$12,10,8,2,4,1,9,15,13,16,14,5,7,10,6,3$1.0
121$12,10,8,2,4,1,9,15,13,16,14,5,7,10,6,3$1.0
122$12,10,8,2,4,1,9,15,13,16,14,5,7,10,6,3$1.0
123$12,10,8,2,4,1,9,15,13,16,14,5,7,10,6,3$1.0
124$12,10,8,2,4,1,9,15,13,16,14,5,7,10,6,3$1.0
125$12,10,8,2,4,1,9,15,13,16,14,5,7,10,6,3$1.0
126$12,10,8,2,4,1,9,15,13,16,14,5,7,10,6,3$1.0
127$12,10,8,2,4,1,9,15,13,16,14,5,7,10,6,3$1.0
128$12,10,8,2,4,1,9,15,13,16,14,5,7,10,6,3$1.0
129$12,10,8,2,4,1,9,15,13,16,14,5,7,10,6,3$1.0
130$12,10,8,2,4,1,9,15,13,16,14,5,7,10,6,3$1.0
131$12,10,8,2,4,1,9,15,13,16,14,5,7,10,6,3$1.0
132$12,3,8,2,4,1,9,15,13,16,14,5,7,10,6,3$1.0
133$12,10,8,2,4,1,9,15,13,16,14,5,7,15,6,3$1.0
134$12,10,8,2,4,1,9,15,13,16,14,5,7,10,6,3$1.0
135$12,10,8,2,4,1,9,15,13,16,14,5,7,10,6,3$1.0
136$12,3,8,2,4,1,9,15,13,16,14,5,7,10,6,3$1.0
137$12,10,8,2,4,1,9,15,13,16,14,5,7,10,6,3$1.0
138$12,10,8,2,4,1,9,15,13,16,14,5,7,10,6,3$1.0
139$12,12,8,2,4,1,9,15,13,16,14,5,7,10,6,3$1.0
140$12,3,8,2,4,1,9,15,13,16,14,5,7,10,6,3$1.0
141$12,10,8,2,4,1,9,15,13,16,14,5,7,10,6,3$1.0
142$12,10,8,2,4,1,9,15,13,16,14,5,7,10,6,3$1.0
143$12,10,8,2,4,1,9,15,13,16,14,5,7,10,6,3$1.0
144$12,10,8,2,4,1,9,15,13,16,14,5,7,10,6,3$1.0
145$12,10,8,2,4,1,9,15,13,16,14,5,7,10,6,3$1.0
146$12,3,8,2,4,1,9,15,13,16,14,5,7,10,6,3$1.0
147$12,10,8,2,4,1,9,15,13,16,14,5,7,4,6,3$1.0
148$12,10,8,2,4,1,9,15,13,16,14,5,7,10,6,3$1.0
149$12,10,8,2,4,1,9,15,13,16,14,5,7,10,6,3$1.0
150$12,2,8,2,4,1,9,15,13,16,14,5,7,10,6,3$1.0
151$12,10,8,2,4,1,9,15,13,16,14,5,7,4,6,3$1.0
152$12,10,8,2,4,1,9,15,13,16,14,5,7,4,6,3$1.0
153$12,10,8,2,4,1,9,15,13,16,14,5,7,4,6,3$1.0
154$12,10,8,2,4,1,9,15,13,16,14,5,7,10,6,3$1.0
155$12,10,8,2,4,1,9,15,13,16,14,5,7,4,6,3$1.0
156$12,10,8,2,4,1,9,15,13,16,14,5,7,4,6,3$1.0
157$12,10,8,2,4,1,9,15,13,16,14,5,7,4,6,3$1.0
158$12,10,8,2,4,1,9,15,13,16,14,5,7,4,6,3$1.0
159$12,10,8,2,4,1,9,15,13,16,14,5,7,4,6,3$1.0
160$12,10,8,2,4,1,9,15,13,16,14,5,7,10,6,3$1.0
161$12,10,8,2,4,1,9,15,13,16,14,5,7,4,6,3$1.0
162$12,10,8,2,4,1,9,15,13,16,14,5,7,15,6,3$1.0
163$12,10,8,2,4,1,9,15,13,16,14,5,7,4,6,3$1.0
164$12,10,8,2,4,1,9,15,13,16,14,5,7,4,6,3$1.0
165$12,10,8,2,4,1,9,15,13,16,14,5,7,4,6,3$1.0
166$12,10,8,2,4,1,9,15,13,16,14,5,7,4,6,3$1.0
167$12,10,8,2,4,1,9,15,13,16,14,5,7,4,6,3$1.0
168$12,10,8,2,4,1,9,15,13,16,14,5,7,4,6,3$1.0
169$12,10,8,2,5,1,9,15,13,16,14,5,7,4,6,3$1.0
170$12,10,8,2,4,1,9,15,13,16,14,5,7,4,6,3$1.0
171$12,10,8,2,4,1,9,15,13,16,14,5,7,4,6,3$1.0
172$12,10,8,2,4,1,9,15,13,16,14,5,7,4,6,3$1.0
173$12,10,8,2,4,1,9,15,13,16,14,5,7,4,6,3$1.0
174$12,10,8,2,4,1,9,15,13,16,14,5,7,4,6,3$1.0
175$12,10,8,2,4,1,9,15,13,16,14,5,7,4,6,3$1.0
176$12,10,8,2,4,1,9,15,13,16,14,5,7,4,6,3$1.0
177$12,10,8,2,5,1,9,15,13,16,14,5,7,4,6,3$1.0
178$12,10,8,2,4,1,9,15,13,16,14,5,7,4,6,3$1.0
179$12,10,8,2,4,1,9,15,13,16,14,5,7,4,6,3$1.0
180$12,10,8,2,4,1,9,15,13,16,14,5,7,4,6,3$1.0
181$12,10,8,2,4,1,9,15,13,16,14,5,7,4,6,3$1.0
182$12,10,8,2,4,1,9,15,13,16,14,5,7,4,6,3$1.0
183$12,10,8,2,4,1,9,15,13,16,14,5,7,4,6,3$1.0
184$12,10,8,2,4,1,9,15,13,16,14,5,7,4,6,3$1.0
185$12,10,8,2,4,1,9,15,13,16,14,5,7,4,6,3$1.0
186$12,10,8,2,4,1,9,15,13,16,14,5,7,4,6,3$1.0
187$12,10,8,2,4,1,9,15,13,16,14,5,7,4,6,3$1.0
188$12,10,8,2,4,1,9,15,13,16,14,5,7,4,6,3$1.0
189$12,10,8,2,4,1,9,15,13,16,14,5,7,4,6,3$1.0
190$12,10,8,2,4,1,9,15,13,16,14,5,7,4,6,3$1.0
191$12,10,8,2,4,1,9,15,13,16,14,5,7,10,6,3$1.0
192$12,10,8,2,4,1,9,15,13,16,14,5,7,4,6,3$1.0
193$12,10,8,2,4,1,9,15,13,16,14,5,7,4,6,3$1.0
194$12,10,8,2,4,1,9,15,13,16,14,5,7,4,6,3$1.0
195$12,10,8,2,4,1,9,15,13,16,14,5,7,4,6,3$1.0
196$12,10,8,2,4,1,9,15,13,16,14,5,7,4,6,3$1.0
197$12,10,8,2,4,1,9,15,13,16,14,5,7,10,6,3$1.0
198$12,10,8,2,4,1,9,15,13,16,14,5,7,4,6,3$1.0
199$12,10,8,2,4,1,9,15,13,16,14,5,7,4,6,3$1.0
200$12,10,8,2,4,1,9,15,13,16,14,5,7,4,6,3$1.0
201$12,10,8,2,4,1,9,15,13,16,14,5,7,4,6,3$1.0
202$12,10,8,2,4,1,9,15,13,16,14,5,7,4,6,3$1.0
203$12,10,8,2,4,1,9,15,13,16,14,5,7,14,6,3$1.0
204$12,10,8,2,4,1,9,15,13,16,14,5,7,4,6,3$1.0
205$12,10,8,2,4,1,9,15,13,16,14,5,7,4,6,3$1.0
206$12,10,8,2,4,1,9,15,13,16,14,5,7,10,6,3$1.0
207$12,10,8,2,5,1,9,15,13,16,14,5,7,4,6,3$1.0
208$12,10,8,2,5,1,9,15,13,16,14,5,7,4,6,3$1.0
209$12,10,8,2,4,1,9,15,13,16,14,5,7,4,6,3$1.0
210$12,10,8,2,4,1,9,15,13,16,14,5,7,4,6,3$1.0
211$12,10,8,2,4,1,9,15,13,16,14,5,7,4,6,3$1.0
212$12,10,8,2,4,1,9,15,13,16,14,5,7,4,6,3$1.0
213$12,10,8,2,4,1,9,15,13,16,14,5,7,4,6,3$1.0
214$12,10,8,2,4,1,9,15,13,16,14,5,7,4,6,3$1.0
215$12,10,8,2,4,1,9,15,13,16,14,5,7,4,6,3$1.0
216$12,10,8,2,4,1,9,15,13,16,14,5,7,4,6,3$1.0
217$12,10,8,2,5,1,9,15,13,16,14,5,7,4,6,3$1.0
218$12,10,8,2,4,1,9,15,13,16,14,5,7,4,6,3$1.0
219$12,10,8,2,4,1,9,15,13,16,14,5,7,4,6,3$1.0
220$12,10,8,2,4,1,9,15,13,16,14,5,7,4,6,3$1.0
221$12,10,8,2,4,1,9,15,13,16,14,5,7,4,6,3$1.0
222$12,10,8,2,4,1,9,15,13,16,14,5,7,4,6,3$1.0
223$12,10,8,2,4,1,9,15,13,16,14,5,7,4,6,3$1.0
224$12,10,8,2,4,1,9,15,13,16,14,5,7,4,6,3$1.0
225$12,10,8,2,4,1,9,15,13,16,14,5,7,4,6,3$1.0
226$12,10,8,2,4,1,9,15,13,16,14,5,7,4,6,3$1.0
227$12,10,8,2,4,1,9,15,13,16,14,5,7,4,6,3$1.0
228$12,10,8,2,4,1,9,15,13,16,14,5,7,4,6,3$1.0
229$12,10,8,2,4,1,9,15,13,16,14,5,7,4,6,3$1.0
230$12,10,8,2,4,1,9,15,13,16,14,5,7,4,6,3$1.0
231$12,10,8,2,4,1,9,15,13,16,14,5,7,4,6,3$1.0
232$12,10,8,2,4,1,9,15,13,16,14,5,7,4,6,3$1.0
233$12,10,8,2,4,1,9,15,13,16,14,5,7,4,6,3$1.0
234$12,10,8,2,4,1,9,15,13,16,14,5,7,4,6,3$1.0
235$12,10,8,2,4,1,9,15,13,16,14,5,7,4,6,3$1.0
236$12,10,8,2,4,1,9,15,13,16,14,5,7,4,6,3$1.0
237$12,10,8,2,4,1,9,15,13,16,14,5,7,4,6,3$1.0
238$12,10,8,2,4,1,9,15,13,16,14,5,7,4,6,3$1.0
239$12,10,8,2,4,1,9,15,13,16,14,5,7,4,6,3$1.0
240$12,10,8,2,4,1,9,15,13,16,14,5,7,4,6,3$1.0
241$12,10,8,2,4,1,9,15,13,16,14,5,7,4,6,3$1.0
242$12,10,8,2,4,1,9,15,13,16,14,5,7,4,6,3$1.0
243$12,10,8,2,4,1,9,15,13,16,14,5,7,4,6,3$1.0
244$12,10,8,2,4,1,9,15,13,16,14,5,7,4,6,3$1.0
245$12,10,8,2,4,1,9,15,13,16,14,5,7,4,6,3$1.0
246$12,10,8,2,4,1,9,15,13,16,14,5,7,4,6,3$1.0
247$12,10,8,2,4,1,9,15,13,16,14,5,7,4,6,3$1.0
248$12,10,8,2,4,1,9,15,13,16,14,5,7,4,6,3$1.0
249$12,10,8,2,4,1,9,15,13,16,14,5,7,4,6,3$1.0
250$12,10,8,2,5,1,9,15,13,16,14,5,7,4,6,3$1.0
251$12,10,8,2,4,1,9,15,13,16,14,5,7,4,6,3$1.0
252$12,10,8,2,4,1,9,15,13,16,14,5,7,4,6,3$1.0
253$12,10,8,2,4,1,9,15,13,16,14,5,7,4,6,3$1.0
254$12,10,8,2,4,1,9,15,13,16,14,5,7,4,6,3$1.0
255$12,10,8,2,4,1,9,15,13,16,14,5,7,4,6,3$1.0
256$12,10,8,2,4,1,9,15,13,16,14,5,7,4,6,3$1.0
257$12,10,8,2,4,1,9,15,13,16,14,5,7,4,6,3$1.0
258$12,10,8,2,4,1,9,15,13,16,14,5,7,4,6,3$1.0
259$12,10,8,2,4,1,9,15,13,16,14,5,7,4,6,3$1.0
260$12,10,8,2,4,1,9,15,13,16,14,5,7,4,6,3$1.0
261$12,10,8,2,4,1,9,15,13,16,14,5,7,4,6,3$1.0
262$12,10,8,2,4,1,9,15,13,16,14,5,7,4,6,3$1.0
263$12,10,8,2,4,1,9,15,13,16,14,5,7,4,6,3$1.0
264$12,10,8,2,4,1,9,15,13,16,14,5,7,4,6,3$1.0
265$12,10,8,2,4,1,9,15,13,16,14,5,7,4,6,3$1.0
266$12,10,8,2,4,1,9,15,13,16,14,5,7,4,6,3$1.0
267$12,10,8,2,4,1,9,15,13,16,14,5,7,4,6,3$1.0
268$12,10,8,2,4,1,9,15,13,16,14,5,7,14,6,3$1.0
269$12,10,8,2,4,1,9,15,13,16,14,5,7,4,6,3$1.0
270$12,10,8,2,4,1,9,15,13,16,14,5,7,10,6,3$1.0
271$12,10,8,2,4,1,9,15,13,16,14,5,7,4,6,3$1.0
272$12,10,8,2,4,1,9,15,13,16,3,5,7,14,6,3$1.0
273$12,10,8,2,4,1,9,15,13,16,14,5,7,4,6,3$1.0
274$12,10,8,2,4,1,9,15,13,16,14,5,7,4,6,3$1.0
275$12,10,8,2,4,1,9,15,13,16,14,5,7,4,6,3$1.0
276$12,10,8,2,4,1,9,15,13,16,14,5,7,4,6,3$1.0
277$12,10,8,2,4,1,9,15,13,16,14,5,7,4,6,3$1.0
278$12,10,8,2,4,1,9,15,13,16,14,5,7,4,6,3$1.0
279$12,10,8,2,4,1,9,15,13,16,14,5,7,4,6,3$1.0
280$12,10,8,2,4,1,9,15,13,16,14,5,7,4,6,3$1.0
281$12,10,8,2,4,1,9,15,13,16,14,5,7,4,6,3$1.0
282$12,10,8,2,4,1,9,15,13,16,7,5,7,14,6,3$1.0
283$12,10,8,2,4,1,9,15,13,16,14,5,7,4,6,3$1.0
284$12,10,8,2,4,1,9,15,13,16,7,5,7,14,6,3$1.0
285$12,10,8,2,4,1,9,15,13,16,14,5,7,14,6,3$1.0
286$12,10,8,2,4,1,9,15,13,16,14,5,7,14,6,3$1.0
287$12,10,8,2,4,1,9,15,13,16,14,5,7,14,6,3$1.0
288$12,10,8,2,4,1,9,15,13,16,14,5,7,14,6,3$1.0
289$12,10,8,2,4,1,9,15,13,16,14,5,7,15,6,3$1.0
290$12,10,8,2,4,1,9,15,13,16,14,5,7,14,6,3$1.0
291$12,10,8,2,4,1,9,15,13,16,14,5,7,14,6,3$1.0
292$12,10,8,2,4,1,9,15,13,16,14,5,7,14,6,3$1.0
293$12,10,8,2,4,1,9,15,13,16,14,5,7,14,6,3$1.0
294$12,10,8,2,4,1,9,15,13,16,14,5,7,14,6,3$1.0
295$12,10,8,2,4,1,9,15,13,16,14,5,7,4,6,3$1.0
296$12,10,8,2,4,1,9,15,13,16,14,5,7,4,6,3$1.0
297$12,10,8,2,4,1,9,15,13,16,14,5,7,14,6,3$1.0
298$12,10,8,2,4,1,9,15,13,16,3,5,7,14,6,3$1.0
299$12,10,8,2,4,1,9,15,13,16,14,5,7,14,6,3$1.0
300$12,10,8,2,4,1,9,15,13,16,14,5,7,14,6,3$1.0
301$12,10,8,2,4,1,9,15,13,16,14,5,7,14,6,3$1.0
302$12,10,8,2,4,1,9,15,13,16,14,5,7,14,6,3$1.0
303$12,10,8,2,4,1,9,15,13,16,14,5,7,14,6,3$1.0
304$12,10,8,2,4,1,9,15,13,16,14,5,7,4,6,3$1.0
305$12,10,8,2,4,1,9,15,13,16,14,5,7,14,6,3$1.0
306$12,10,8,2,4,1,9,15,13,16,14,5,7,14,6,3$1.0
307$12,10,8,2,4,1,9,15,13,16,14,5,7,14,6,3$1.0
308$12,10,8,2,4,1,9,15,13,16,14,5,7,14,6,3$1.0
309$12,10,8,2,4,1,9,15,13,16,14,5,7,14,6,3$1.0
310$12,10,8,2,4,1,9,15,13,16,14,5,7,14,6,3$1.0
311$12,10,8,2,4,1,9,15,13,16,14,5,7,14,6,3$1.0
312$12,10,8,2,4,1,9,15,13,16,14,5,7,10,6,3$1.0
313$12,10,8,2,4,1,9,15,13,16,14,5,7,14,6,3$1.0
314$12,10,8,2,4,1,9,15,13,16,14,5,7,10,6,3$1.0
315$12,16,8,2,4,1,9,15,13,16,14,5,7,10,6,3$1.0
316$12,16,8,2,4,1,9,15,13,16,14,5,7,10,6,3$1.0
317$12,10,8,2,4,1,9,15,13,16,14,5,7,10,6,3$1.0
318$12,10,8,2,4,1,9,15,13,16,14,5,7,10,6,3$1.0
319$12,10,8,2,4,1,9,15,13,16,14,5,7,10,6,3$1.0
320$12,10,8,2,4,1,9,15,13,16,14,5,7,10,6,3$1.0
321$12,16,8,2,4,1,9,15,13,16,14,5,7,10,6,3$1.0
322$12,10,8,2,4,1,9,15,13,16,14,5,7,10,6,3$1.0
323$12,10,8,2,4,1,9,15,13,16,14,5,7,10,6,3$1.0
324$12,10,8,2,4,1,9,15,13,16,14,5,7,10,6,3$1.0
325$12,10,8,2,4,1,9,15,13,16,14,5,7,10,6,3$1.0
326$12,10,8,2,4,1,9,15,13,16,14,5,7,10,6,3$1.0
327$12,10,8,2,4,1,9,15,13,16,14,5,7,10,6,3$1.0
328$12,10,8,2,4,1,9,15,13,16,14,5,7,10,6,3$1.0
329$12,10,8,2,4,1,9,15,13,16,14,5,7,15,6,3$1.0
330$12,10,8,2,4,1,9,15,13,16,14,5,7,10,6,3$1.0
331$12,10,8,2,4,1,9,15,13,16,14,5,7,10,6,3$1.0
332$12,10,8,2,4,1,9,15,13,16,14,5,7,15,6,3$1.0
333$12,10,8,2,4,1,9,15,13,16,14,5,7,10,6,3$1.0
334$12,10,8,2,4,1,9,15,13,16,14,5,7,15,6,3$1.0
335$12,10,8,2,4,1,9,15,13,16,14,5,7,10,6,3$1.0
336$12,10,8,2,4,1,9,15,13,16,14,5,7,10,6,3$1.0
337$12,10,8,2,4,1,9,15,13,16,14,5,7,15,6,3$1.0
338$12,12,8,2,4,1,9,15,13,16,14,5,7,10,6,3$1.0
339$12,10,8,2,4,1,9,15,13,16,14,5,7,10,6,3$1.0
340$12,10,8,2,4,1,9,15,13,16,14,5,7,10,6,3$1.0
341$12,10,8,2,4,1,9,15,13,16,14,5,7,10,6,3$1.0
342$12,10,8,2,4,1,9,15,13,16,14,5,7,15,6,3$1.0
343$12,10,8,2,4,1,9,15,13,16,14,5,7,15,6,3$1.0
344$12,10,8,2,4,1,9,15,13,16,14,5,7,10,6,3$1.0
345$12,10,8,2,4,1,9,15,13,16,14,5,7,10,6,3$1.0
346$12,12,8,2,4,1,9,15,13,16,14,5,7,10,6,3$1.0
347$12,10,8,2,4,1,9,15,13,16,14,5,7,15,6,3$1.0
348$12,10,8,2,4,1,9,15,13,16,14,5,7,10,6,3$1.0
349$12,10,8,2,4,1,9,15,13,16,14,5,7,14,6,3$1.0
350$12,10,8,2,4,1,9,15,13,16,14,5,7,10,6,3$1.0
351$12,3,8,2,4,1,9,15,13,16,14,5,7,10,6,3$1.0
352$12,10,8,2,4,1,9,15,13,16,14,5,7,10,6,3$1.0
353$12,10,8,2,4,1,9,15,13,16,14,5,7,10,6,3$1.0
354$12,10,8,2,4,1,9,15,13,16,14,5,7,10,6,3$1.0
355$12,10,8,2,4,1,9,15,13,16,14,5,7,10,6,3$1.0
356$12,10,8,2,4,1,9,15,13,16,14,5,7,10,6,3$1.0
357$12,10,8,2,4,1,9,15,13,16,14,5,7,10,6,3$1.0
358$12,10,8,2,4,1,9,15,13,16,14,5,7,10,6,3$1.0
359$12,10,8,2,4,1,9,15,13,16,14,5,7,10,6,3$1.0
360$12,10,8,2,4,1,9,15,13,16,14,5,7,10,6,3$1.0
361$12,10,8,2,4,1,9,15,13,16,14,5,7,4,6,3$1.0
362$12,10,8,2,4,1,9,15,13,16,14,5,7,10,6,3$1.0
363$12,10,8,2,4,1,9,15,13,16,14,5,7,10,6,3$1.0
364$12,10,8,2,4,1,9,15,13,16,14,5,7,10,6,3$1.0
365$12,10,8,2,4,1,9,15,13,16,14,5,7,10,6,3$1.0
366$12,10,8,2,4,1,9,15,13,16,14,5,7,10,6,3$1.0
367$12,10,8,2,4,1,9,15,13,16,14,5,7,10,6,3$1.0
368$12,10,8,2,4,1,9,15,13,16,14,5,7,4,6,3$1.0
369$12,10,8,2,4,1,9,15,13,16,14,5,7,4,6,3$1.0
370$12,10,8,2,5,1,9,15,13,16,14,5,7,4,6,3$1.0
371$12,10,8,2,4,1,9,15,13,16,14,5,7,10,6,3$1.0
372$12,16,8,2,4,1,9,15,13,16,14,5,7,10,6,3$1.0
373$12,10,8,2,4,1,9,15,13,16,14,5,7,10,6,3$1.0
374$12,10,8,2,4,1,9,15,13,16,14,5,7,10,6,3$1.0
375$12,10,8,2,4,1,9,15,13,16,14,5,7,4,6,3$1.0
376$12,10,8,2,4,1,9,15,13,16,14,5,7,4,6,3$1.0
377$12,10,8,2,4,1,9,15,13,16,14,5,7,10,6,3$1.0
378$12,10,8,2,4,1,9,15,13,16,14,5,7,10,6,3$1.0
379$12,10,8,2,4,1,9,15,13,16,14,5,7,10,6,3$1.0
380$12,10,8,2,4,1,9,15,13,16,14,5,7,10,6,3$1.0
381$12,10,8,2,4,1,9,15,13,16,14,5,7,10,6,3$1.0
382$1,11,8,2,4,1,9,15,13,16,14,5,7,10,6,3$1.0
383$12,10,8,2,4,1,9,15,13,16,14,5,7,10,6,3$1.0
384$12,10,8,2,4,1,9,15,13,16,14,5,7,10,6,3$1.0
385$12,12,8,2,4,1,9,15,13,16,14,5,7,10,6,3$1.0
386$12,12,8,2,4,1,9,15,13,16,14,5,7,10,6,3$1.0
387$12,10,8,2,4,1,9,15,13,16,14,5,7,10,6,3$1.0
388$12,10,8,2,4,1,9,15,13,16,14,5,7,10,6,3$1.0
389$12,12,8,2,4,1,9,15,13,16,14,5,7,10,6,3$1.0
390$12,10,8,2,4,1,9,15,13,16,14,5,7,10,6,3$1.0
391$12,10,8,2,4,1,9,15,13,16,14,5,7,10,6,3$1.0
392$12,12,8,2,4,1,9,15,13,16,14,5,7,10,6,3$1.0
393$12,10,8,2,4,1,9,15,13,16,14,5,7,10,6,3$1.0
394$12,10,8,2,4,1,9,15,13,16,14,5,7,10,6,3$1.0
395$12,10,8,2,4,1,9,15,13,16,14,5,7,10,6,3$1.0
396$12,10,8,2,4,1,9,15,13,16,14,5,7,10,6,3$1.0
397$13,11,8,2,4,1,9,15,13,16,14,5,7,10,6,3$1.0
398$12,16,8,2,4,1,9,15,13,16,14,5,7,10,6,3$1.0
399$12,12,8,2,4,1,9,15,13,16,14,5,7,10,6,3$1.0
400$12,12,8,2,4,1,9,15,13,16,14,5,7,10,6,3$1.0
401$12,12,8,2,4,1,9,15,13,16,14,5,7,10,6,3$1.0
402$12,3,8,2,4,1,9,15,13,16,14,5,7,10,6,3$1.0
403$12,3,8,2,4,1,9,15,13,16,14,5,7,10,6,3$1.0
404$12,10,8,2,4,1,9,15,13,16,14,5,7,10,6,3$1.0
405$12,10,8,2,4,1,9,15,13,16,14,5,7,10,6,3$1.0
406$12,12,8,2,4,1,9,15,13,16,14,5,7,10,6,3$1.0
407$12,3,8,2,4,1,9,15,13,16,14,5,7,10,6,3$1.0
408$12,12,8,2,4,1,9,15,13,16,14,5,7,10,6,3$1.0
409$12,12,8,2,4,1,9,15,13,16,14,5,7,10,6,3$1.0
410$9,12,8,2,4,1,9,15,13,16,14,5,7,10,6,3$1.0
411$14,12,8,2,4,1,9,15,13,16,14,5,7,10,6,3$1.0
412$12,3,8,2,4,1,9,15,13,16,14,5,7,10,6,16$1.0
413$9,12,8,2,4,1,9,15,13,16,14,5,7,10,6,3$1.0
414$12,3,8,2,4,1,9,15,13,16,14,5,7,10,6,3$1.0
415$12,10,8,2,4,1,9,15,13,16,14,5,7,10,6,3$1.0
416$9,12,8,2,4,1,9,15,13,16,14,5,7,10,6,3$1.0
417$12,12,8,2,4,1,9,15,13,16,14,5,7,10,6,3$1.0
418$9,11,8,2,4,1,9,15,13,16,14,5,7,10,6,3$1.0
419$9,12,8,2,4,1,9,15,13,16,14,5,7,10,6,3$1.0
420$12,10,8,2,4,1,9,15,13,16,14,5,7,10,6,3$1.0
421$9,12,8,2,4,1,9,15,13,16,14,5,7,10,6,3$1.0
422$9,12,8,2,4,1,9,15,13,16,14,5,7,10,6,3$1.0
423$9,12,8,2,4,1,9,15,13,16,14,5,7,10,6,3$1.0
424$9,12,8,2,4,1,9,15,13,16,14,5,7,10,6,3$1.0
425$2,12,8,2,4,1,9,15,13,16,14,5,7,10,6,3$1.0
426$9,12,8,2,4,1,9,15,13,16,14,5,7,10,6,3$1.0
427$2,12,8,2,4,1,9,15,13,16,14,5,7,10,6,3$1.0
428$1,12,8,2,4,1,9,15,13,16,14,5,7,10,6,3$1.0
429$12,12,8,2,4,1,9,15,13,16,14,5,7,10,6,3$1.0
430$9,12,8,2,4,1,9,15,13,16,14,5,7,10,6,3$1.0
431$9,12,8,2,4,1,9,15,13,16,14,5,7,10,6,3$1.0
432$1,12,8,2,4,1,9,15,13,16,14,5,7,10,6,3$1.0
433$9,12,8,2,4,1,9,15,13,16,14,5,7,10,6,3$1.0
434$9,12,8,2,4,1,9,15,13,16,14,5,7,10,6,3$1.0
435$9,12,8,2,4,1,9,15,13,16,14,5,7,10,6,3$1.0
436$9,12,8,2,4,1,9,15,13,16,14,5,7,10,6,3$1.0
437$9,12,8,2,4,1,8,15,13,16,14,5,7,10,6,3$1.0
438$9,12,8,2,4,1,9,15,13,16,14,5,7,10,6,3$1.0
439$9,12,8,2,4,1,9,15,13,16,14,5,7,10,6,3$1.0
440$12,10,8,2,4,1,9,15,13,16,14,5,7,10,6,3$1.0
441$9,12,8,2,4,1,9,15,13,16,14,5,7,10,6,3$1.0
442$2,12,8,2,4,1,9,15,13,16,14,5,7,10,6,3$1.0
443$2,12,8,2,4,1,9,15,13,16,14,5,7,10,6,3$1.0
444$12,12,8,2,4,1,9,15,13,16,14,5,7,10,6,3$1.0
445$12,12,8,2,4,1,9,15,13,16,14,5,7,10,6,3$1.0
446$12,12,8,2,4,1,9,15,13,16,14,5,7,10,6,3$1.0
447$12,12,8,2,4,1,9,15,13,16,14,5,7,10,6,3$1.0
448$14,12,8,2,4,1,9,15,13,16,14,5,7,10,6,3$1.0
449$12,12,8,2,4,1,9,15,13,16,14,5,7,10,6,3$1.0
450$14,12,8,2,4,1,9,15,13,16,14,5,7,10,6,3$1.0
451$14,12,8,2,4,1,9,15,13,16,14,5,7,10,6,3$1.0
452$12,12,8,2,4,1,9,15,13,16,14,5,7,10,6,3$1.0
453$14,12,8,2,4,1,9,15,13,16,14,5,7,10,6,3$1.0
454$14,12,8,2,4,1,9,15,13,16,14,5,7,10,6,3$1.0
455$14,12,8,2,4,1,9,15,13,16,14,5,7,10,6,3$1.0
456$14,12,8,2,4,1,9,15,13,16,14,5,7,10,6,3$1.0
457$14,12,8,2,4,1,9,15,13,16,14,5,7,10,6,3$1.0
458$12,12,8,2,4,1,9,15,13,16,14,5,7,10,6,3$1.0
459$14,12,8,2,4,1,9,15,13,16,14,5,7,10,6,3$1.0
460$12,12,8,2,4,1,9,15,13,16,14,5,7,10,6,3$1.0
461$14,12,8,2,4,1,9,15,13,16,14,5,7,10,6,3$1.0
462$14,12,8,2,4,1,9,15,13,16,14,5,7,10,6,3$1.0
463$14,12,8,2,4,1,9,15,13,16,14,5,7,10,6,3$1.0
464$9,12,8,2,4,1,9,15,13,16,14,5,7,10,6,3$1.0
465$9,12,8,2,4,1,9,15,13,16,14,5,7,10,6,3$1.0
466$14,12,8,2,4,1,9,15,13,16,14,5,7,10,6,3$1.0
467$14,12,8,2,4,1,9,15,13,16,14,5,7,10,6,3$1.0
468$14,12,8,2,4,1,9,15,13,16,14,5,7,10,6,3$1.0
469$12,12,8,2,4,1,9,15,13,16,14,5,7,10,6,3$1.0
470$1,12,8,2,4,1,9,15,13,16,14,5,7,10,6,3$1.0
471$9,12,8,2,4,1,9,15,13,16,14,5,7,10,6,3$1.0
472$14,12,8,2,4,1,9,15,13,16,14,5,7,10,6,3$1.0
473$9,12,8,2,4,1,9,15,13,16,14,5,7,10,6,3$1.0
474$14,12,8,2,4,1,9,15,13,16,14,5,7,10,6,3$1.0
475$14,12,8,2,4,1,9,15,13,16,14,5,7,10,6,3$1.0
476$14,12,8,2,4,1,9,15,13,16,14,5,7,10,6,3$1.0
477$9,11,8,2,4,1,9,15,13,16,14,5,7,10,6,3$1.0
478$14,12,8,2,4,1,9,15,13,16,14,5,7,10,6,3$1.0
479$14,12,8,2,4,1,9,15,13,16,14,5,7,10,6,3$1.0
480$14,12,8,2,4,1,9,15,13,16,14,5,7,10,6,3$1.0
481$14,12,8,2,4,1,9,15,13,16,14,5,7,10,6,3$1.0
482$14,12,8,2,4,1,9,15,13,16,14,5,7,10,6,3$1.0
483$14,12,8,2,4,1,9,15,13,16,14,5,7,10,6,3$1.0
484$14,12,8,2,4,1,9,15,13,16,14,5,7,10,6,3$1.0
485$14,12,8,2,4,1,9,15,13,16,14,5,7,10,6,3$1.0
486$14,12,8,2,4,1,9,15,13,16,14,5,7,10,6,3$1.0
487$14,12,8,2,4,1,9,15,13,16,14,5,7,10,6,3$1.0
488$9,11,8,2,4,1,9,15,13,16,14,5,7,10,6,3$1.0
489$9,11,8,2,4,1,9,15,13,16,14,5,7,10,6,3$1.0
490$9,11,8,2,4,1,9,15,13,16,14,5,7,10,6,3$1.0
491$14,12,8,2,4,1,9,15,13,16,14,5,7,10,6,3$1.0
492$9,11,8,2,4,1,9,15,13,16,14,5,7,10,6,3$1.0
493$14,12,8,2,4,1,9,15,13,16,14,5,7,10,6,3$1.0
494$9,11,8,2,4,1,9,15,13,16,14,5,7,10,6,3$1.0
495$9,11,8,2,4,1,7,15,13,16,14,5,7,10,6,3$1.0
496$9,11,8,2,4,1,8,15,13,16,14,5,7,10,6,3$1.0
497$14,12,8,2,4,1,9,15,13,16,14,5,7,10,6,3$1.0
498$9,11,8,2,4,1,7,15,13,16,14,5,7,10,6,3$1.0
499$9,11,8,2,4,1,9,15,13,16,14,5,7,10,6,3$1.0
500$9,11,8,2,4,1,9,15,13,16,14,5,7,10,6,3$1.0
501$9,11,8,2,4,1,9,15,13,16,14,5,7,10,6,3$1.0
502$9,11,8,2,4,1,7,15,13,16,14,5,7,10,6,3$1.0
503$9,11,8,2,4,1,9,15,13,16,14,5,7,10,6,3$1.0
504$9,11,8,2,4,1,9,15,13,16,14,5,7,10,6,3$1.0
505$9,11,8,2,4,1,7,15,13,16,14,5,14,10,6,3$1.0
506$9,11,8,2,4,1,7,15,13,16,14,5,7,10,6,3$1.0
507$9,11,8,2,4,1,7,15,13,16,14,5,7,10,6,3$1.0
508$9,11,8,2,4,1,7,15,13,16,14,5,7,10,6,3$1.0
509$12,2,8,2,4,1,9,15,13,16,14,5,7,10,6,3$1.0
510$9,11,8,2,4,1,7,15,13,16,14,5,7,10,6,3$1.0
511$9,11,8,2,4,1,7,15,13,16,14,5,7,10,6,3$1.0
512$9,11,8,2,4,1,7,15,13,16,14,5,7,10,6,3$1.0
513$9,11,8,2,4,1,7,15,13,16,14,5,7,10,6,3$1.0
514$9,11,8,2,4,1,9,15,13,16,14,5,7,10,6,3$1.0
515$9,11,8,2,4,1,9,15,13,16,14,5,7,10,6,3$1.0
516$9,11,8,2,4,1,7,15,13,16,14,5,7,10,6,3$1.0
517$9,11,8,2,4,1,9,15,13,16,14,5,7,10,6,3$1.0
518$9,11,8,2,4,1,7,15,13,16,14,5,7,10,6,3$1.0
519$9,11,8,2,4,1,9,15,13,16,14,5,7,10,6,3$1.0
520$13,11,8,2,4,1,9,15,13,16,14,5,7,10,6,3$1.0
521$9,11,8,2,4,1,9,15,13,16,14,5,7,10,6,3$1.0
522$13,11,8,2,4,1,9,15,13,16,14,5,7,10,6,3$1.0
523$11,11,8,2,4,1,9,15,13,16,14,5,7,10,6,3$1.0
524$9,11,8,2,4,1,8,15,13,16,14,5,7,10,6,3$1.0
525$13,11,8,2,4,1,9,15,13,16,14,5,7,10,6,3$1.0
526$13,11,8,2,4,1,9,15,13,16,14,5,7,10,6,3$1.0
527$13,11,8,2,4,1,9,15,13,16,14,5,7,10,12,3$1.0
528$13,11,8,2,4,1,9,15,13,16,14,5,7,10,6,3$1.0
529$11,11,8,2,4,1,9,15,13,16,14,5,7,10,6,3$1.0
530$13,11,8,2,4,1,9,15,13,16,14,5,7,10,6,3$1.0
531$9,11,8,2,4,1,7,15,13,16,14,5,7,10,6,3$1.0
532$9,11,8,2,4,1,9,15,13,16,14,5,7,10,6,3$1.0
533$9,11,8,2,4,1,7,15,13,16,14,5,7,10,6,3$1.0
534$11,11,8,2,4,1,9,15,13,16,14,5,7,10,6,3$1.0
535$9,11,8,2,4,1,9,15,13,16,14,5,7,10,6,3$1.0
536$11,11,8,2,4,1,9,15,13,16,14,5,7,10,12,3$1.0
537$9,11,8,2,4,1,9,15,13,16,14,5,7,10,6,3$1.0
538$2,11,8,2,4,1,9,15,13,16,14,5,7,10,6,3$1.0
539$9,11,8,2,4,1,9,15,13,16,14,5,7,10,6,3$1.0
540$9,11,8,2,4,1,9,15,13,16,14,5,7,10,6,3$1.0
541$2,11,8,2,4,1,9,15,13,16,14,5,7,10,12,3$1.0
542$2,11,8,2,4,1,9,15,13,16,14,5,7,10,6,3$1.0
543$11,11,8,2,4,1,9,15,13,16,14,5,7,10,6,3$1.0
544$2,11,8,2,4,1,9,15,13,16,14,5,7,10,6,3$1.0
545$9,11,8,2,4,1,9,15,13,16,14,5,7,10,6,3$1.0
546$11,11,8,2,4,1,9,15,13,16,14,5,7,10,12,3$1.0
547$1,11,8,2,4,1,9,15,13,16,14,5,7,10,12,3$1.0
548$1,11,8,2,4,1,9,15,13,16,14,5,7,10,6,3$1.0
549$9,11,8,2,4,1,9,15,13,16,14,5,7,10,6,3$1.0
550$11,16,8,2,4,1,9,15,13,16,14,5,7,10,6,3$1.0
551$11,11,8,2,4,1,9,15,13,16,14,5,7,10,12,3$1.0
552$9,11,8,2,4,1,9,15,13,16,14,5,7,10,12,3$1.0
553$1,11,8,2,4,1,9,15,13,16,14,5,7,10,12,3$1.0
554$1,11,8,2,4,1,9,15,13,16,14,5,7,10,6,3$1.0
555$9,11,8,2,4,1,9,15,13,16,14,5,7,10,12,3$1.0
556$9,11,8,2,4,1,9,15,13,16,14,5,7,10,6,3$1.0
557$9,11,8,2,4,1,7,15,13,16,14,5,7,10,12,3$1.0
558$9,11,8,2,4,1,9,15,13,16,14,5,7,10,12,3$1.0
559$9,11,8,2,4,1,9,15,13,16,14,5,7,10,12,3$1.0
560$11,11,8,2,4,1,9,15,13,16,14,5,7,10,12,3$1.0
561$9,11,8,2,4,1,9,15,13,16,14,5,7,10,12,3$1.0
562$9,11,8,2,4,1,9,15,13,16,14,5,7,10,6,3$1.0
563$9,11,8,2,4,1,9,15,13,16,14,5,7,10,12,3$1.0
564$9,11,8,2,4,1,9,15,13,16,14,5,7,10,12,3$1.0
565$9,11,8,2,4,1,9,15,13,16,14,5,7,10,12,3$1.0
566$9,11,8,2,4,1,9,15,13,16,14,5,7,10,12,3$1.0
567$9,11,8,2,4,1,9,15,13,16,14,5,7,10,6,3$1.0
568$9,11,8,2,4,1,9,15,13,16,14,5,7,10,12,3$1.0
569$11,11,8,2,4,1,9,15,13,16,14,5,7,10,6,3$1.0
570$9,11,8,2,4,1,9,15,13,16,14,5,7,10,6,3$1.0
571$9,11,8,2,4,1,9,15,13,16,14,5,7,10,6,3$1.0
572$9,11,8,2,4,1,9,15,13,16,14,5,7,10,12,3$1.0
573$9,11,8,2,4,1,7,15,13,16,14,5,7,10,6,3$1.0
574$9,11,8,2,4,1,9,15,13,16,14,5,7,10,6,3$1.0
575$9,11,8,2,4,1,7,15,13,16,14,5,7,10,6,3$1.0
576$9,11,8,2,4,1,9,15,13,16,14,5,7,10,6,3$1.0
577$9,11,8,2,4,1,9,15,13,16,14,5,7,10,6,3$1.0
578$9,11,8,2,4,1,9,15,13,16,14,5,7,10,6,3$1.0
579$2,11,8,2,4,1,9,15,13,16,14,5,7,10,12,3$1.0
580$9,11,8,2,4,1,9,15,13,16,14,5,7,10,6,3$1.0
581$9,11,8,2,4,1,9,15,13,16,14,5,7,10,6,3$1.0
582$9,11,8,2,4,1,9,15,13,16,14,5,7,10,6,3$1.0
583$9,11,8,2,4,1,9,15,13,16,14,5,7,10,12,3$1.0
584$2,11,8,2,4,1,9,15,13,16,14,5,7,10,12,3$1.0
585$9,11,8,2,4,1,9,15,13,16,14,5,7,10,12,3$1.0
586$9,11,8,2,4,1,9,15,13,16,14,5,7,10,6,3$1.0
587$2,11,8,2,4,1,9,15,13,16,14,5,7,10,6,3$1.0
588$9,11,8,2,4,1,9,15,13,16,14,5,7,10,12,3$1.0
589$9,11,8,2,4,1,9,15,13,16,14,5,7,10,6,3$1.0
590$13,11,8,2,4,1,9,15,13,16,14,5,7,10,12,3$1.0
591$2,11,8,2,4,1,9,15,13,16,14,5,7,10,12,3$1.0
592$2,11,8,14,4,1,9,15,13,16,14,5,7,10,6,3$1.0
593$13,11,8,2,4,1,9,15,13,16,14,5,7,10,12,3$1.0
594$2,12,8,2,4,1,9,15,13,16,14,5,7,10,6,3$1.0
595$9,12,8,2,4,1,9,15,13,16,14,5,7,10,6,3$1.0
596$2,11,8,2,4,1,9,15,13,16,14,5,7,10,12,3$1.0
597$9,11,8,2,4,1,9,15,13,16,14,5,7,10,6,3$1.0
598$9,11,8,2,4,1,9,15,13,16,14,5,7,10,12,3$1.0
599$2,11,8,2,4,1,9,15,13,16,14,5,7,10,6,3$1.0
600$2,11,8,2,4,1,9,15,13,16,14,5,7,10,12,3$1.0
601$9,11,8,2,4,1,9,15,13,16,14,5,7,10,12,3$1.0
602$2,11,8,2,4,1,9,15,13,16,14,5,7,10,6,3$1.0
603$2,11,8,2,4,1,9,15,13,16,14,5,7,10,12,3$1.0
604$2,11,8,2,4,1,9,15,13,16,14,5,7,10,12,3$1.0
605$2,11,8,2,4,1,9,15,13,16,14,5,7,10,12,3$1.0
606$13,11,8,2,4,1,9,15,13,16,14,5,7,10,12,3$1.0
607$9,11,8,2,4,1,9,15,13,16,14,5,7,10,12,3$1.0
608$9,11,8,2,4,1,9,15,13,16,14,5,7,10,12,3$1.0
609$9,11,8,2,4,1,9,15,13,16,14,5,7,10,12,3$1.0
610$2,11,8,2,4,1,9,15,13,16,14,5,7,10,12,3$1.0
611$2,11,8,2,4,1,9,15,13,16,14,5,7,10,12,3$1.0
612$2,11,8,2,4,1,9,15,13,16,14,5,7,10,6,3$1.0
613$9,11,8,2,4,1,9,15,13,16,14,5,7,10,12,3$1.0
614$9,11,8,2,4,1,9,15,13,16,14,5,7,10,6,3$1.0
615$2,11,8,2,4,1,9,15,13,16,14,5,7,10,6,3$1.0
616$9,11,8,2,4,1,9,15,13,16,14,5,7,10,12,3$1.0
617$2,11,8,2,4,1,9,15,13,16,14,5,7,10,6,3$1.0
618$9,11,8,2,4,1,9,15,13,16,14,5,7,10,12,3$1.0
619$9,11,8,2,4,1,9,15,13,16,14,5,7,10,12,3$1.0
620$9,11,8,2,4,1,9,15,13,16,14,5,7,10,12,3$1.0
621$9,11,8,2,4,1,9,15,13,16,14,5,7,10,6,3$1.0
622$9,11,8,2,4,1,9,15,13,16,14,5,7,10,6,3$1.0
623$2,11,8,2,4,1,9,15,13,16,14,5,7,10,12,3$1.0
624$9,11,8,2,4,1,9,15,13,16,14,5,7,10,12,3$1.0
625$9,11,8,2,4,1,9,15,13,16,14,5,7,10,6,3$1.0
626$9,11,8,2,4,1,8,15,13,16,14,5,7,10,12,3$1.0
627$9,11,8,2,4,1,7,15,13,16,14,5,7,10,6,3$1.0
628$9,11,8,2,4,1,9,15,13,16,14,5,7,10,6,3$1.0
629$2,11,8,2,4,1,9,15,13,16,14,5,7,10,6,3$1.0
630$9,11,8,2,4,1,8,15,13,16,14,5,7,10,12,3$1.0
631$9,11,8,2,4,1,9,15,13,16,14,5,7,10,12,3$1.0
632$9,11,8,2,4,1,9,15,13,16,14,5,7,10,12,3$1.0
633$9,11,8,2,4,1,9,15,13,16,14,5,7,10,12,3$1.0
634$9,11,8,2,4,1,9,15,13,16,14,5,7,10,6,3$1.0
635$2,11,8,2,4,1,9,15,13,16,14,5,7,10,12,3$1.0
636$9,11,8,2,4,1,9,15,13,16,14,5,7,10,12,3$1.0
637$2,11,8,2,4,1,9,15,13,16,14,5,7,10,12,3$1.0
638$9,11,8,2,4,1,9,15,13,16,14,5,7,10,12,3$1.0
639$2,11,8,2,4,1,9,15,13,16,14,5,7,10,12,3$1.0
640$9,11,8,2,4,1,9,15,13,16,14,5,7,10,12,3$1.0
641$9,11,8,2,4,1,9,15,13,16,14,5,7,10,12,3$1.0
642$9,11,8,2,4,1,9,15,13,16,14,5,7,10,12,3$1.0
643$9,11,8,2,4,1,9,15,13,16,14,5,7,10,12,3$1.0
644$2,11,8,2,4,1,9,15,13,16,14,5,7,10,12,3$1.0
645$2,11,8,2,4,1,9,15,13,16,14,5,7,10,12,3$1.0
646$9,11,8,2,4,1,9,15,13,16,14,5,7,10,12,3$1.0
647$11,11,8,2,4,1,9,15,13,16,14,5,7,10,12,3$1.0
648$9,11,8,2,4,1,9,15,13,16,14,5,7,10,12,3$1.0
649$9,11,8,2,4,1,9,15,13,16,14,5,7,10,12,3$1.0
650$9,11,8,2,4,1,9,15,13,16,14,5,7,10,12,3$1.0
651$2,11,8,2,4,1,9,15,13,16,14,5,7,10,12,3$1.0
652$1,11,8,2,4,1,9,15,13,16,14,5,7,10,12,3$1.0
653$1,11,8,2,4,1,9,15,13,16,14,5,7,10,12,3$1.0
654$13,11,8,2,4,1,9,15,13,16,14,5,7,10,12,3$1.0
655$13,11,8,2,4,1,9,15,13,16,14,5,7,10,12,3$1.0
656$9,11,8,2,4,1,9,15,13,16,14,5,7,10,12,3$1.0
657$2,11,8,2,4,1,9,15,13,16,14,5,7,10,12,3$1.0
658$2,11,8,2,4,1,9,15,13,16,14,5,7,10,12,3$1.0
659$9,11,8,2,4,1,9,15,13,16,14,5,7,10,12,3$1.0
660$9,11,8,2,4,1,9,15,13,16,14,5,7,10,12,3$1.0
661$9,11,8,2,4,1,9,15,13,16,14,5,7,10,12,3$1.0
662$14,11,8,2,4,1,9,15,13,16,14,5,7,10,12,3$1.0
663$9,11,8,2,4,1,9,15,13,16,14,5,7,10,12,3$1.0
664$13,11,8,2,4,1,9,15,13,16,14,5,7,10,12,3$1.0
665$9,11,8,2,4,1,9,15,13,16,14,5,7,10,12,3$1.0
666$9,11,8,2,4,1,9,15,13,16,14,5,7,10,12,3$1.0
667$9,11,8,2,4,1,9,15,13,16,14,5,7,10,12,3$1.0
668$13,11,8,2,4,1,9,15,13,16,14,5,7,10,12,3$1.0
669$13,11,8,2,4,1,9,15,13,16,14,5,7,10,12,3$1.0
670$9,11,8,2,4,1,9,15,13,16,14,5,7,10,12,3$1.0
671$2,11,8,2,4,1,9,15,13,16,14,5,7,10,12,3$1.0
672$2,11,8,2,4,1,9,15,13,16,14,5,7,10,12,3$1.0
673$2,11,8,2,4,1,9,15,13,16,14,5,7,10,12,3$1.0
674$9,11,8,2,4,1,9,15,13,16,14,5,7,10,12,3$1.0
675$9,11,8,2,4,1,9,15,13,16,14,5,7,10,12,3$1.0
676$9,11,8,2,4,1,9,15,13,16,14,5,7,10,12,3$1.0
677$9,11,8,2,4,1,9,15,13,16,14,5,7,10,12,3$1.0
678$11,3,8,2,4,1,9,15,13,16,14,5,7,10,12,3$1.0
679$9,11,8,2,4,1,9,15,13,16,14,5,7,10,12,3$1.0
680$11,11,8,2,4,1,9,15,13,16,14,5,7,10,12,3$1.0
681$9,11,8,2,4,1,9,15,13,16,14,5,7,10,12,3$1.0
682$11,13,8,2,4,1,9,15,13,16,14,5,7,10,12,3$1.0
683$9,11,8,2,4,1,9,15,13,16,14,5,7,10,12,3$1.0
684$11,11,8,2,4,1,9,15,13,16,14,5,7,10,12,3$1.0
685$2,11,8,2,4,1,9,15,13,16,14,5,7,10,12,3$1.0
686$14,11,8,2,4,1,9,15,13,16,14,5,7,10,12,3$1.0
687$9,11,8,2,4,1,9,15,13,16,14,5,7,10,12,3$1.0
688$2,11,8,2,4,1,9,15,13,16,14,5,7,10,12,3$1.0
689$2,11,8,2,4,1,9,15,13,16,14,5,7,10,12,3$1.0
690$2,11,8,2,4,1,9,15,13,16,14,5,7,10,12,3$1.0
691$11,11,8,2,4,1,9,15,13,16,14,5,7,10,12,3$1.0
692$11,11,8,2,4,1,9,15,13,16,14,5,7,10,12,3$1.0
693$2,11,8,2,4,1,9,15,13,16,14,5,7,10,12,3$1.0
694$11,11,8,2,4,1,9,15,13,16,14,5,7,10,12,3$1.0
695$14,11,8,2,4,1,9,15,13,16,14,5,7,10,6,3$1.0
696$11,13,8,2,4,1,9,15,13,16,14,5,7,10,12,3$1.0
697$11,13,8,2,4,1,9,15,13,16,14,5,7,10,12,3$1.0
698$2,11,8,2,4,1,9,15,13,16,14,5,7,10,12,3$1.0
699$2,11,8,2,4,1,9,15,13,16,14,5,7,10,12,3$1.0
700$11,13,8,2,4,1,9,15,13,16,14,5,7,10,12,3$1.0
701$2,11,8,2,4,1,9,15,13,16,14,5,7,10,6,3$1.0
702$11,11,8,2,4,1,9,15,13,16,14,5,7,10,12,3$1.0
703$11,11,8,2,4,1,9,15,13,16,14,5,7,10,12,3$1.0
704$11,11,8,2,4,1,9,15,13,16,14,5,7,10,12,3$1.0
705$11,11,8,2,4,1,9,15,13,16,14,5,7,10,12,3$1.0
706$11,11,8,2,4,1,9,15,13,16,14,5,7,10,12,3$1.0
707$11,13,8,2,4,1,9,15,13,16,14,5,7,10,12,3$1.0
708$11,11,8,2,4,1,9,15,13,16,14,5,7,10,12,3$1.0
709$11,11,8,2,4,1,9,15,13,16,14,5,7,10,12,3$1.0
710$11,11,8,2,4,1,9,15,13,16,14,5,7,10,12,3$1.0
711$13,11,8,2,4,1,9,15,13,16,14,5,7,10,12,3$1.0
712$11,11,8,2,4,1,9,15,13,16,14,5,7,10,12,3$1.0
713$11,11,8,2,4,1,9,15,13,16,14,5,7,10,12,3$1.0
714$11,11,8,2,4,1,9,15,13,16,14,5,7,10,12,3$1.0
715$13,11,8,2,4,1,9,15,13,16,14,5,7,10,12,3$1.0
716$13,11,8,2,4,1,9,15,13,16,14,5,7,10,12,3$1.0
717$11,11,8,2,4,1,9,15,13,16,14,5,7,10,12,3$1.0
718$11,11,8,2,4,1,9,15,13,16,14,5,7,10,12,3$1.0
719$11,11,8,2,4,1,9,15,13,16,14,5,7,10,12,3$1.0
720$11,11,8,2,4,1,9,15,13,16,14,5,7,10,12,3$1.0
721$11,11,8,2,4,1,9,15,13,16,14,5,7,10,12,3$1.0
722$13,11,8,2,4,1,9,15,13,16,14,5,7,10,12,3$1.0
723$11,11,8,2,4,1,9,15,13,16,14,5,7,10,12,3$1.0
724$11,16,8,2,4,1,9,15,13,16,14,5,7,10,12,3$1.0
725$13,11,8,2,4,1,9,15,13,16,14,5,7,10,12,3$1.0
726$14,11,8,2,4,1,9,15,13,16,14,5,7,10,12,3$1.0
727$11,11,8,2,4,1,9,15,13,16,14,5,7,10,12,3$1.0
728$11,11,8,2,4,1,9,15,13,16,14,5,7,10,12,3$1.0
729$14,11,8,2,4,1,9,15,13,16,14,5,7,10,12,3$1.0
730$11,3,8,2,4,1,9,15,13,16,14,5,7,10,12,3$1.0
731$13,11,8,2,4,1,9,15,13,16,14,5,7,10,12,3$1.0
732$13,11,8,2,4,1,9,15,13,16,14,5,7,10,12,3$1.0
733$11,11,8,2,4,1,9,15,13,16,14,5,7,10,12,3$1.0
734$13,11,8,2,4,1,9,15,13,16,14,5,7,10,12,3$1.0
735$13,11,8,2,4,1,9,15,13,16,14,5,7,10,12,3$1.0
736$14,11,8,2,4,1,9,15,13,16,14,5,7,10,12,3$1.0
737$14,11,8,2,4,1,9,15,13,16,14,5,7,10,12,3$1.0
738$13,11,8,2,4,1,9,15,13,16,14,5,7,10,12,3$1.0
739$14,11,8,2,4,1,9,15,13,16,14,5,7,10,12,3$1.0
740$13,11,8,2,4,1,9,15,13,16,14,5,7,10,12,3$1.0
741$11,11,8,2,4,1,9,15,13,16,14,5,7,10,12,3$1.0
742$11,11,8,2,4,1,9,15,13,16,14,5,7,10,12,3$1.0
743$11,11,8,2,4,1,9,15,13,16,14,5,7,10,12,3$1.0
744$13,11,8,2,4,1,9,15,13,16,14,5,7,10,12,3$1.0
745$13,11,8,2,4,1,9,15,13,16,14,5,7,10,12,3$1.0
746$13,11,8,2,4,1,9,15,13,16,14,5,7,10,12,3$1.0
747$13,11,8,2,4,1,9,15,13,16,14,5,7,10,12,3$1.0
748$13,11,8,2,4,1,9,15,13,16,14,5,7,10,12,3$1.0
749$13,11,8,2,4,1,9,15,13,16,14,5,7,10,6,3$1.0
750$13,11,8,2,4,1,9,15,13,16,14,5,7,10,12,3$1.0
751$13,11,8,2,4,1,9,15,13,16,14,5,7,10,12,3$1.0
752$13,11,8,2,4,1,9,15,13,16,14,5,7,10,12,3$1.0
753$2,11,8,2,4,1,9,15,13,16,14,5,7,10,12,3$1.0
754$9,11,8,2,4,1,9,15,13,16,14,5,7,10,12,3$1.0
755$9,11,8,2,4,1,9,15,13,16,14,5,7,10,12,3$1.0
756$9,11,8,2,4,1,9,15,13,16,14,5,7,10,6,3$1.0
757$11,11,8,2,4,1,9,15,13,16,14,5,7,10,12,3$1.0
758$11,11,8,2,4,1,9,15,13,16,14,5,7,10,12,3$1.0
759$13,11,8,2,4,6,9,15,13,16,14,5,7,10,12,3$1.0
760$13,11,8,2,4,1,9,15,13,16,14,5,7,10,12,3$1.0
761$11,11,8,2,4,1,9,15,13,16,14,5,7,10,12,3$1.0
762$13,11,8,2,4,1,9,15,13,16,14,5,7,10,12,3$1.0
763$13,11,8,2,4,1,9,15,13,16,14,5,7,10,12,3$1.0
764$14,11,8,2,4,1,9,15,13,16,14,5,7,10,12,3$1.0
765$9,11,8,2,4,1,9,15,13,16,14,5,7,10,12,3$1.0
766$13,11,8,2,4,1,9,15,13,16,14,5,7,10,12,3$1.0
767$9,11,8,2,4,1,9,15,13,16,14,5,7,10,12,3$1.0
768$9,11,8,2,4,1,9,15,13,16,14,5,7,10,12,3$1.0
769$9,11,8,2,4,1,9,15,13,16,14,5,7,10,12,3$1.0
770$13,11,8,2,4,1,9,15,13,16,14,5,7,10,12,3$1.0
771$13,11,8,2,4,1,9,15,13,16,14,5,7,10,12,3$1.0
772$9,11,8,2,4,1,9,15,13,16,14,5,7,10,12,3$1.0
773$9,11,8,2,4,1,9,15,13,16,14,5,7,10,12,3$1.0
774$11,11,8,2,4,1,9,15,13,16,14,5,7,10,12,3$1.0
775$11,11,8,2,4,1,9,15,13,16,14,5,7,10,12,3$1.0
776$11,11,8,2,4,1,9,15,13,16,14,5,7,10,12,3$1.0
777$9,11,8,2,4,1,9,15,13,16,14,5,7,10,12,3$1.0
778$13,11,8,2,4,1,9,15,13,16,14,5,7,10,12,3$1.0
779$9,11,8,2,4,1,9,15,13,16,14,5,7,10,12,3$1.0
780$9,11,8,2,4,1,9,15,13,16,14,5,7,10,6,3$1.0
781$9,11,8,2,4,1,9,15,13,16,14,5,7,10,12,3$1.0
782$9,11,8,2,4,1,9,15,13,16,14,5,7,10,6,3$1.0
783$9,11,8,2,4,1,9,15,13,16,14,5,7,10,12,3$1.0
784$12,12,8,2,4,1,9,15,13,16,14,5,7,10,6,3$1.0
785$9,11,8,2,4,1,9,15,13,16,14,5,7,10,12,3$1.0
786$9,11,8,2,4,6,9,15,13,16,14,5,7,10,12,3$1.0
787$11,11,8,2,4,1,9,15,13,16,14,5,7,10,12,3$1.0
788$9,11,8,2,4,1,9,15,13,16,14,5,7,10,12,3$1.0
789$9,11,8,2,4,1,8,15,13,16,14,5,7,10,12,3$1.0
790$9,11,8,2,4,1,7,15,13,16,14,5,7,10,12,3$1.0
791$11,11,8,2,4,1,9,15,13,16,14,5,7,10,12,3$1.0
792$9,11,8,2,4,1,9,15,13,16,14,5,7,10,12,3$1.0
793$9,11,8,2,4,1,7,15,13,16,14,5,7,10,12,3$1.0
794$9,11,8,2,4,1,9,15,13,16,14,5,7,10,12,3$1.0
795$13,11,8,2,4,1,9,15,13,16,14,5,7,10,12,3$1.0
796$9,11,8,2,4,1,7,15,13,16,14,5,3,10,12,3$1.0
797$2,11,8,2,4,1,9,15,13,16,14,5,7,10,12,3$1.0
798$2,11,8,2,4,1,9,15,13,16,14,5,7,10,12,3$1.0
799$9,11,8,2,4,1,9,15,13,16,14,5,7,10,12,3$1.0
800$9,11,8,2,4,1,9,15,13,16,14,5,7,10,6,3$1.0
801$13,11,8,2,4,1,9,15,13,16,14,5,7,10,12,3$1.0
802$9,11,8,2,4,1,9,15,13,16,14,5,7,10,12,3$1.0
803$11,11,8,2,4,1,9,15,13,16,14,5,7,10,12,3$1.0
804$9,11,8,2,4,1,9,15,13,16,14,5,7,10,12,3$1.0
805$9,11,8,2,4,1,9,15,13,16,14,5,7,10,12,3$1.0
806$11,11,8,2,4,1,9,15,13,16,14,5,7,10,12,3$1.0
807$11,11,8,2,4,1,9,15,13,16,14,5,7,10,12,3$1.0
808$2,11,8,2,4,1,9,15,13,16,14,5,7,10,12,3$1.0
809$9,11,8,2,4,6,9,15,13,16,14,5,7,10,12,3$1.0
810$13,11,8,2,4,1,9,15,13,16,14,5,7,10,12,3$1.0
811$13,11,8,2,4,1,9,15,13,16,14,5,7,10,6,3$1.0
812$13,11,8,2,4,1,9,15,13,16,14,5,7,10,6,3$1.0
813$11,11,8,2,4,1,9,15,13,16,14,5,7,10,12,3$1.0
814$13,11,8,2,4,1,9,15,13,16,14,5,7,10,12,3$1.0
815$13,11,8,2,4,1,9,15,13,16,14,5,7,10,6,3$1.0
816$11,11,8,2,4,1,9,15,13,16,14,5,7,10,12,3$1.0
817$13,11,8,2,4,1,9,15,13,16,14,5,7,10,12,3$1.0
818$11,11,8,2,4,1,9,15,13,16,14,5,7,10,6,3$1.0
819$11,16,8,2,4,1,9,15,13,16,14,5,7,10,6,3$1.0
820$11,16,8,2,4,1,9,15,13,16,14,5,7,10,12,3$1.0
821$11,16,8,2,4,1,9,15,13,16,14,5,7,10,12,3$1.0
822$11,11,8,2,4,1,9,15,13,16,14,5,7,10,6,3$1.0
823$11,11,8,2,4,1,9,15,13,16,14,5,7,10,12,3$1.0
824$11,11,8,2,4,1,9,15,13,16,14,5,7,10,12,3$1.0
825$11,16,8,2,4,1,9,15,13,16,14,5,7,10,12,3$1.0
826$11,11,8,2,4,1,9,15,13,16,14,5,7,10,12,3$1.0
827$11,11,8,2,4,1,9,15,13,16,14,5,7,10,6,3$1.0
828$11,11,8,2,4,1,9,15,13,16,14,5,7,10,12,3$1.0
829$11,11,8,2,4,1,9,15,13,16,14,5,7,10,6,3$1.0
830$11,11,8,2,4,1,9,15,13,16,14,5,7,10,6,3$1.0
831$11,11,8,2,4,1,9,15,13,16,14,5,7,10,6,3$1.0
832$11,11,8,2,4,1,9,15,13,16,14,5,7,10,6,3$1.0
833$13,11,8,2,4,1,9,15,1,16,14,5,7,10,6,3$1.0
834$11,11,8,2,4,1,9,15,13,16,14,5,7,10,12,3$1.0
835$11,11,8,2,4,1,9,15,13,16,14,5,7,10,6,3$1.0
836$11,16,8,2,4,1,9,15,13,16,14,5,7,10,12,3$1.0
837$2,11,8,2,4,1,9,15,13,16,14,5,7,10,12,3$1.0
838$11,11,8,2,4,1,9,15,13,16,14,5,7,10,12,3$1.0
839$9,11,8,2,4,1,9,15,13,16,14,5,7,10,6,3$1.0
840$11,16,8,2,4,1,9,15,13,11,14,5,7,10,12,3$1.0
841$11,11,8,2,4,1,9,15,13,16,14,5,7,10,6,3$1.0
842$11,16,8,2,4,1,9,15,13,16,14,5,7,10,12,3$1.0
843$11,11,8,2,4,1,9,15,13,16,14,5,7,10,12,3$1.0
844$11,11,8,2,4,1,9,15,13,16,14,5,7,10,12,3$1.0
845$11,11,8,2,4,1,9,15,13,16,14,5,7,10,12,3$1.0
846$11,11,8,2,4,1,9,15,13,16,14,5,7,10,12,3$1.0
847$11,11,8,2,4,1,9,15,13,16,14,5,7,10,12,3$1.0
848$2,11,8,2,4,1,9,15,13,16,14,5,7,10,12,3$1.0
849$11,11,8,2,4,1,9,15,13,16,14,5,7,10,12,3$1.0
850$11,11,8,2,4,1,9,15,13,16,14,5,7,10,12,3$1.0
851$11,11,8,2,4,1,9,15,13,16,14,5,7,10,12,3$1.0
852$11,11,8,2,4,1,9,15,13,16,14,5,7,10,12,3$1.0
853$11,3,8,2,4,1,9,15,13,16,14,5,7,10,12,3$1.0
854$11,11,8,2,4,1,9,15,13,16,14,5,7,10,12,3$1.0
855$11,11,8,2,4,1,9,15,13,16,14,5,7,10,12,3$1.0
856$11,11,8,2,4,1,9,15,13,16,14,5,7,10,12,3$1.0
857$11,2,8,2,4,1,9,15,13,16,14,5,7,10,6,3$1.0
858$11,11,8,2,4,1,9,15,13,16,14,5,7,10,12,3$1.0
859$11,11,8,2,4,1,9,15,13,16,14,5,7,10,6,3$1.0
860$1,11,8,2,4,1,9,15,13,16,14,5,7,10,12,3$1.0
861$11,16,8,2,4,1,9,15,13,16,14,5,7,10,12,3$1.0
862$11,11,8,2,4,1,9,15,13,16,14,5,7,10,12,3$1.0
863$1,11,8,2,4,1,9,15,13,16,14,5,7,10,12,3$1.0
864$11,2,8,2,4,1,9,15,13,16,14,5,7,10,12,3$1.0
865$11,11,8,2,4,1,9,15,13,16,14,5,7,10,6,3$1.0
866$11,11,8,2,4,1,9,15,13,16,14,5,7,10,12,3$1.0
867$1,11,8,2,4,1,9,15,13,16,14,5,7,10,6,3$1.0
868$1,11,8,2,4,1,9,15,13,16,14,5,7,10,12,3$1.0
869$11,11,8,2,4,1,9,15,13,16,14,5,7,10,6,3$1.0
870$11,11,8,2,4,1,9,15,13,16,14,5,7,10,12,3$1.0
871$9,11,8,2,4,1,7,15,13,16,14,5,7,10,12,3$1.0
872$9,11,8,2,4,1,9,15,13,16,14,5,7,10,6,3$1.0
873$14,11,8,2,4,1,9,15,13,16,14,5,7,10,12,3$1.0
874$11,3,8,2,4,1,9,15,13,16,14,5,7,10,12,2$1.0
875$11,2,8,2,4,1,9,15,13,16,14,5,7,10,12,3$1.0
876$11,3,8,2,4,1,9,15,13,16,14,5,7,10,6,3$1.0
877$11,11,8,2,4,1,9,15,13,16,14,5,7,10,12,3$1.0
878$11,3,8,2,4,1,9,15,13,16,14,5,7,10,12,3$1.0
879$11,3,8,2,4,1,9,15,13,16,14,5,7,10,6,3$1.0
880$14,11,8,2,4,1,9,15,13,16,14,5,7,10,6,3$1.0
881$1,11,8,2,4,1,9,15,13,16,14,5,7,10,6,3$1.0
882$14,11,8,2,4,1,9,15,13,16,1,5,7,10,12,3$1.0
883$14,11,8,2,4,1,9,15,13,16,14,5,7,10,12,3$1.0
884$14,11,8,2,4,1,9,15,13,16,14,5,7,10,12,3$1.0
885$1,11,8,2,4,1,9,15,13,16,14,5,7,10,12,3$1.0
886$14,11,8,2,4,1,9,15,13,16,1,5,7,10,12,3$1.0
887$14,11,8,2,4,1,9,15,13,16,14,5,7,10,12,3$1.0
888$14,11,8,2,4,1,9,15,13,16,14,5,7,10,12,3$1.0
889$14,11,8,2,4,1,9,15,13,16,14,5,7,10,12,3$1.0
890$2,11,8,2,4,1,9,15,13,16,14,5,7,10,12,3$1.0
891$14,11,8,2,4,1,9,15,13,16,14,5,7,10,12,3$1.0
892$1,11,8,2,4,1,9,15,13,16,14,5,7,10,12,3$1.0
893$1,11,8,2,4,1,9,15,13,16,14,5,7,10,12,3$1.0
894$14,11,8,2,4,1,9,15,13,16,14,5,7,10,6,3$1.0
895$2,11,8,2,4,1,9,15,13,16,14,5,7,10,12,3$1.0
896$2,11,8,2,4,1,9,15,13,16,14,5,7,10,12,3$1.0
897$1,11,8,2,4,1,9,15,13,16,14,5,7,10,12,3$1.0
898$1,11,8,2,4,1,9,15,13,16,14,5,7,10,12,3$1.0
899$1,11,8,2,4,1,9,15,13,16,14,5,7,10,12,3$1.0
900$1,11,8,2,4,1,9,15,13,16,14,5,7,10,12,3$1.0
901$9,11,8,2,4,1,9,15,13,16,14,5,7,10,12,3$1.0
902$14,11,8,2,4,1,9,15,13,16,14,5,7,10,12,3$1.0
903$14,11,8,2,4,1,9,15,13,16,14,5,7,10,12,3$1.0
904$1,11,8,2,4,1,9,15,13,16,14,5,7,10,6,3$1.0
905$14,11,8,2,4,6,9,15,13,16,14,5,7,10,12,3$1.0
906$1,11,8,2,4,1,9,15,13,16,14,5,7,10,12,3$1.0
907$2,11,8,2,4,1,9,15,13,16,14,5,7,10,12,3$1.0
908$2,11,8,2,4,1,9,15,13,16,14,5,7,10,12,3$1.0
909$1,11,8,2,4,1,9,15,13,16,14,5,7,10,12,3$1.0
910$14,11,8,2,4,1,9,15,13,16,14,5,7,10,12,3$1.0
911$14,11,8,2,4,1,9,15,13,16,14,5,7,10,12,3$1.0
912$14,11,8,2,4,1,9,15,13,16,14,5,7,10,12,3$1.0
913$1,11,8,2,4,1,9,15,13,16,14,5,7,10,12,3$1.0
914$1,11,8,2,4,1,9,15,13,16,14,5,7,10,12,3$1.0
915$14,11,8,2,4,1,9,15,13,16,14,5,7,10,12,3$1.0
916$13,11,8,2,4,1,9,15,13,16,14,5,7,10,12,3$1.0
917$13,11,8,2,4,1,9,15,13,16,14,5,7,10,12,3$1.0
918$14,11,8,2,4,1,9,15,13,16,14,5,7,10,12,3$1.0
919$13,11,8,2,4,1,9,15,13,16,14,5,7,10,12,3$1.0
920$14,11,8,2,4,1,9,15,13,16,14,5,7,10,12,3$1.0
921$1,11,8,2,4,1,9,15,13,16,14,5,7,10,12,3$1.0
922$13,11,8,2,4,1,9,15,13,16,14,5,7,10,12,3$1.0
923$13,11,8,2,4,1,9,15,13,16,14,5,7,10,12,3$1.0
924$2,11,8,2,4,1,9,15,13,16,14,5,7,10,12,3$1.0
925$1,11,8,2,4,1,9,15,13,16,14,5,7,10,12,3$1.0
926$2,11,8,2,4,1,9,15,13,16,14,5,7,10,12,3$1.0
927$2,11,8,2,4,1,9,15,13,16,14,5,7,10,12,3$1.0
928$14,11,8,2,4,1,9,15,13,16,14,5,7,10,12,3$1.0
929$2,11,8,2,4,1,9,15,13,16,14,5,7,10,12,3$1.0
930$2,11,8,2,4,1,9,15,13,16,14,5,7,10,12,3$1.0
931$14,11,8,2,4,1,9,15,13,16,14,5,7,10,12,3$1.0
932$2,11,8,2,4,1,9,15,13,16,14,5,7,10,12,3$1.0
933$14,11,8,2,4,1,9,15,13,16,14,5,7,10,12,3$1.0
934$14,11,8,2,4,1,9,15,13,16,14,5,7,10,12,3$1.0
935$2,11,8,2,4,1,9,15,13,16,14,5,7,10,12,3$1.0
936$14,11,8,2,4,1,9,15,13,16,14,5,7,10,12,3$1.0
937$14,11,8,2,4,1,9,15,13,16,14,5,7,10,12,3$1.0
938$14,11,8,2,4,1,9,15,13,16,14,5,7,10,12,3$1.0
939$14,11,8,2,4,1,9,15,13,16,14,5,7,10,12,3$1.0
940$14,11,8,2,4,1,9,15,13,16,14,5,7,10,12,3$1.0
941$13,11,8,2,4,1,9,15,13,16,14,5,7,10,12,3$1.0
942$14,11,8,2,4,1,9,15,13,16,14,5,7,10,12,3$1.0
943$14,11,8,2,4,1,9,15,13,16,14,5,7,10,12,3$1.0
944$14,11,8,2,4,1,9,15,13,16,1,5,7,10,12,3$1.0
945$14,11,8,2,4,1,9,15,13,16,14,5,7,10,12,3$1.0
946$14,11,8,2,4,1,9,15,13,16,1,5,7,10,12,3$1.0
947$14,11,8,2,4,1,9,15,13,16,14,5,7,10,12,3$1.0
948$14,11,8,2,4,1,9,15,13,16,14,5,7,10,12,3$1.0
949$14,11,8,2,4,1,9,15,13,16,14,5,7,10,12,3$1.0
950$14,11,8,2,4,6,9,15,13,16,14,5,7,10,12,3$1.0
951$14,11,8,2,4,1,9,15,13,16,14,5,7,10,12,3$1.0
952$14,11,8,2,4,1,9,15,13,16,14,5,7,10,12,3$1.0
953$14,11,8,2,4,1,9,15,13,16,14,5,7,10,12,3$1.0
954$14,11,8,2,4,1,9,15,13,16,14,5,7,10,12,3$1.0
955$14,11,8,2,4,1,9,15,13,16,14,5,7,10,12,3$1.0
956$14,11,8,2,4,1,9,15,13,16,14,5,7,10,12,3$1.0
957$14,11,8,2,4,1,9,15,13,16,14,5,7,10,12,3$1.0
958$2,11,8,2,4,1,9,15,13,16,14,5,7,10,12,3$1.0
959$14,11,8,2,4,1,9,15,13,16,14,5,7,10,12,3$1.0
960$2,11,8,2,4,1,9,15,13,16,14,5,7,10,12,3$1.0
961$14,11,8,2,4,1,9,15,13,16,14,5,7,10,12,3$1.0
962$14,11,8,2,4,1,9,15,13,16,14,5,7,10,12,3$1.0
963$9,11,8,2,4,1,9,15,13,16,14,5,7,10,12,3$1.0
964$11,11,8,2,4,1,9,15,13,16,14,5,7,10,12,3$1.0
965$14,11,8,2,4,1,9,15,13,16,14,5,7,10,12,3$1.0
966$14,11,8,2,4,1,9,15,13,16,14,5,7,10,12,3$1.0
967$14,11,8,2,4,1,9,15,13,16,14,5,7,10,12,3$1.0
968$2,11,8,2,4,1,9,15,13,16,14,5,7,10,12,3$1.0
969$14,11,8,2,4,1,9,15,13,16,14,5,7,10,12,3$1.0
970$14,11,8,2,4,1,9,15,13,16,14,5,7,10,12,3$1.0
971$9,11,8,2,4,1,9,15,13,16,14,5,7,10,12,3$1.0
972$14,11,8,2,4,1,9,15,13,16,14,5,7,10,12,3$1.0
973$9,11,8,2,4,1,9,15,13,16,14,5,7,10,12,3$1.0
974$14,11,8,2,4,1,9,15,13,16,14,5,7,10,12,3$1.0
975$14,11,8,2,4,1,9,15,13,16,14,5,7,10,6,3$1.0
976$14,11,8,2,4,1,9,15,13,16,14,5,7,10,6,3$1.0
977$14,11,8,2,4,1,9,15,13,16,14,5,7,10,12,3$1.0
978$9,11,8,2,4,1,9,15,13,16,14,5,7,10,12,3$1.0
979$9,11,8,2,4,1,9,15,13,16,14,5,7,10,12,3$1.0
980$9,11,8,2,4,1,9,15,13,16,14,5,7,10,12,3$1.0
981$2,11,8,4,4,1,9,6,13,16,14,5,7,10,12,3$1.0
982$9,11,8,2,4,1,9,15,13,16,14,5,7,10,12,3$1.0
983$14,11,8,2,4,1,9,15,13,16,14,5,7,10,12,3$1.0
984$14,11,8,2,4,1,9,15,13,16,14,5,7,10,12,3$1.0
985$14,11,8,2,4,1,9,15,13,16,14,5,7,10,12,3$1.0
986$14,11,8,2,4,1,9,15,13,16,14,5,7,10,12,3$1.0
987$14,11,8,2,4,1,9,15,13,16,14,5,7,10,12,3$1.0
988$14,11,8,2,4,6,9,15,13,16,14,5,7,10,12,3$1.0
989$14,11,8,2,4,1,9,15,13,16,14,5,7,10,12,3$1.0
990$14,11,8,2,4,6,9,15,13,16,14,5,7,10,12,3$1.0
991$2,11,8,2,4,1,9,15,13,16,14,5,7,10,12,3$1.0
992$14,11,8,2,4,1,9,15,13,16,14,5,7,10,12,3$1.0
993$14,11,8,2,4,1,9,15,13,16,14,5,7,10,12,3$1.0
994$14,11,8,2,4,1,9,15,13,16,14,5,7,10,12,3$1.0
995$14,11,8,2,4,1,9,15,13,16,14,5,7,10,12,3$1.0
996$14,11,8,2,4,1,9,15,13,16,14,5,7,10,12,3$1.0
997$14,11,8,2,4,6,9,15,13,16,14,5,7,10,12,3$1.0
998$14,11,8,2,4,1,9,15,13,16,14,5,7,10,6,3$1.0
999$11,11,8,2,4,1,9,15,13,16,14,5,7,10,12,3$1.0
1000$11,11,8,2,4,1,9,15,13,16,14,5,7,10,12,3$1.0
1001$14,11,8,2,4,1,9,15,13,16,14,5,7,10,12,3$1.0
1002$2,11,8,2,4,1,9,15,13,16,14,5,7,10,12,3$1.0
1003$14,11,8,2,4,1,9,15,13,16,14,5,7,10,12,3$1.0
1004$14,11,8,2,4,1,9,15,13,16,14,5,7,10,12,3$1.0
1005$14,11,8,2,4,1,9,15,13,16,14,5,7,10,6,3$1.0
1006$2,11,8,14,4,1,9,15,13,16,14,5,7,10,12,3$1.0
1007$14,11,8,2,4,1,9,15,13,16,14,5,7,10,12,3$1.0
1008$14,11,8,2,4,1,9,15,13,16,14,5,7,10,12,3$1.0
1009$14,11,8,2,4,1,9,15,13,16,14,5,7,10,12,3$1.0
1010$14,11,8,2,4,1,9,15,13,16,14,5,7,10,12,3$1.0
1011$14,11,8,2,4,1,9,15,13,16,14,5,7,10,12,3$1.0
1012$14,11,8,2,4,1,9,15,13,16,14,5,7,10,12,3$1.0
1013$11,11,8,2,4,1,9,15,13,16,14,5,7,10,12,3$1.0
1014$14,11,8,2,4,1,9,15,13,16,1,5,7,10,12,3$1.0
1015$11,11,8,2,4,1,9,15,13,16,14,5,7,10,6,3$1.0
1016$14,11,8,2,4,1,9,15,13,16,14,5,7,10,12,3$1.0
1017$11,13,8,2,4,1,9,15,13,16,14,5,7,10,12,3$1.0
1018$14,11,8,2,4,1,9,15,13,16,14,5,7,10,12,3$1.0
1019$14,11,8,2,4,1,9,15,13,16,14,5,7,10,12,3$1.0
1020$14,11,8,2,4,1,9,15,13,16,14,5,7,10,12,3$1.0
1021$14,11,8,2,4,1,9,15,13,16,14,5,7,10,6,3$1.0
1022$14,11,8,2,4,1,9,15,13,16,14,5,7,10,12,3$1.0
1023$14,11,8,2,4,1,9,15,13,16,14,5,7,10,12,3$1.0
1024$14,11,8,2,4,1,9,15,13,16,14,5,7,10,12,3$1.0
1025$14,11,8,2,4,6,9,15,13,16,14,5,7,10,12,3$1.0
1026$14,11,8,2,4,6,9,15,13,16,14,5,7,10,12,3$1.0
1027$14,11,8,2,4,1,9,15,13,16,14,5,7,10,12,3$1.0
1028$14,11,8,2,4,1,9,15,13,16,14,5,7,10,12,3$1.0
1029$14,11,8,2,4,6,9,15,13,16,14,5,7,10,12,3$1.0
1030$11,11,8,2,4,1,9,15,13,16,14,5,7,10,12,3$1.0
1031$14,11,8,2,4,1,9,15,13,16,14,5,7,10,12,3$1.0
1032$14,11,8,2,4,1,9,15,13,16,14,5,7,10,12,3$1.0
1033$11,11,8,2,4,1,9,15,13,16,14,5,7,10,12,3$1.0
1034$14,11,8,2,4,1,9,15,13,16,14,5,7,10,12,3$1.0
1035$14,11,8,2,4,1,9,15,13,16,14,5,7,10,12,3$1.0
1036$14,11,8,2,4,1,9,15,13,16,14,5,7,10,12,3$1.0
1037$14,11,8,2,4,1,9,15,13,16,14,5,7,10,12,3$1.0
1038$14,11,8,2,4,1,9,15,13,16,14,5,7,10,12,3$1.0
1039$14,11,8,2,4,1,9,15,13,16,14,5,7,10,12,3$1.0
1040$14,11,8,2,4,1,9,15,13,16,14,5,7,10,12,3$1.0
1041$14,11,8,2,4,6,9,15,13,16,14,5,7,10,12,3$1.0
1042$14,11,8,2,4,1,9,15,13,16,14,5,7,10,12,3$1.0
1043$14,11,8,2,4,1,9,15,13,16,14,5,7,10,12,3$1.0
1044$14,11,8,2,4,1,9,15,13,16,14,5,7,10,12,3$1.0
1045$14,11,8,2,4,1,9,15,13,16,14,5,7,10,12,3$1.0
1046$14,11,8,2,4,1,9,15,13,16,14,5,7,10,12,3$1.0
1047$14,11,8,2,4,1,9,15,13,16,14,5,7,10,12,3$1.0
1048$2,11,8,2,4,1,9,15,13,16,14,5,7,10,12,3$1.0
1049$2,11,8,2,4,1,9,15,13,16,14,5,7,10,12,3$1.0
1050$2,11,8,2,4,1,9,15,13,16,14,5,7,10,12,3$1.0
1051$14,11,8,2,4,1,9,15,13,16,14,5,7,10,12,3$1.0
1052$14,11,8,2,4,1,9,15,13,16,14,5,7,10,12,3$1.0
1053$14,11,8,2,4,1,9,15,13,16,14,5,7,10,12,3$1.0
1054$2,11,8,2,4,1,9,15,13,16,14,5,7,10,12,3$1.0
1055$14,11,8,2,4,1,9,15,13,16,14,5,7,10,12,3$1.0
1056$14,11,8,2,4,1,9,15,13,16,14,5,7,10,12,3$1.0
1057$14,11,8,2,4,1,9,15,13,16,14,5,7,10,12,3$1.0
1058$13,11,8,2,4,1,9,15,13,16,14,5,7,10,12,3$1.0
1059$14,11,8,2,4,1,9,15,13,16,14,5,7,10,12,3$1.0
1060$14,11,8,2,4,1,9,15,13,16,14,5,7,10,6,3$1.0
1061$14,11,8,2,4,1,9,15,13,16,3,5,7,10,12,3$1.0
1062$14,11,8,2,4,1,9,15,13,16,3,5,7,10,12,3$1.0
1063$14,11,8,2,4,1,9,15,13,16,14,5,7,10,12,3$1.0
1064$14,11,8,2,4,1,9,15,13,16,14,5,7,10,12,3$1.0
1065$14,11,8,2,4,1,9,15,13,16,14,5,7,10,12,3$1.0
1066$14,11,8,2,4,1,9,15,13,16,1,5,7,10,12,3$1.0
1067$14,11,8,2,4,1,9,15,13,16,14,5,7,10,12,3$1.0
1068$14,11,8,2,4,1,9,15,13,16,14,5,7,10,12,3$1.0
1069$14,11,8,2,4,1,9,15,13,16,14,5,7,10,12,3$1.0
1070$14,11,8,2,4,1,9,15,13,16,14,5,7,10,12,3$1.0
1071$14,11,8,2,4,1,9,15,13,16,14,5,7,10,12,3$1.0
1072$14,11,8,2,4,1,9,15,13,16,14,5,7,10,12,3$1.0
1073$14,11,8,2,4,1,9,15,13,16,14,5,7,10,12,3$1.0
1074$1,11,8,2,4,1,9,15,13,16,14,5,7,10,12,3$1.0
1075$14,11,8,2,4,1,9,15,13,16,14,5,7,10,12,3$1.0
1076$14,11,8,2,4,1,9,15,13,16,14,5,7,10,12,3$1.0
1077$14,11,8,2,4,1,9,15,13,16,14,5,7,10,12,3$1.0
1078$14,11,8,2,4,1,9,15,13,16,14,5,7,10,12,3$1.0
1079$14,11,8,2,4,1,9,15,13,16,3,5,7,10,12,3$1.0
1080$2,11,8,2,4,1,9,15,13,16,14,5,7,10,12,3$1.0
1081$1,11,8,2,4,1,9,15,13,16,14,5,7,10,6,3$1.0
1082$1,11,8,2,4,1,9,15,13,16,14,5,7,10,12,3$1.0
1083$14,11,8,2,4,1,9,15,13,16,14,5,7,10,12,3$1.0
1084$11,11,8,2,4,1,9,15,13,16,14,5,7,10,12,3$1.0
1085$14,11,8,2,4,1,9,15,13,16,14,5,7,10,12,3$1.0
1086$14,11,8,2,4,6,9,15,13,16,14,5,7,10,12,3$1.0
1087$14,11,8,2,4,1,9,15,13,16,14,5,7,10,12,3$1.0
1088$14,11,8,2,4,1,9,15,13,16,14,5,7,10,6,3$1.0
1089$14,11,8,2,4,1,9,15,13,16,14,5,7,10,12,3$1.0
1090$1,11,8,2,4,1,9,15,13,16,14,5,7,10,12,3$1.0
1091$14,11,8,2,4,1,9,15,13,16,14,5,7,10,12,3$1.0
1092$14,11,8,2,4,1,9,15,13,16,14,5,7,10,12,3$1.0
1093$14,11,8,2,4,1,9,15,13,16,14,5,7,10,12,3$1.0
1094$14,11,8,2,4,1,9,15,13,16,14,5,7,10,12,3$1.0
1095$1,11,8,2,4,1,9,15,13,16,14,5,7,10,12,3$1.0
1096$14,11,8,2,4,1,9,15,13,16,14,5,7,10,12,3$1.0
1097$9,11,8,2,4,6,9,15,13,16,14,5,7,10,12,3$1.0
1098$11,11,8,2,4,1,9,15,13,16,14,5,7,10,6,3$1.0
1099$13,11,8,2,4,1,9,15,13,16,14,5,7,10,12,3$1.0
1100$13,11,8,2,4,1,9,15,13,16,14,5,7,10,12,3$1.0
1101$14,11,8,2,4,1,9,15,13,16,14,5,7,10,12,3$1.0
1102$1,11,8,2,4,1,9,15,13,16,14,5,7,10,12,3$1.0
1103$14,11,8,2,4,1,9,15,13,16,14,5,7,10,12,3$1.0
1104$14,11,8,2,4,1,9,15,13,16,14,5,7,10,12,3$1.0
1105$13,11,8,2,4,1,9,15,13,16,14,5,7,10,12,3$1.0
1106$14,11,8,2,4,1,9,15,13,16,14,5,7,10,12,3$1.0
1107$14,11,8,2,4,1,9,15,13,16,3,5,7,10,12,3$1.0
1108$14,11,8,2,4,6,9,15,13,16,14,5,7,10,12,3$1.0
1109$14,11,8,2,4,1,9,15,13,16,3,5,7,10,12,3$1.0
1110$14,11,8,2,4,1,9,15,13,16,14,5,7,10,12,3$1.0
1111$14,11,8,2,4,1,9,15,13,16,14,5,7,10,12,3$1.0
1112$1,11,8,2,4,1,9,15,13,16,14,5,7,10,12,3$1.0
1113$14,11,8,2,4,1,9,15,13,16,14,5,7,10,12,3$1.0
1114$1,11,8,2,4,1,9,15,13,16,14,5,7,10,12,3$1.0
1115$14,11,8,2,4,1,9,15,13,16,14,5,7,10,12,3$1.0
1116$14,11,8,2,4,1,9,15,13,16,14,5,7,10,12,3$1.0
1117$2,11,8,2,4,1,9,15,13,16,14,5,7,10,12,3$1.0
1118$14,11,8,2,4,1,9,15,13,16,14,5,7,10,12,3$1.0
1119$14,11,8,2,4,1,9,15,13,16,14,5,7,10,12,3$1.0
1120$14,11,8,2,4,1,9,15,13,16,14,5,7,10,12,3$1.0
1121$14,11,8,2,4,1,9,15,13,16,14,5,7,10,12,3$1.0
1122$14,11,8,2,4,1,9,15,13,16,14,5,7,10,12,3$1.0
1123$14,11,8,2,4,1,9,15,13,16,14,5,7,10,12,3$1.0
1124$14,11,8,2,4,1,9,15,13,16,14,5,7,10,12,3$1.0
1125$14,11,8,2,4,1,9,15,13,16,14,5,7,10,12,3$1.0
1126$14,11,8,2,4,1,9,15,13,16,14,5,7,10,12,3$1.0
1127$14,11,8,2,4,1,9,15,13,16,14,5,7,10,12,3$1.0
1128$14,11,8,2,4,1,9,15,13,16,14,5,7,10,12,3$1.0
1129$14,11,8,2,4,1,9,15,13,16,14,5,7,10,12,3$1.0
1130$14,11,8,2,4,1,9,15,13,16,14,5,7,10,12,3$1.0
1131$14,11,8,2,4,1,9,15,13,16,14,5,7,10,12,3$1.0
1132$14,11,8,2,4,1,9,15,13,16,14,5,7,10,12,3$1.0
1133$14,11,8,2,4,1,9,15,13,16,14,5,7,10,12,3$1.0
1134$14,11,8,2,4,1,9,15,13,16,14,5,7,10,12,3$1.0
1135$14,11,8,2,4,1,9,15,13,16,14,5,7,10,12,3$1.0
1136$14,11,8,2,4,1,9,15,13,16,14,5,7,10,12,3$1.0
1137$14,11,8,2,4,1,9,15,13,16,14,5,7,10,12,3$1.0
1138$14,11,8,2,4,1,9,15,13,16,14,5,7,10,12,3$1.0
1139$14,11,8,2,4,1,9,15,13,16,14,5,7,10,12,3$1.0
1140$14,11,8,2,4,1,9,15,13,16,14,5,7,10,12,3$1.0
1141$14,11,8,2,4,1,9,15,13,16,14,5,7,10,12,3$1.0
1142$13,11,8,2,4,6,9,15,1,16,14,5,7,10,12,3$0.0
1142$13,11,8,2,4,6,9,15,1,16,14,5,7,10,12,3$0.0
