16
0$7,3,8,10,8,8,15,9,1,5,9,11,6,7,11,12$16.0
0$14,12,3,16,15,8,16,11,10,10,2,9,15,10,2,2$24.0
0$2,13,15,1,3,2,16,6,16,5,2,5,12,7,11,4$17.0
0$7,3,8,10,8,8,15,9,1,5,9,11,6,7,11,12$16.0
1$12,7,7,1,6,14,2,7,5,8,3,13,15,10,1,13$15.0
1$12,7,7,1,6,14,2,7,5,8,3,13,15,10,1,13$15.0
2$13,7,7,1,6,6,15,2,10,13,2,3,12,7,11,4$12.0
2$3,14,6,11,5,5,1,8,1,16,13,7,11,3,12,9$14.0
2$1,11,3,3,8,13,15,2,10,4,16,8,5,1,12,9$13.0
2$13,7,7,1,6,6,15,2,10,13,2,3,12,7,11,4$12.0
3$4,8,13,15,1,1,7,9,3,14,12,8,5,1,12,9$10.0
3$4,8,13,15,1,1,7,9,3,14,12,8,5,1,12,9$10.0
4$15,12,8,1,3,6,15,2,10,13,2,3,12,7,11,4$6.0
4$14,2,4,1,10,2,15,6,16,13,16,1,4,7,3,15$9.0
4$15,12,8,1,3,6,15,2,10,13,2,3,12,7,11,4$6.0
5$14,2,4,1,10,2,15,6,16,13,16,1,4,14,3,15$12.0
6$5,11,4,14,4,6,1,8,1,16,14,7,11,1,12,9$10.0
7$7,12,4,1,10,2,15,6,16,13,16,1,4,14,3,15$10.0
8$11,2,6,16,3,5,15,2,10,11,15,1,3,1,12,9$7.0
9$11,9,1,12,9,1,13,2,10,13,15,1,4,14,3,15$8.0
10$1,12,6,16,3,5,15,2,10,13,16,9,4,7,11,4$8.0
11$14,2,4,1,7,2,15,6,16,13,16,1,3,7,11,4$7.0
12$11,2,6,12,9,1,13,2,10,13,16,1,4,14,3,6$8.0
13$10,4,9,5,3,5,15,2,6,13,16,12,4,7,11,4$6.0
14$14,2,6,9,3,5,15,2,10,12,3,1,4,7,11,4$7.0
15$14,2,3,1,7,12,15,6,10,14,16,1,4,7,11,4$6.0
16$14,4,9,5,3,5,15,2,6,13,16,12,4,7,11,4$6.0
17$5,13,9,12,14,1,15,2,16,13,16,12,4,7,11,4$6.0
18$5,13,9,5,3,1,15,2,6,13,16,1,3,7,11,4$6.0
19$5,13,2,14,9,1,15,2,10,13,16,1,3,7,11,4$5.0
19$5,13,2,14,9,1,15,2,10,13,16,1,3,7,11,4$5.0
20$5,15,2,5,3,1,15,2,6,13,16,1,3,7,11,4$5.0
21$5,13,2,14,3,1,15,2,10,13,16,1,4,7,11,4$4.0
21$5,13,2,14,3,1,15,2,10,13,16,1,4,7,11,4$4.0
22$5,13,2,14,14,1,15,8,16,13,16,1,4,7,11,4$5.0
23$5,13,2,14,3,1,15,2,16,13,16,12,4,7,11,4$4.0
24$10,13,2,14,3,1,15,2,16,13,16,12,4,7,11,4$4.0
25$10,13,2,14,3,1,15,2,16,13,16,12,4,7,11,4$4.0
26$10,13,2,14,3,1,15,8,15,13,16,1,4,7,11,4$4.0
27$5,13,2,14,3,1,15,2,10,13,16,12,4,7,11,4$3.0
27$5,13,2,14,3,1,15,2,10,13,16,12,4,7,11,4$3.0
28$5,13,2,14,3,1,15,2,10,13,16,12,4,7,11,4$3.0
29$5,13,9,6,14,5,15,8,16,13,16,1,4,7,11,4$4.0
30$10,13,2,14,3,1,15,2,16,13,16,12,4,7,11,4$4.0
31$10,13,2,14,3,1,15,2,16,13,16,12,4,7,11,4$4.0
32$3,13,9,14,3,1,15,2,16,13,16,12,4,7,11,4$4.0
33$5,13,2,14,3,1,15,2,16,13,16,12,4,7,11,4$4.0
34$5,13,9,14,3,1,15,2,16,13,16,12,4,7,11,4$3.0
35$5,13,2,14,3,1,15,8,16,13,16,1,4,7,11,4$4.0
36$10,13,9,14,3,1,15,2,16,13,16,12,4,7,11,4$3.0
37$10,13,2,14,9,3,15,2,16,13,1,12,4,7,11,4$3.0
38$10,13,2,14,9,3,15,2,16,13,1,12,4,7,11,4$3.0
39$5,13,2,14,3,1,15,2,16,13,16,12,4,7,11,4$4.0
40$10,13,2,14,9,3,15,8,16,13,16,1,4,7,11,14$3.0
41$10,13,2,14,9,3,15,8,16,13,16,1,4,7,11,14$3.0
42$10,13,2,14,9,3,15,8,16,13,16,1,4,7,11,4$3.0
43$10,13,2,14,9,3,15,8,16,13,1,1,4,7,11,4$3.0
44$10,13,2,14,3,1,15,8,15,13,16,2,4,7,11,4$4.0
45$5,13,2,14,3,8,15,2,10,13,16,1,4,7,11,4$3.0
46$5,13,2,14,3,8,15,2,10,13,16,1,4,7,11,4$3.0
47$5,13,2,14,3,8,15,2,10,13,16,12,4,7,11,4$3.0
48$5,13,9,14,3,1,15,2,16,13,16,12,4,7,11,4$3.0
49$5,13,9,14,3,1,15,2,16,13,16,12,4,7,11,4$3.0
50$10,8,2,14,10,1,9,5,16,13,3,12,4,7,11,4$2.0
50$10,8,2,14,10,1,9,5,16,13,3,12,4,7,11,4$2.0
51$5,13,9,14,3,1,15,2,16,13,16,12,4,7,11,4$3.0
52$5,13,2,14,3,1,15,2,10,13,16,12,4,7,11,4$3.0
53$10,13,2,5,3,1,9,14,16,13,3,12,4,7,11,4$3.0
54$5,13,2,14,3,1,15,2,10,13,16,12,4,7,11,4$3.0
55$5,13,2,14,3,1,9,14,16,13,16,12,4,7,11,4$4.0
56$5,13,2,14,3,1,9,14,16,13,16,12,4,7,11,4$4.0
57$5,13,2,14,3,1,9,14,10,13,16,12,4,7,11,4$3.0
58$5,13,2,14,3,1,9,14,10,13,16,12,4,7,11,4$3.0
59$10,13,2,5,3,1,9,14,16,13,3,12,4,7,11,4$3.0
60$10,13,2,5,3,1,9,14,16,13,16,12,4,7,11,4$3.0
61$10,13,2,5,3,1,9,14,16,13,16,12,4,7,11,4$3.0
62$5,13,2,14,3,1,9,14,10,13,16,12,4,7,11,4$3.0
63$5,13,2,14,3,1,9,14,10,13,16,12,4,7,11,4$3.0
64$5,13,2,14,3,1,9,14,10,13,16,12,4,7,11,4$3.0
65$5,13,2,14,3,1,9,14,10,13,16,12,4,7,11,4$3.0
66$10,13,2,5,3,1,9,14,1,13,16,12,4,7,11,4$3.0
67$10,13,2,5,3,1,9,14,1,13,16,12,4,7,11,4$3.0
68$5,10,2,5,3,1,9,14,16,13,16,12,4,7,11,4$3.0
69$5,13,2,14,6,1,9,14,3,13,16,12,4,7,11,4$3.0
70$10,13,2,5,3,1,9,14,3,13,16,12,4,7,11,4$3.0
71$5,10,2,14,6,1,9,14,6,13,16,12,4,7,11,3$2.0
72$5,10,2,5,3,1,9,14,16,13,16,12,4,7,11,4$3.0
73$5,13,2,14,6,1,9,6,3,13,16,12,4,7,11,4$3.0
74$5,10,2,5,3,1,9,14,16,13,16,12,4,7,11,4$3.0
75$5,13,10,14,6,1,9,14,3,13,16,12,4,7,11,4$3.0
76$5,10,2,14,3,1,9,14,16,13,16,12,4,7,11,4$3.0
77$5,10,2,14,3,1,9,14,16,13,16,12,4,7,11,4$3.0
78$5,10,2,14,3,1,9,14,6,13,16,12,4,7,11,3$2.0
79$5,10,2,14,6,1,9,14,16,13,16,12,4,7,11,4$3.0
80$5,13,2,14,6,1,9,14,3,13,16,12,4,7,11,4$3.0
81$5,10,2,14,3,1,9,14,16,13,16,12,4,7,11,4$3.0
82$5,10,2,14,3,1,9,14,16,13,16,12,4,7,11,4$3.0
83$5,13,2,14,6,1,9,14,3,13,16,12,4,7,11,4$3.0
84$5,10,2,14,3,1,9,15,6,13,16,12,4,7,11,4$3.0
85$5,13,2,14,6,1,9,14,3,13,16,12,4,7,11,4$3.0
86$5,13,2,14,6,1,9,14,3,13,16,12,4,7,11,4$3.0
87$5,13,2,14,6,1,9,14,3,13,16,12,4,7,11,4$3.0
88$5,10,2,14,6,1,9,14,1,13,16,12,4,7,11,4$3.0
89$5,13,2,14,6,1,9,14,3,13,16,12,4,7,11,4$3.0
90$5,10,2,14,3,1,9,15,6,13,16,12,4,7,11,4$3.0
91$5,10,2,14,3,1,9,14,1,13,16,12,4,7,11,4$3.0
92$5,10,2,14,3,1,9,14,10,13,16,12,4,7,11,4$3.0
93$5,10,2,14,3,1,9,14,10,13,16,12,4,7,11,4$3.0
94$5,10,2,15,6,1,9,14,16,13,16,12,4,7,11,4$2.0
95$5,10,2,15,6,1,9,14,16,13,16,12,4,7,11,4$2.0
96$5,10,2,15,6,1,9,14,1,13,16,12,4,7,11,4$2.0
97$5,10,2,15,6,1,9,14,1,13,16,12,4,7,11,4$2.0
98$5,10,2,15,6,1,9,14,1,13,16,12,4,7,11,4$2.0
99$5,13,2,14,3,1,9,14,10,13,16,12,4,7,11,4$3.0
100$5,10,2,15,6,1,9,14,16,13,16,12,4,7,11,4$2.0
101$5,10,2,14,3,1,9,14,10,13,16,12,4,7,11,4$3.0
102$5,13,2,14,3,1,9,14,10,13,16,12,4,7,11,4$3.0
103$5,10,2,14,3,1,9,14,10,13,16,12,4,7,11,4$3.0
104$5,9,2,14,3,1,9,14,10,13,16,12,4,7,11,4$3.0
105$5,10,2,11,6,1,9,14,1,13,16,12,4,7,11,4$3.0
106$5,9,2,14,3,1,9,14,6,13,16,12,4,7,11,4$3.0
107$5,10,2,14,6,1,9,14,6,13,16,12,4,7,11,4$3.0
108$5,10,2,14,3,1,9,14,6,13,16,12,4,7,11,4$2.0
109$5,10,2,14,6,1,9,14,6,13,16,12,4,7,11,4$3.0
110$5,10,2,15,3,1,9,14,6,13,16,12,4,7,11,4$1.0
110$5,10,2,15,3,1,9,14,6,13,16,12,4,7,11,4$1.0
111$5,10,2,15,3,1,9,14,6,13,16,12,4,7,11,4$1.0
112$5,10,2,15,8,1,9,14,6,13,16,12,4,7,11,4$3.0
113$5,10,2,14,3,1,9,14,6,13,16,12,4,7,11,4$2.0
114$5,10,2,14,3,1,9,14,6,13,16,12,4,7,11,4$2.0
115$5,10,2,14,3,1,9,14,6,13,16,12,4,7,11,4$2.0
116$5,10,2,14,3,1,9,14,6,13,16,12,4,7,11,4$2.0
117$5,10,2,14,3,1,9,14,6,13,16,12,4,7,11,4$2.0
118$5,10,2,14,3,1,9,14,6,13,16,12,4,7,11,4$2.0
119$5,10,2,14,3,1,9,1,6,13,16,12,4,8,11,4$2.0
120$5,10,2,14,3,1,9,14,6,13,16,12,4,7,11,4$2.0
121$5,10,2,14,3,1,9,14,6,13,16,12,4,7,11,4$2.0
122$5,10,2,14,3,1,9,14,6,13,16,12,4,7,11,4$2.0
123$5,10,2,14,3,1,9,14,6,13,16,12,4,7,11,4$2.0
124$8,10,2,14,3,1,9,14,6,13,16,12,4,7,11,4$2.0
125$5,10,2,14,3,1,9,14,6,13,16,12,4,7,11,4$2.0
126$5,10,2,14,3,7,9,1,6,13,16,12,4,8,11,4$1.0
127$5,10,2,14,3,1,9,14,6,13,16,12,4,7,11,4$2.0
128$5,10,2,15,3,1,9,14,6,13,16,12,4,7,11,4$1.0
129$5,10,2,14,3,1,9,14,6,13,16,12,4,7,11,4$2.0
130$5,10,2,15,3,1,9,14,6,13,16,12,4,7,11,4$1.0
131$5,10,2,15,3,1,9,14,6,13,16,12,4,7,11,4$1.0
132$5,10,2,15,3,1,9,14,6,13,16,12,4,7,11,4$1.0
133$5,10,2,15,3,1,9,14,6,13,16,12,4,7,11,4$1.0
134$5,10,2,15,3,1,9,14,6,13,16,12,4,7,11,4$1.0
135$5,10,2,15,3,1,9,14,6,13,16,12,4,7,11,4$1.0
136$5,10,2,15,3,1,9,14,6,13,16,12,4,7,11,4$1.0
137$5,10,2,15,3,1,9,14,6,13,16,12,4,7,11,4$1.0
138$5,10,2,15,3,1,9,14,6,13,16,12,4,7,11,4$1.0
139$5,10,2,15,3,1,9,14,6,13,16,12,4,7,11,4$1.0
140$5,10,2,15,3,1,9,14,6,13,16,12,4,7,11,4$1.0
141$5,10,2,15,3,1,9,14,6,13,16,12,4,7,11,4$1.0
142$5,10,2,15,3,1,9,14,6,13,16,12,4,7,11,4$1.0
143$5,10,2,15,3,1,9,14,6,13,16,12,4,7,11,4$1.0
144$5,10,2,15,3,1,9,14,6,13,16,12,4,7,11,4$1.0
145$5,10,2,15,3,1,9,14,6,13,16,12,4,7,11,4$1.0
146$5,10,2,15,3,1,9,14,6,13,16,12,4,7,11,4$1.0
147$5,10,2,15,3,1,9,14,6,13,16,12,4,7,11,4$1.0
148$5,10,2,15,3,1,9,14,6,13,16,12,4,7,11,4$1.0
149$5,10,2,15,3,1,9,14,6,13,16,12,4,7,11,4$1.0
150$5,10,2,15,3,1,9,14,6,13,16,12,4,7,11,4$1.0
151$5,10,2,15,3,1,9,14,6,13,16,12,4,7,11,4$1.0
152$5,10,2,15,3,1,9,14,6,13,16,12,4,7,11,4$1.0
153$5,10,2,15,3,1,9,14,6,13,16,12,4,7,11,4$1.0
154$5,10,2,15,3,1,9,14,6,13,16,12,4,7,11,4$1.0
155$5,10,2,15,3,1,9,14,6,13,16,12,4,7,11,4$1.0
156$5,10,2,15,3,1,9,14,6,13,16,12,4,7,11,4$1.0
157$5,10,2,15,3,1,9,14,6,13,16,12,4,7,11,4$1.0
158$5,10,2,15,3,1,9,14,6,13,16,12,4,7,11,4$1.0
159$5,10,2,15,3,1,9,14,6,13,16,12,4,7,11,4$1.0
160$5,10,2,15,3,1,9,14,6,13,16,12,4,7,11,4$1.0
161$5,10,2,15,3,1,9,14,6,13,16,12,4,7,11,4$1.0
162$5,10,2,15,3,1,9,14,6,13,16,12,4,7,11,4$1.0
163$5,10,2,15,3,1,9,14,6,13,16,12,4,7,11,4$1.0
164$5,10,2,15,3,1,9,14,6,13,16,12,4,7,11,4$1.0
165$5,10,2,15,3,1,9,14,6,13,16,12,4,7,11,4$1.0
166$5,10,2,15,3,1,9,14,6,13,16,12,4,7,11,4$1.0
167$5,10,2,15,3,1,9,14,6,13,16,12,4,7,11,4$1.0
168$5,10,2,15,3,1,9,14,6,13,16,12,4,7,11,4$1.0
169$5,10,2,15,3,1,9,14,6,13,16,12,4,7,11,4$1.0
170$5,10,2,15,3,1,9,14,6,13,16,12,4,7,11,4$1.0
171$5,10,2,15,3,1,9,14,6,13,16,12,4,7,11,4$1.0
172$5,10,2,15,3,1,9,14,6,13,16,12,4,7,11,4$1.0
173$5,10,2,15,3,1,9,14,6,13,16,12,4,7,11,4$1.0
174$5,10,2,15,3,1,9,14,6,13,16,12,4,7,11,4$1.0
175$5,10,2,15,3,1,9,14,6,13,16,12,4,7,11,4$1.0
176$5,10,2,15,3,1,9,14,6,13,16,12,4,7,11,4$1.0
177$5,10,2,15,3,1,9,14,6,13,16,12,4,7,11,4$1.0
178$5,10,2,15,3,1,9,14,6,13,16,12,4,7,11,4$1.0
179$8,10,2,15,3,1,9,14,6,13,16,12,4,7,11,4$1.0
180$5,10,2,15,3,1,9,14,6,13,16,12,4,7,11,4$1.0
181$5,10,2,15,3,1,9,14,6,13,16,12,4,7,11,4$1.0
182$5,10,2,15,3,1,9,14,6,13,16,12,4,7,11,4$1.0
183$8,10,2,15,3,1,9,14,6,13,16,12,4,7,11,4$1.0
184$8,10,2,15,3,1,9,14,6,13,16,12,4,7,11,4$1.0
185$5,10,2,15,3,1,9,14,6,13,16,12,4,7,11,4$1.0
186$8,10,2,15,3,1,9,14,6,13,16,12,4,7,11,4$1.0
187$5,10,2,15,3,1,9,14,6,13,16,12,4,7,11,4$1.0
188$5,10,2,15,3,1,9,14,6,13,16,12,4,7,11,4$1.0
189$8,10,2,15,3,1,9,14,6,13,16,12,4,7,11,4$1.0
190$8,10,2,15,3,1,9,14,6,13,16,12,4,7,11,4$1.0
191$8,10,2,15,3,1,9,14,6,13,16,12,4,7,11,4$1.0
192$8,10,2,15,3,1,9,14,6,13,16,12,5,7,11,4$0.0
192$8,10,2,15,3,1,9,14,6,13,16,12,5,7,11,4$0.0
