16
0$15,11,11,6,4,12,1,11,1,14,12,10,4,7,2,12$12.0
0$15,11,11,6,4,12,1,11,1,14,12,10,4,7,2,12$12.0
1$9,2,13,7,4,1,1,11,1,14,12,10,4,7,2,12$13.0
2$4,15,5,16,6,16,14,16,15,3,7,2,8,5,13,2$12.0
3$3,16,11,4,12,3,12,15,6,5,1,13,9,5,13,10$12.0
4$15,2,11,6,4,12,1,11,3,14,16,10,4,7,2,12$8.0
4$15,2,11,6,4,12,1,11,3,14,16,10,4,7,2,12$8.0
5$3,10,6,10,12,16,8,15,1,8,8,12,9,2,5,10$11.0
6$15,2,11,6,4,16,14,11,14,1,15,1,6,11,3,8$9.0
7$3,4,6,10,12,16,12,12,8,5,1,3,14,14,11,13$11.0
8$15,2,11,6,4,12,1,11,4,14,1,10,6,11,16,12$9.0
9$15,2,11,1,1,3,16,12,8,5,1,10,14,7,4,2$6.0
9$15,2,11,1,1,3,16,12,8,5,1,10,14,7,4,2$6.0
10$3,6,8,1,4,16,14,2,4,5,1,10,14,14,11,7$9.0
11$3,6,8,1,4,16,14,2,4,5,1,10,14,14,11,7$9.0
12$2,8,15,6,4,13,7,12,14,1,1,10,16,14,11,5$6.0
13$3,6,8,15,4,16,14,2,4,7,3,13,7,14,11,13$9.0
14$3,6,8,15,4,16,14,2,4,5,3,13,14,2,11,7$8.0
15$15,4,6,10,2,16,14,16,1,5,6,13,7,5,15,13$9.0
16$3,6,8,15,4,16,14,9,4,13,1,10,6,11,3,12$7.0
17$5,6,8,15,4,16,14,2,4,13,1,10,14,11,3,12$6.0
18$15,4,6,13,9,16,14,2,4,10,1,10,6,11,3,12$5.0
18$15,4,6,13,9,16,14,2,4,10,1,10,6,11,3,12$5.0
19$15,4,6,13,9,16,14,2,2,5,1,10,5,14,11,7$5.0
20$15,4,6,13,9,16,14,2,2,5,1,10,5,14,11,7$5.0
21$15,4,6,13,9,16,14,2,4,10,1,10,6,11,3,12$5.0
22$15,4,6,13,9,16,14,2,2,5,1,10,14,11,3,12$4.0
22$15,4,6,13,9,16,14,2,2,5,1,10,14,11,3,12$4.0
23$15,4,6,13,9,7,14,2,15,5,1,10,5,14,11,7$4.0
24$15,4,8,13,9,16,14,2,4,10,1,10,6,11,3,12$4.0
25$15,4,8,13,9,16,14,2,4,10,1,10,6,11,3,12$4.0
26$15,4,8,13,9,16,14,2,4,10,1,10,6,11,3,12$4.0
27$15,4,6,13,9,16,14,2,2,5,1,11,14,11,3,12$3.0
27$15,4,6,13,9,16,14,2,2,5,1,11,14,11,3,12$3.0
28$15,4,6,13,9,16,14,2,2,5,1,11,14,11,3,12$3.0
29$15,4,6,13,9,16,14,2,2,5,1,11,14,11,3,12$3.0
30$15,4,8,13,9,16,14,2,15,5,1,10,14,11,3,12$4.0
31$15,4,8,13,9,16,14,2,15,5,1,11,14,11,3,12$3.0
32$15,4,8,13,9,16,14,2,15,5,1,10,14,11,3,12$4.0
33$15,4,8,13,9,16,14,2,15,5,1,10,6,11,3,12$3.0
34$15,4,8,13,9,16,14,2,15,5,1,10,6,11,3,12$3.0
35$15,4,8,13,9,16,14,2,15,5,1,10,6,11,3,12$3.0
36$15,4,8,13,9,16,14,2,15,5,1,11,14,11,3,12$3.0
37$15,4,8,13,9,16,14,2,15,5,1,11,6,11,3,12$2.0
37$15,4,8,13,9,16,14,2,15,5,1,11,6,11,3,12$2.0
38$15,4,8,13,9,16,14,2,15,5,1,10,6,11,3,12$3.0
39$15,4,8,13,9,16,14,2,15,5,1,10,6,11,3,12$3.0
40$15,4,8,13,9,16,14,2,15,5,1,10,6,11,3,12$3.0
41$15,4,8,13,9,16,14,2,15,5,1,15,6,11,3,12$3.0
42$15,4,8,13,9,16,14,2,15,5,1,10,6,11,3,7$3.0
43$15,4,8,13,9,16,14,2,15,5,1,10,6,11,3,12$3.0
44$15,4,8,13,9,16,14,2,15,5,1,1,6,11,3,12$2.0
45$15,4,6,13,9,16,14,2,15,5,1,1,6,11,3,12$3.0
46$2,4,6,13,9,16,14,2,15,5,16,1,6,11,3,12$3.0
47$15,4,6,13,9,16,14,2,15,5,1,1,6,11,3,12$3.0
48$15,4,8,13,9,16,14,2,15,5,1,10,6,11,3,12$3.0
49$4,4,8,13,9,16,14,2,15,5,1,1,6,11,3,12$2.0
50$15,4,8,13,9,7,14,2,15,5,1,10,6,11,3,12$1.0
50$15,4,8,13,9,7,14,2,15,5,1,10,6,11,3,12$1.0
51$4,4,8,13,9,16,14,2,15,5,1,1,6,11,3,12$2.0
52$15,4,6,13,9,7,14,2,15,5,1,10,6,11,3,12$2.0
53$15,4,6,13,9,7,14,2,15,5,1,10,6,11,3,12$2.0
54$15,4,8,13,9,16,14,2,15,5,1,1,6,11,3,12$2.0
55$1,3,8,13,9,16,14,2,15,5,1,4,6,11,3,12$2.0
56$15,4,8,13,9,16,14,2,15,5,1,1,6,11,3,12$2.0
57$15,4,8,13,9,16,14,2,15,5,1,1,6,11,3,12$2.0
58$15,4,8,13,9,16,14,2,15,5,1,1,6,11,3,12$2.0
59$1,4,6,13,9,7,14,2,15,5,1,10,6,11,3,12$2.0
60$15,4,8,13,9,7,14,2,15,5,1,10,6,11,3,12$1.0
61$15,4,8,13,9,7,14,2,15,5,1,10,6,11,3,12$1.0
62$15,4,8,13,9,7,14,2,15,5,1,10,6,11,3,12$1.0
63$15,4,8,13,9,7,14,2,15,5,1,10,6,11,3,12$1.0
64$15,4,8,13,9,7,14,2,15,5,1,10,6,11,3,12$1.0
65$15,4,8,13,9,7,14,2,15,5,1,10,6,11,3,12$1.0
66$15,4,8,13,9,7,14,2,15,5,1,10,6,11,3,12$1.0
67$15,4,8,13,9,7,14,2,15,5,1,10,6,11,3,16$1.0
68$15,4,8,13,9,7,14,2,15,5,1,10,6,11,3,12$1.0
69$15,4,8,13,9,7,14,2,15,5,1,10,6,11,3,12$1.0
70$15,4,8,13,9,7,14,2,15,5,1,10,6,11,3,12$1.0
71$15,4,8,13,9,7,14,2,15,5,1,10,6,11,3,12$1.0
72$15,4,8,13,9,7,14,2,15,5,1,10,6,11,3,12$1.0
73$15,4,8,13,9,7,14,2,15,5,1,10,6,11,3,12$1.0
74$15,4,8,13,9,7,14,2,15,5,1,10,6,11,3,12$1.0
75$15,4,8,13,9,7,14,2,15,5,1,10,16,11,3,12$1.0
76$15,4,8,13,9,7,14,2,15,5,1,10,6,11,3,12$1.0
77$15,4,8,13,9,7,14,2,15,5,1,10,6,11,3,12$1.0
78$15,4,8,13,9,7,14,2,15,5,1,10,6,11,3,12$1.0
79$15,4,8,13,9,7,14,2,15,5,1,10,6,11,3,12$1.0
80$15,4,8,13,9,7,14,2,15,5,1,10,16,11,3,12$1.0
81$15,4,8,13,9,7,14,2,15,5,1,10,6,11,3,12$1.0
82$15,4,8,13,9,7,14,2,15,5,1,10,6,11,3,12$1.0
83$15,4,8,13,9,7,14,2,15,5,1,10,16,11,3,12$1.0
84$15,4,8,13,9,7,14,2,15,5,1,10,6,11,3,12$1.0
85$15,4,8,13,9,7,14,2,15,5,1,10,16,11,3,12$1.0
86$15,4,8,13,9,7,14,2,15,5,1,10,16,11,3,12$1.0
87$15,4,8,13,9,7,14,2,15,5,1,10,6,11,3,12$1.0
88$15,4,8,13,9,7,14,2,15,5,1,10,16,11,3,12$1.0
89$15,4,8,13,9,7,14,2,15,5,1,10,6,11,3,12$1.0
90$15,4,8,13,9,7,14,2,15,5,1,10,6,11,3,12$1.0
91$15,4,8,13,9,7,14,2,15,5,1,10,6,11,3,12$1.0
92$15,4,8,13,9,7,14,2,15,5,1,10,16,11,3,12$1.0
93$15,4,8,13,9,7,14,2,15,5,1,10,16,11,3,12$1.0
94$15,4,8,13,9,7,14,2,15,5,1,10,16,11,3,12$1.0
95$15,4,8,13,9,7,14,2,15,5,1,10,16,11,3,12$1.0
96$15,4,8,13,9,7,14,2,15,5,1,10,16,11,3,12$1.0
97$15,4,8,13,9,7,14,2,15,5,1,10,16,11,3,12$1.0
98$15,4,8,13,9,7,14,2,15,5,1,10,16,11,3,12$1.0
99$15,4,8,13,9,7,14,2,15,5,1,10,16,11,3,12$1.0
100$15,4,8,13,9,7,14,2,15,5,1,10,16,11,3,12$1.0
101$15,4,8,13,9,7,14,2,15,5,1,10,16,11,3,12$1.0
102$15,4,8,13,9,7,14,2,15,5,1,10,16,6,3,12$1.0
103$15,4,8,13,9,7,14,2,15,5,1,10,16,6,3,12$1.0
104$15,4,8,13,9,7,14,2,15,5,1,10,16,11,3,12$1.0
105$15,4,8,13,9,7,14,2,15,5,1,10,16,6,3,12$1.0
106$15,4,8,13,9,7,14,2,15,5,1,10,16,6,3,12$1.0
107$15,4,8,13,9,7,14,2,15,5,1,10,16,6,3,12$1.0
108$15,4,8,13,9,7,14,2,15,5,1,10,16,6,3,12$1.0
109$15,4,8,13,9,7,14,2,15,5,1,10,16,11,3,12$1.0
110$15,4,8,13,9,7,14,2,15,5,1,10,16,11,3,12$1.0
111$15,4,8,13,9,7,14,2,15,5,1,10,16,6,3,12$1.0
112$15,4,8,13,9,7,14,2,15,5,1,10,16,11,3,12$1.0
113$15,4,8,13,9,7,14,2,15,5,1,10,16,11,3,12$1.0
114$1,4,8,13,9,7,14,2,15,5,1,10,16,11,3,12$1.0
115$15,4,8,13,9,7,14,2,15,5,1,10,6,11,3,12$1.0
116$15,4,8,13,9,7,14,2,15,5,1,10,16,11,3,12$1.0
117$15,4,8,13,9,7,14,2,15,5,1,10,16,11,3,12$1.0
118$15,4,8,13,9,7,14,2,15,5,1,10,16,11,3,12$1.0
119$15,4,8,13,9,7,14,2,15,5,1,10,6,11,3,12$1.0
120$15,4,8,13,9,7,14,2,15,5,1,10,16,11,3,12$1.0
121$15,4,8,13,9,7,14,2,15,5,1,10,16,11,3,12$1.0
122$15,4,8,13,9,7,14,2,15,5,1,10,16,11,3,12$1.0
123$15,4,8,13,9,7,14,2,15,5,1,10,6,11,3,12$1.0
124$15,4,8,13,9,7,14,2,15,5,1,10,6,11,3,12$1.0
125$15,4,8,13,9,7,14,2,15,5,1,10,16,11,3,12$1.0
126$15,4,8,13,9,7,14,2,15,5,1,10,16,11,3,12$1.0
127$15,4,8,13,9,7,14,2,15,5,1,10,6,11,3,12$1.0
128$15,4,8,13,9,7,14,2,15,5,1,10,6,11,3,12$1.0
129$15,4,8,13,9,7,14,2,15,5,1,10,6,11,3,12$1.0
130$15,4,8,13,9,7,14,2,15,5,1,10,6,11,3,12$1.0
131$15,4,8,13,9,7,14,2,15,5,1,10,6,11,3,12$1.0
132$15,4,8,13,9,7,14,2,15,5,1,10,16,11,3,12$1.0
133$15,4,8,13,9,7,14,2,15,5,1,10,6,11,3,12$1.0
134$15,4,8,13,9,7,14,2,15,5,1,10,6,11,3,12$1.0
135$15,4,8,13,9,7,14,2,15,5,1,10,6,11,3,12$1.0
136$15,4,8,13,9,7,14,2,15,5,1,10,6,11,3,12$1.0
137$15,4,8,16,9,7,14,2,15,5,1,10,6,11,3,12$1.0
138$15,4,8,13,9,7,14,2,15,5,1,10,6,11,3,12$1.0
139$15,4,8,13,9,7,14,2,15,5,1,10,16,6,3,12$1.0
140$15,4,8,13,9,7,14,2,15,5,1,10,6,11,3,12$1.0
141$15,4,8,13,9,7,14,2,15,5,1,10,16,6,3,12$1.0
142$15,4,8,13,9,7,14,2,15,5,1,10,6,11,3,12$1.0
143$15,4,8,13,9,7,14,2,15,5,1,10,6,11,3,12$1.0
144$1,4,8,13,9,7,14,2,15,5,1,10,6,11,3,12$1.0
145$16,4,8,3,9,7,14,2,15,5,1,10,6,11,3,12$1.0
146$15,4,8,13,9,7,14,2,15,5,1,10,6,11,3,12$1.0
147$15,4,8,13,9,7,14,2,15,5,1,10,6,11,3,12$1.0
148$15,4,8,13,9,7,14,2,15,5,1,10,6,11,3,12$1.0
149$1,4,8,13,9,7,14,2,15,5,1,10,6,11,3,12$1.0
150$15,4,8,13,9,7,14,2,15,5,1,10,6,11,3,12$1.0
151$15,4,8,13,9,7,14,2,15,5,1,10,6,11,3,12$1.0
152$15,4,8,13,9,7,14,2,15,5,1,10,6,11,3,12$1.0
153$1,4,8,13,9,7,14,2,15,5,1,10,6,11,3,12$1.0
154$1,4,8,13,9,7,14,2,15,5,1,10,16,11,3,12$1.0
155$15,4,8,13,9,7,14,2,15,5,1,10,6,11,3,12$1.0
156$15,4,8,13,9,7,14,2,15,5,1,10,6,11,3,12$1.0
157$15,4,8,13,9,7,14,2,15,5,1,10,6,11,3,12$1.0
158$1,4,8,13,9,7,14,2,15,5,1,10,6,11,3,12$1.0
159$15,4,8,13,9,7,14,2,15,5,1,10,6,11,3,12$1.0
160$15,4,8,13,9,7,14,2,15,5,1,10,6,11,3,12$1.0
161$15,4,8,13,9,7,14,2,15,5,1,10,6,11,3,12$1.0
162$15,4,8,13,9,7,14,2,15,5,1,10,6,11,3,12$1.0
163$15,4,8,13,9,7,14,2,15,5,1,10,6,11,3,12$1.0
164$15,4,8,13,9,7,14,2,15,5,1,10,16,11,3,12$1.0
165$15,4,8,13,9,7,14,2,15,5,1,10,16,11,3,12$1.0
166$15,4,8,13,9,7,14,2,15,5,1,10,6,11,3,12$1.0
167$15,4,8,13,9,7,14,2,15,5,1,10,6,11,3,12$1.0
168$15,4,8,13,9,7,14,2,15,5,1,10,16,11,3,12$1.0
169$15,4,8,13,9,7,14,2,15,5,1,10,16,11,3,12$1.0
170$15,4,8,13,9,7,14,2,15,5,1,10,6,11,3,12$1.0
171$15,4,8,13,9,7,14,2,15,5,1,10,16,11,3,12$1.0
172$15,4,8,13,9,7,14,2,15,5,1,10,6,11,3,12$1.0
173$15,4,8,13,9,7,14,2,15,5,1,10,16,11,3,12$1.0
174$15,4,8,13,9,7,14,2,15,5,1,10,16,11,3,12$1.0
175$15,4,8,13,9,7,14,2,15,5,1,10,16,11,3,12$1.0
176$15,4,8,13,9,7,14,2,15,5,1,10,6,11,3,12$1.0
177$15,4,8,13,9,7,14,2,15,5,1,10,6,11,3,16$1.0
178$15,4,8,13,9,7,14,2,15,5,1,10,6,11,3,12$1.0
179$15,4,8,13,9,7,14,2,15,5,1,10,6,11,3,12$1.0
180$15,4,8,13,9,7,14,2,15,5,1,10,6,11,3,12$1.0
181$15,4,8,13,9,7,14,2,15,5,1,10,16,11,3,12$1.0
182$15,4,8,13,9,7,14,2,15,5,1,10,6,11,3,12$1.0
183$15,4,8,13,9,7,14,2,15,5,1,10,6,11,3,12$1.0
184$15,4,8,13,9,7,14,2,15,5,1,10,6,11,3,16$1.0
185$15,4,8,13,9,7,14,2,15,5,1,10,6,11,3,16$1.0
186$15,4,8,13,9,7,14,2,15,5,1,10,6,11,3,12$1.0
187$15,4,8,13,9,7,14,2,15,5,1,10,6,11,3,16$1.0
188$15,4,8,13,9,7,14,2,15,5,1,10,6,11,3,16$1.0
189$15,4,8,13,9,7,14,2,15,5,1,10,6,11,3,12$1.0
190$15,4,8,13,9,7,14,2,15,5,1,10,6,11,3,12$1.0
191$15,4,8,13,9,7,14,2,15,5,1,10,6,11,3,12$1.0
192$15,4,8,13,9,7,14,2,15,5,1,10,6,11,3,12$1.0
193$15,4,8,13,9,7,14,2,15,5,1,10,6,11,3,16$1.0
194$15,4,8,13,9,7,14,2,15,5,1,10,6,11,3,16$1.0
195$15,4,8,13,9,7,14,2,15,5,1,10,6,11,3,16$1.0
196$15,4,8,13,9,7,14,2,15,5,1,10,6,11,3,16$1.0
197$15,4,8,13,9,7,14,2,15,5,1,10,6,11,3,12$1.0
198$15,4,8,13,9,7,14,2,15,5,1,10,6,11,3,16$1.0
199$15,4,8,13,9,7,14,2,15,5,1,10,6,11,3,16$1.0
200$15,4,8,13,9,7,14,2,15,5,1,10,6,11,3,16$1.0
201$15,4,8,13,9,7,14,2,15,5,1,10,6,11,3,16$1.0
202$15,4,8,13,9,7,14,2,15,5,1,10,6,11,3,12$1.0
203$15,4,8,13,9,7,14,2,15,5,1,10,6,11,3,12$1.0
204$15,4,8,13,9,7,14,2,15,5,1,10,6,11,3,12$1.0
205$15,4,8,13,9,7,14,2,15,5,1,10,6,11,3,12$1.0
206$15,4,8,13,9,7,14,2,15,5,1,10,6,11,3,12$1.0
207$15,4,8,13,9,7,14,2,15,5,1,10,6,11,3,16$1.0
208$15,4,8,13,9,7,14,2,15,5,1,10,6,11,3,12$1.0
209$15,4,8,13,9,7,14,2,15,5,1,10,6,11,3,12$1.0
210$15,4,8,13,9,7,14,2,15,5,1,10,6,11,3,16$1.0
211$15,4,8,13,9,7,14,2,15,5,1,10,6,11,3,16$1.0
212$15,4,8,13,9,7,14,2,15,5,1,10,6,11,3,16$1.0
213$15,4,8,13,9,7,14,2,15,5,1,10,6,11,3,12$1.0
214$15,4,8,13,9,7,14,2,15,5,1,10,6,11,3,16$1.0
215$15,4,8,13,9,7,14,2,15,5,1,10,6,11,3,16$1.0
216$15,4,8,13,9,7,14,2,15,5,1,10,6,11,3,12$1.0
217$15,4,8,13,9,7,14,2,15,5,1,10,6,11,3,16$1.0
218$15,4,8,13,9,7,14,2,15,5,1,10,6,11,3,12$1.0
219$15,4,8,13,9,7,14,2,15,5,1,10,6,11,3,16$1.0
220$15,4,8,13,9,7,14,2,15,5,1,10,6,11,3,16$1.0
221$15,4,8,13,9,7,14,2,15,5,1,10,6,11,3,12$1.0
222$15,4,8,13,9,7,14,2,15,5,1,10,6,11,3,12$1.0
223$15,4,8,13,9,7,14,2,15,5,1,10,6,11,3,16$1.0
224$15,4,8,13,9,7,14,2,15,5,1,10,6,11,3,16$1.0
225$15,4,8,13,9,7,14,2,15,5,1,10,6,11,3,16$1.0
226$15,4,8,13,9,7,14,2,15,5,1,10,6,11,3,12$1.0
227$4,4,8,13,9,7,14,2,15,5,1,10,6,11,3,12$1.0
228$15,4,8,13,9,7,14,2,15,5,1,10,6,11,3,12$1.0
229$15,4,8,13,9,7,14,2,15,5,1,10,6,11,3,16$1.0
230$1,4,8,13,9,7,14,2,15,5,1,10,6,11,3,12$1.0
231$15,4,8,13,9,7,14,2,15,5,1,10,6,11,3,12$1.0
232$15,4,8,13,9,7,14,2,15,5,1,10,6,11,3,16$1.0
233$15,4,8,13,9,7,14,2,15,5,1,10,6,11,3,16$1.0
234$15,4,8,13,9,7,14,2,15,5,1,10,6,11,3,12$1.0
235$15,4,8,13,9,7,14,2,15,5,1,10,6,11,3,12$1.0
236$15,4,8,13,9,7,14,2,15,5,1,10,6,11,3,12$1.0
237$15,4,8,13,9,7,14,2,15,5,1,10,6,11,3,12$1.0
238$15,4,8,13,9,7,14,2,15,5,1,10,6,11,3,12$1.0
239$15,4,8,13,9,7,14,2,15,5,1,10,6,11,3,12$1.0
240$15,4,8,13,9,7,14,2,15,5,1,10,6,11,3,16$1.0
241$15,4,8,13,9,7,14,2,15,5,1,10,6,11,3,16$1.0
242$15,4,8,13,9,7,14,2,15,5,1,10,6,11,3,16$1.0
243$15,4,8,13,9,7,14,2,15,5,1,10,6,11,3,12$1.0
244$15,4,8,13,9,7,14,2,15,5,1,10,6,11,3,12$1.0
245$15,4,8,13,9,7,14,2,15,5,1,10,6,11,3,12$1.0
246$15,4,8,13,9,7,14,2,15,5,1,10,6,11,3,12$1.0
247$15,4,8,13,9,7,14,2,15,5,1,10,6,11,3,12$1.0
248$15,4,8,13,9,7,14,2,15,5,1,10,6,11,3,16$1.0
249$15,4,8,13,9,7,14,2,15,5,1,10,6,11,3,12$1.0
250$15,4,8,13,9,7,14,2,15,5,1,10,6,11,3,12$1.0
251$4,4,8,13,9,7,14,2,15,5,1,10,6,11,3,12$1.0
252$15,4,8,13,9,7,14,2,15,5,1,10,6,11,3,12$1.0
253$4,4,8,13,9,7,14,2,15,5,1,10,6,11,3,12$1.0
254$15,4,8,13,9,7,14,2,15,5,1,10,6,11,3,16$1.0
255$4,4,8,13,9,7,14,2,15,5,1,10,6,11,3,12$1.0
256$15,4,8,13,9,7,14,2,15,5,1,10,6,11,3,16$1.0
257$15,4,8,13,9,7,14,2,15,5,1,10,6,11,3,16$1.0
258$15,4,8,13,9,7,14,2,15,5,1,10,6,11,3,16$1.0
259$4,4,8,13,9,7,14,2,15,5,1,10,6,11,3,12$1.0
260$15,4,8,13,9,7,14,2,15,5,1,10,6,11,3,16$1.0
261$4,4,8,13,9,7,14,2,15,5,1,10,6,11,3,12$1.0
262$15,4,8,13,9,7,14,2,15,5,1,10,6,11,3,16$1.0
263$15,4,8,13,9,7,14,2,15,5,1,10,6,11,3,12$1.0
264$15,4,8,13,9,7,14,2,15,5,1,10,6,11,3,16$1.0
265$15,4,8,13,9,7,14,2,15,5,1,10,6,11,3,16$1.0
266$4,14,8,13,9,7,14,2,15,5,1,10,6,11,3,16$1.0
267$15,4,8,13,9,7,14,2,15,5,1,10,6,11,3,16$1.0
268$4,4,8,13,9,7,14,2,15,5,1,10,6,11,3,12$1.0
269$4,4,8,12,9,7,14,2,15,5,1,10,6,11,3,16$1.0
270$15,4,8,13,9,7,14,2,15,5,1,10,6,11,3,12$1.0
271$4,4,8,13,9,7,14,2,15,5,1,10,6,11,3,12$1.0
272$4,4,8,13,9,7,14,2,15,5,1,10,6,11,3,12$1.0
273$4,14,8,13,9,7,14,2,15,5,1,10,6,11,3,12$1.0
274$4,4,8,13,9,7,14,2,15,5,1,10,6,11,3,16$1.0
275$4,14,8,13,9,7,14,2,15,5,1,10,6,11,3,12$1.0
276$4,4,8,13,9,7,14,2,15,5,1,10,6,11,3,16$1.0
277$4,4,8,13,9,7,14,2,15,5,1,10,6,11,3,12$1.0
278$15,4,8,13,9,7,14,2,15,5,1,10,6,11,3,16$1.0
279$4,4,8,13,9,7,14,2,15,5,1,10,6,11,3,16$1.0
280$4,4,8,13,9,7,14,2,15,5,1,10,6,11,3,16$1.0
281$15,4,8,13,9,7,14,2,15,5,1,10,6,11,3,16$1.0
282$4,4,8,13,9,7,14,2,15,5,1,10,6,11,3,16$1.0
283$4,4,8,13,9,7,14,2,15,5,1,10,6,11,3,12$1.0
284$15,4,8,13,9,7,14,2,15,5,1,10,6,11,3,16$1.0
285$4,4,8,13,9,7,14,2,15,5,1,10,6,11,3,12$1.0
286$4,4,8,13,9,7,14,2,15,5,1,10,6,11,3,16$1.0
287$15,4,8,13,9,7,14,2,15,5,1,10,6,11,3,16$1.0
288$4,4,8,13,9,7,14,2,15,5,1,10,6,11,3,16$1.0
289$4,4,8,13,9,7,14,2,15,5,1,10,6,11,3,16$1.0
290$4,14,8,13,9,7,14,2,15,5,1,10,6,11,3,16$1.0
291$4,4,8,13,9,7,14,2,15,5,1,10,6,11,3,12$1.0
292$4,4,8,13,9,7,14,2,15,5,1,10,6,11,3,16$1.0
293$4,4,8,13,9,7,14,2,15,5,1,10,6,11,3,12$1.0
294$4,14,8,13,9,7,14,2,15,5,1,10,6,11,3,12$1.0
295$4,4,8,13,9,7,14,2,15,5,1,10,6,11,3,16$1.0
296$4,4,8,13,9,7,14,2,15,5,1,10,6,11,3,16$1.0
297$4,4,8,13,9,7,14,2,15,5,1,10,6,11,3,16$1.0
298$4,4,8,13,9,7,14,2,15,5,1,10,6,11,3,16$1.0
299$4,4,8,13,9,7,14,2,15,5,1,10,6,11,3,16$1.0
300$15,4,8,13,9,7,14,2,15,5,1,10,6,11,3,12$1.0
301$4,4,8,13,9,7,14,2,15,5,1,10,6,11,3,16$1.0
302$4,4,8,13,9,7,14,2,15,5,1,10,6,11,3,12$1.0
303$15,4,8,13,9,7,14,2,15,5,1,10,6,11,3,12$1.0
304$4,4,8,13,9,7,14,2,15,5,1,10,6,11,3,16$1.0
305$4,4,8,13,9,7,14,2,15,5,1,10,6,11,3,12$1.0
306$15,4,8,13,9,7,14,2,15,5,1,10,6,11,3,16$1.0
307$4,1,8,13,9,7,14,2,15,5,1,10,6,11,3,16$1.0
308$4,1,8,13,9,7,14,2,15,5,1,10,6,11,3,16$1.0
309$4,4,8,13,9,7,14,2,15,5,1,10,6,11,3,16$1.0
310$15,4,8,13,9,7,14,2,15,5,1,10,6,11,3,16$1.0
311$4,4,8,13,9,7,14,2,15,5,1,10,6,11,3,16$1.0
312$4,4,8,13,9,7,14,2,15,5,1,10,6,11,3,16$1.0
313$4,4,8,13,9,7,14,2,15,5,1,10,6,11,3,16$1.0
314$4,2,8,13,9,7,14,2,15,5,1,10,6,11,3,12$1.0
315$4,4,8,13,9,7,14,2,15,5,1,10,6,11,3,16$1.0
316$4,4,8,13,9,7,14,2,15,5,1,10,6,11,3,16$1.0
317$4,2,8,13,9,7,14,2,15,5,1,10,6,11,3,12$1.0
318$4,4,8,13,9,7,14,2,15,5,1,10,6,11,3,12$1.0
319$4,4,8,13,9,7,14,2,15,5,1,10,6,11,3,12$1.0
320$4,4,8,13,9,7,14,2,15,5,1,10,6,11,3,12$1.0
321$4,4,8,13,9,7,14,2,15,5,1,10,6,11,3,16$1.0
322$4,4,8,13,9,7,14,2,15,5,1,10,6,11,3,12$1.0
323$4,4,8,13,9,7,14,2,15,5,1,10,6,11,3,12$1.0
324$4,1,8,13,9,7,14,2,15,5,1,10,6,11,3,12$1.0
325$4,14,8,13,9,7,14,2,15,5,1,10,6,11,3,16$1.0
326$15,4,8,13,9,7,14,2,15,5,1,10,6,11,3,12$1.0
327$4,4,8,13,9,7,14,2,15,5,1,10,6,11,3,12$1.0
328$15,4,8,13,9,7,14,2,15,5,1,10,6,11,3,12$1.0
329$4,1,8,13,9,7,14,2,15,5,1,10,6,11,3,12$1.0
330$4,14,8,13,9,7,14,2,15,5,1,10,6,11,3,16$1.0
331$15,4,8,13,9,7,14,2,15,5,1,10,6,11,3,16$1.0
332$4,4,8,13,9,7,14,2,15,5,1,10,6,11,3,12$1.0
333$4,14,8,13,9,7,14,2,15,5,1,10,6,11,3,16$1.0
334$4,4,8,13,9,7,14,2,15,5,1,10,6,11,3,12$1.0
335$4,4,8,13,9,7,14,2,15,5,1,10,6,11,3,12$1.0
336$4,4,8,13,9,7,14,2,15,5,1,10,6,11,3,16$1.0
337$4,1,8,13,9,7,14,2,15,5,1,10,6,11,3,12$1.0
338$4,14,8,13,9,7,14,2,15,5,1,10,6,11,3,16$1.0
339$4,4,8,13,9,7,14,2,15,5,1,10,6,11,3,12$1.0
340$4,4,8,13,9,7,14,2,15,5,1,10,6,11,3,16$1.0
341$4,14,8,13,9,7,14,2,15,5,1,10,6,11,3,12$1.0
342$4,4,8,13,9,7,14,2,15,5,1,10,6,11,3,16$1.0
343$4,1,8,13,9,7,14,2,15,5,1,10,6,11,3,16$1.0
344$4,4,8,12,9,7,14,2,15,5,1,10,6,11,3,16$1.0
345$4,14,8,13,9,7,14,2,15,5,1,10,6,11,3,16$1.0
346$4,14,8,13,9,7,14,2,15,5,1,10,6,11,3,16$1.0
347$4,4,8,16,9,7,14,2,15,5,1,10,6,11,3,12$1.0
348$4,14,8,13,9,7,14,2,15,5,1,10,6,11,3,16$1.0
349$4,4,8,13,9,7,14,2,15,5,1,10,6,11,3,16$1.0
350$4,14,8,13,9,7,14,2,15,5,1,10,6,11,3,12$1.0
351$15,4,8,13,9,7,14,2,15,5,1,10,6,11,3,16$1.0
352$4,4,8,13,9,7,14,2,15,5,1,10,6,11,3,12$1.0
353$4,1,8,13,9,7,14,2,15,5,1,10,6,11,3,12$1.0
354$4,14,8,13,9,7,14,2,15,5,1,10,6,11,3,12$1.0
355$4,14,8,13,9,7,14,2,15,5,1,10,6,11,3,16$1.0
356$4,2,8,13,9,7,14,2,15,5,1,10,6,11,3,12$1.0
357$15,4,8,13,9,7,14,2,15,5,1,10,6,11,3,12$1.0
358$4,2,8,13,9,7,14,2,15,5,1,10,6,11,3,12$1.0
359$4,2,8,13,9,7,14,2,15,5,1,10,6,11,3,12$1.0
360$4,14,8,13,9,7,14,2,15,5,1,10,6,11,3,12$1.0
361$4,2,8,13,9,7,14,2,15,5,1,10,6,11,3,12$1.0
362$4,14,8,13,9,7,14,2,15,5,1,10,6,11,3,12$1.0
363$4,14,8,13,9,7,14,2,15,5,1,10,6,11,3,12$1.0
364$4,14,8,13,9,7,14,2,15,5,1,10,6,11,3,12$1.0
365$4,2,8,13,9,7,14,2,15,5,1,10,6,11,3,12$1.0
366$4,14,8,13,9,7,14,2,15,5,1,10,6,11,3,12$1.0
367$4,2,8,13,9,7,14,2,15,5,1,10,6,11,3,12$1.0
368$4,14,8,13,9,7,14,2,15,5,1,10,6,11,3,12$1.0
369$4,1,8,13,9,7,14,2,15,5,1,10,6,11,3,12$1.0
370$4,4,8,13,9,7,14,2,15,5,1,10,6,11,3,12$1.0
371$4,2,8,13,9,7,14,2,15,5,1,10,6,11,3,12$1.0
372$4,2,8,13,9,7,14,2,15,5,1,10,6,11,3,12$1.0
373$4,14,8,13,9,7,14,2,15,5,1,10,6,11,3,12$1.0
374$4,14,8,13,9,7,14,2,15,5,1,10,6,11,3,12$1.0
375$4,2,8,13,9,7,14,2,15,5,1,10,6,11,3,12$1.0
376$4,2,8,13,9,7,14,2,15,5,1,10,6,11,3,12$1.0
377$4,2,8,13,9,7,14,2,15,5,1,10,6,11,3,12$1.0
378$4,14,8,13,9,7,14,2,15,5,1,10,6,11,3,12$1.0
379$4,2,8,13,9,7,14,2,15,5,1,10,6,11,3,12$1.0
380$4,14,8,13,9,7,14,2,15,5,1,10,6,11,3,12$1.0
381$4,2,8,13,9,7,14,2,15,5,1,10,6,11,3,12$1.0
382$4,14,8,13,9,7,14,2,15,5,1,10,6,11,3,12$1.0
383$4,2,8,13,9,7,14,2,15,5,1,10,6,11,3,12$1.0
384$4,14,8,13,9,7,14,2,15,5,1,10,6,11,3,12$1.0
385$4,2,8,13,9,7,14,2,15,5,1,10,6,11,3,12$1.0
386$4,14,8,13,9,7,14,2,15,5,1,10,6,11,3,12$1.0
387$4,2,8,13,9,7,14,2,15,5,1,10,6,11,3,12$1.0
388$4,1,8,13,9,7,14,2,15,5,1,10,6,11,3,12$1.0
389$4,2,8,13,9,7,14,2,15,5,1,10,6,11,3,12$1.0
390$4,1,8,13,9,7,14,2,15,5,1,10,6,11,3,12$1.0
391$4,2,8,13,9,7,14,2,15,5,1,10,6,11,3,12$1.0
392$4,2,8,13,9,7,14,2,15,5,1,10,6,11,3,12$1.0
393$4,2,8,13,9,7,14,2,15,5,1,10,6,11,3,12$1.0
394$4,2,8,13,9,7,14,2,15,5,1,10,6,11,3,12$1.0
395$4,2,8,13,9,7,14,2,15,5,1,10,6,11,3,12$1.0
396$4,2,8,13,9,7,14,2,15,5,1,10,6,11,3,12$1.0
397$4,2,8,13,9,7,14,2,15,5,1,10,6,11,3,12$1.0
398$4,2,8,13,9,7,14,2,15,5,1,10,6,11,3,12$1.0
399$4,2,8,13,9,7,14,2,15,5,1,10,6,11,3,12$1.0
400$4,2,8,13,9,7,14,2,15,5,1,10,6,11,3,12$1.0
401$4,14,8,13,9,7,14,2,15,5,1,10,6,11,3,12$1.0
402$4,1,8,13,9,7,14,2,15,5,1,10,6,11,3,12$1.0
403$4,14,8,13,9,7,14,2,15,5,1,10,6,11,3,12$1.0
404$4,2,8,13,9,7,14,2,15,5,1,10,6,11,3,12$1.0
405$4,2,8,13,9,7,14,2,15,5,1,10,6,11,3,12$1.0
406$4,2,8,13,9,7,14,2,15,5,1,10,6,11,3,12$1.0
407$4,2,8,13,9,7,14,2,15,5,1,10,6,11,3,12$1.0
408$4,2,8,13,9,7,14,2,15,5,1,10,6,11,3,12$1.0
409$4,2,8,13,9,7,14,2,15,5,1,10,6,11,3,12$1.0
410$4,2,8,13,9,7,14,2,15,5,1,10,6,11,3,12$1.0
411$4,2,8,13,9,7,14,2,15,5,1,10,6,11,3,12$1.0
412$4,2,8,13,9,7,14,2,15,5,1,10,6,11,3,12$1.0
413$4,2,8,13,9,7,14,2,15,5,1,10,6,11,3,12$1.0
414$4,2,8,13,9,7,14,2,15,5,1,10,6,11,3,12$1.0
415$4,2,8,13,9,7,14,2,15,5,1,10,6,11,3,12$1.0
416$4,2,8,13,9,7,14,2,15,5,1,10,6,11,3,12$1.0
417$4,2,8,13,9,7,14,2,15,5,1,10,6,11,3,12$1.0
418$4,2,8,13,9,7,14,2,15,5,1,10,6,11,3,12$1.0
419$4,2,8,13,9,7,14,2,15,5,1,10,6,11,3,12$1.0
420$4,2,8,13,9,7,14,2,15,5,1,10,6,11,3,12$1.0
421$4,2,8,13,9,7,14,2,15,5,1,10,6,11,3,12$1.0
422$4,1,8,13,9,7,14,2,15,5,1,10,6,11,3,12$1.0
423$4,2,8,13,9,7,14,2,15,5,1,10,6,11,3,12$1.0
424$4,2,8,13,9,7,14,2,15,5,1,10,6,11,3,12$1.0
425$4,2,8,13,9,7,14,2,15,5,1,10,6,11,3,12$1.0
426$4,2,8,13,9,7,14,2,15,5,1,10,6,16,3,12$1.0
427$4,1,8,13,9,7,14,2,15,5,1,10,6,11,3,12$1.0
428$4,1,8,13,9,7,14,2,15,5,1,10,6,11,3,12$1.0
429$4,2,8,13,9,7,14,2,15,5,1,10,6,11,3,12$1.0
430$4,1,8,13,9,7,14,2,15,5,1,10,6,11,3,12$1.0
431$4,1,8,13,9,7,14,2,15,5,1,10,6,11,3,12$1.0
432$4,2,8,13,9,7,14,2,15,5,1,10,6,11,3,12$1.0
433$4,1,8,13,9,7,14,2,15,5,1,10,6,11,3,12$1.0
434$4,1,8,13,9,7,14,2,15,5,1,10,6,16,3,12$1.0
435$4,1,8,13,9,7,14,2,15,5,1,10,6,11,3,12$1.0
436$4,2,8,13,9,7,14,2,15,5,1,10,6,16,3,12$1.0
437$4,1,8,13,9,7,14,2,15,5,1,10,6,11,3,12$1.0
438$4,2,8,13,9,7,14,2,15,5,1,10,6,11,3,12$1.0
439$4,2,8,13,9,7,14,2,15,5,1,10,6,11,3,12$1.0
440$4,2,8,16,9,7,14,2,15,5,1,10,6,11,3,12$1.0
441$4,1,8,13,9,7,14,2,15,5,1,10,6,11,3,12$1.0
442$4,2,8,13,9,7,14,2,15,5,1,10,6,11,3,12$1.0
443$4,1,8,13,9,7,14,2,15,5,1,10,6,11,3,12$1.0
444$4,2,8,16,9,7,14,2,15,5,1,10,6,11,3,12$1.0
445$4,1,8,13,9,7,14,2,15,5,1,10,6,11,3,12$1.0
446$4,2,8,13,9,7,14,2,15,5,1,10,6,11,3,12$1.0
447$4,1,8,13,9,7,14,2,15,5,1,10,6,11,3,12$1.0
448$4,1,8,13,9,7,14,2,15,5,1,10,6,11,3,12$1.0
449$4,1,8,13,9,7,14,2,15,5,1,10,6,11,3,12$1.0
450$4,1,8,13,9,7,14,2,15,5,1,10,6,11,3,12$1.0
451$4,2,8,13,9,7,14,2,15,5,1,10,6,11,3,12$1.0
452$4,1,8,13,9,7,14,2,15,5,1,10,6,11,3,12$1.0
453$4,1,8,13,9,7,14,2,15,5,1,10,6,11,3,12$1.0
454$4,2,8,13,9,7,14,2,15,5,1,10,6,11,3,12$1.0
455$4,4,8,13,9,7,14,2,15,5,1,10,6,11,3,12$1.0
456$4,1,8,13,9,7,14,2,15,5,1,10,6,11,3,12$1.0
457$4,1,8,16,9,7,14,2,15,5,1,10,6,11,3,12$1.0
458$4,1,8,16,9,7,14,2,15,5,1,10,6,11,3,12$1.0
459$4,2,8,13,9,7,14,2,15,5,1,10,6,11,3,12$1.0
460$4,1,8,13,9,7,14,2,15,5,1,10,6,11,3,12$1.0
461$4,1,8,16,9,7,14,2,15,5,1,10,6,11,3,12$1.0
462$4,1,8,13,9,7,14,2,15,5,1,10,6,11,3,12$1.0
463$4,1,8,13,9,7,14,2,15,5,1,10,6,11,3,12$1.0
464$4,1,8,13,9,7,14,2,15,5,1,10,6,11,3,16$1.0
465$4,2,8,13,9,7,14,2,15,5,1,10,6,11,3,12$1.0
466$4,1,8,13,9,7,14,2,15,5,1,10,6,11,3,12$1.0
467$4,1,8,13,9,7,14,2,15,5,1,10,6,11,3,12$1.0
468$4,1,8,13,9,7,14,2,15,5,1,10,6,11,3,16$1.0
469$4,1,8,13,9,7,14,2,15,5,1,10,6,11,3,16$1.0
470$4,1,8,13,9,7,14,2,15,5,1,10,6,11,3,16$1.0
471$4,1,8,13,9,7,14,2,15,5,1,10,6,16,3,12$1.0
472$4,1,8,13,9,7,14,2,15,5,1,10,6,11,3,12$1.0
473$4,1,8,13,9,7,14,2,15,5,1,10,6,11,3,16$1.0
474$4,1,8,13,9,7,14,2,15,5,1,10,6,11,3,12$1.0
475$4,1,8,13,9,7,14,2,15,5,1,10,6,11,3,12$1.0
476$4,1,8,13,9,7,14,2,15,5,1,10,6,11,3,12$1.0
477$4,1,8,13,9,7,14,2,15,5,1,10,6,11,3,16$1.0
478$4,1,8,13,9,7,14,2,15,5,1,10,6,11,3,12$1.0
479$4,1,8,13,9,7,14,2,15,5,1,10,6,11,3,12$1.0
480$4,1,8,13,9,7,14,2,15,5,1,10,6,11,3,12$1.0
481$4,4,8,13,9,7,14,2,15,5,1,10,6,11,3,12$1.0
482$4,1,8,13,9,7,14,2,15,5,1,10,6,11,3,16$1.0
483$4,1,8,13,9,7,14,2,15,5,1,10,6,11,3,12$1.0
484$4,1,8,13,9,7,14,2,15,5,1,10,6,11,3,16$1.0
485$4,1,8,13,9,7,14,2,15,5,1,10,6,11,3,12$1.0
486$4,1,8,13,9,7,14,2,15,5,1,10,6,11,3,12$1.0
487$4,1,8,13,9,7,14,2,15,5,1,10,6,11,3,16$1.0
488$4,1,8,13,9,7,14,2,15,5,1,10,6,11,3,12$1.0
489$4,1,8,13,9,7,14,2,15,5,1,10,6,11,3,16$1.0
490$4,1,8,13,9,7,14,2,15,5,1,10,6,11,3,16$1.0
491$4,1,8,13,9,7,14,2,15,5,1,10,6,11,3,12$1.0
492$4,1,8,13,9,7,14,2,15,5,1,10,6,11,3,12$1.0
493$4,1,8,13,9,7,14,2,15,5,1,10,6,11,3,16$1.0
494$4,1,8,13,9,7,14,2,15,5,1,10,6,11,3,12$1.0
495$4,1,8,13,9,7,14,2,15,5,1,10,6,11,3,16$1.0
496$4,1,8,13,9,7,14,2,15,5,1,10,6,11,3,12$1.0
497$4,1,8,13,9,7,14,2,15,5,1,10,6,11,3,16$1.0
498$4,1,8,13,9,7,14,2,15,5,1,10,6,11,3,12$1.0
499$4,1,8,13,9,7,14,2,15,5,1,10,6,11,3,16$1.0
500$4,1,8,13,9,7,14,2,15,5,1,10,6,11,3,12$1.0
501$4,1,8,13,9,7,14,2,15,5,1,10,6,11,3,12$1.0
502$4,1,8,13,9,7,14,2,15,5,1,10,6,11,3,12$1.0
503$4,1,8,13,9,7,14,2,15,5,1,10,6,11,3,12$1.0
504$4,1,8,13,9,7,14,2,15,5,1,10,6,11,3,12$1.0
505$4,1,8,13,9,7,14,2,15,5,1,10,6,11,3,12$1.0
506$4,1,8,13,9,7,14,2,15,5,1,10,6,11,3,12$1.0
507$4,1,8,13,9,7,14,2,15,5,1,10,6,16,3,12$1.0
508$4,1,8,13,9,7,14,2,15,5,1,10,6,11,3,12$1.0
509$4,1,8,13,9,7,14,2,15,5,1,10,6,11,3,12$1.0
510$4,1,8,13,9,7,14,2,15,5,1,10,6,11,3,12$1.0
511$4,1,8,13,9,7,14,2,15,5,1,10,6,11,3,12$1.0
512$4,1,8,13,9,7,14,2,15,5,1,10,6,11,3,12$1.0
513$4,1,8,13,9,7,14,2,15,5,1,10,6,16,3,12$1.0
514$4,1,8,13,9,7,14,2,15,5,1,10,6,11,3,12$1.0
515$4,1,8,13,9,7,14,2,15,5,1,10,6,16,3,12$1.0
516$4,1,8,13,9,7,14,2,15,5,1,10,6,11,3,12$1.0
517$4,1,8,13,9,7,14,2,15,5,1,10,6,11,3,12$1.0
518$4,1,8,13,9,7,14,2,15,5,1,10,6,16,3,12$1.0
519$4,1,8,13,9,7,14,2,15,5,1,10,6,11,3,12$1.0
520$4,14,8,13,9,7,14,2,15,5,1,10,6,11,3,12$1.0
521$4,1,8,13,9,7,14,2,15,5,1,10,6,11,3,12$1.0
522$4,1,8,13,9,7,14,2,15,5,1,10,6,11,3,12$1.0
523$4,1,8,13,9,7,14,2,15,5,1,10,6,11,3,12$1.0
524$4,1,8,13,9,7,14,2,15,5,1,10,6,11,3,12$1.0
525$4,1,8,13,9,7,14,2,15,5,1,10,6,11,3,16$1.0
526$4,1,8,13,9,7,14,2,15,5,1,10,6,11,3,12$1.0
527$4,1,8,13,9,7,14,2,15,5,1,10,6,11,3,12$1.0
528$4,1,8,13,9,7,14,2,15,5,1,10,6,11,3,12$1.0
529$4,1,8,13,9,7,14,2,15,5,1,10,6,11,3,12$1.0
530$4,1,8,13,9,7,14,2,15,5,1,10,6,11,3,12$1.0
531$4,1,8,13,9,7,14,2,15,5,1,10,6,11,3,12$1.0
532$4,1,8,13,9,7,14,2,15,5,1,10,6,11,3,12$1.0
533$4,1,8,13,9,7,14,2,15,5,1,10,6,11,3,12$1.0
534$4,14,8,13,9,7,14,2,15,5,1,10,6,11,3,12$1.0
535$4,1,8,13,9,7,14,2,15,5,1,10,6,11,3,12$1.0
536$4,1,8,13,9,7,14,2,15,5,1,10,6,11,3,12$1.0
537$4,1,8,13,9,7,14,2,15,5,1,10,6,11,3,12$1.0
538$4,1,8,13,9,7,14,2,15,5,1,10,6,11,3,12$1.0
539$4,1,8,13,9,7,14,2,15,5,1,10,6,11,3,12$1.0
540$4,1,8,13,9,7,14,2,15,5,1,10,6,11,3,12$1.0
541$4,1,8,13,9,7,14,2,15,5,1,10,6,11,3,12$1.0
542$4,1,8,13,9,7,14,2,15,5,1,10,6,11,3,12$1.0
543$4,1,8,13,9,7,14,2,15,5,1,10,6,11,3,12$1.0
544$4,1,8,13,9,7,14,2,15,5,1,10,6,11,3,12$1.0
545$4,1,8,13,9,7,14,2,15,5,1,10,6,16,3,12$1.0
546$4,1,8,13,9,7,14,2,15,5,1,10,6,11,3,12$1.0
547$4,1,8,13,9,7,14,2,15,5,1,10,6,11,3,12$1.0
548$4,1,8,13,9,7,14,2,15,5,1,10,6,11,3,12$1.0
549$4,1,8,13,9,7,14,2,15,5,1,10,6,11,3,12$1.0
550$4,1,8,13,9,7,14,2,15,5,1,10,6,11,3,12$1.0
551$4,1,8,13,9,7,14,2,15,5,1,10,6,11,3,12$1.0
552$4,1,8,13,9,7,14,2,15,5,1,10,6,11,3,12$1.0
553$4,1,8,13,9,7,14,2,15,5,1,10,6,11,3,12$1.0
554$4,1,8,13,9,7,14,2,15,5,1,10,6,11,3,12$1.0
555$4,1,8,13,9,7,14,2,15,5,1,10,6,11,3,12$1.0
556$4,1,8,13,9,7,14,2,15,5,1,10,6,11,3,12$1.0
557$4,1,8,13,9,7,14,2,15,5,1,10,6,11,3,12$1.0
558$4,1,8,13,9,7,14,2,15,5,1,10,6,11,3,12$1.0
559$4,1,8,13,9,7,14,2,15,5,1,10,6,11,3,12$1.0
560$4,4,8,13,9,7,14,2,15,5,1,10,6,11,3,12$1.0
561$4,1,8,13,9,7,14,2,15,5,1,10,6,11,3,12$1.0
562$4,1,8,13,9,7,14,2,15,5,1,10,6,11,3,12$1.0
563$4,4,8,13,9,7,14,2,15,5,1,10,6,11,3,12$1.0
564$4,1,8,13,9,7,14,2,15,5,1,10,6,11,3,12$1.0
565$4,1,8,13,9,7,14,2,15,5,1,10,6,16,3,12$1.0
566$4,1,8,13,9,7,14,2,15,5,1,10,6,11,3,12$1.0
567$4,1,8,13,9,7,14,2,15,5,1,10,6,11,3,12$1.0
568$4,1,8,13,9,7,14,2,15,5,1,10,6,11,3,12$1.0
569$4,1,8,13,9,7,14,2,15,5,1,10,6,16,3,12$1.0
570$4,1,8,13,9,7,14,2,15,5,1,10,6,11,3,12$1.0
571$4,1,8,13,9,7,14,2,15,5,1,10,6,11,3,12$1.0
572$4,1,8,13,9,7,14,2,15,5,1,10,6,11,3,12$1.0
573$4,1,8,13,9,7,14,2,15,5,1,10,6,11,3,12$1.0
574$4,1,8,13,9,7,14,2,15,5,1,10,6,16,3,12$1.0
575$4,1,8,13,9,7,14,2,15,5,1,10,6,11,3,12$1.0
576$4,1,8,13,9,7,14,2,15,5,1,10,6,11,3,12$1.0
577$4,1,8,13,9,7,14,2,15,5,1,10,6,16,3,12$1.0
578$4,1,8,13,9,7,14,2,15,5,1,10,6,11,3,12$1.0
579$4,1,8,13,9,7,14,2,15,5,1,10,6,11,3,12$1.0
580$4,1,8,13,9,7,14,2,15,5,1,10,6,16,3,12$1.0
581$4,1,8,13,9,7,14,2,15,5,1,10,6,11,3,16$1.0
582$4,4,8,13,9,7,14,2,15,5,1,10,6,11,3,12$1.0
583$4,4,8,13,9,7,14,2,15,5,1,10,6,11,3,16$1.0
584$4,4,8,13,9,7,14,2,15,5,1,10,6,11,3,12$1.0
585$4,4,8,13,9,7,14,2,15,5,1,10,6,11,3,12$1.0
586$4,4,8,13,9,7,14,2,15,5,1,10,6,11,3,12$1.0
587$4,1,8,16,9,7,14,2,15,5,1,10,6,11,3,12$1.0
588$4,4,8,13,9,7,14,2,15,5,1,10,6,11,3,12$1.0
589$4,4,8,13,9,7,14,2,15,5,1,10,6,11,3,12$1.0
590$4,1,8,13,9,7,14,2,15,5,1,10,6,11,3,12$1.0
591$4,1,8,13,9,7,14,2,15,5,1,10,6,11,3,12$1.0
592$4,4,8,16,9,7,14,2,15,5,1,10,6,11,3,12$1.0
593$4,4,8,13,9,7,14,2,15,5,1,10,6,11,3,12$1.0
594$4,4,8,13,9,7,14,2,15,5,1,10,6,11,3,12$1.0
595$4,4,8,16,9,7,14,2,15,5,1,10,6,11,3,12$1.0
596$4,1,8,16,9,7,14,2,15,5,1,10,6,11,3,12$1.0
597$4,1,8,13,9,7,14,2,15,5,1,10,6,11,3,12$1.0
598$4,4,8,13,9,7,14,2,15,5,1,10,6,11,3,12$1.0
599$4,2,8,13,9,7,14,2,15,5,1,10,6,11,3,12$1.0
600$4,2,8,13,9,7,14,2,15,5,1,10,6,11,3,12$1.0
601$4,1,8,16,9,7,14,2,15,5,1,10,6,11,3,12$1.0
602$4,2,8,13,9,7,14,2,15,5,1,10,6,11,3,12$1.0
603$4,1,8,13,9,7,14,2,15,5,1,10,6,11,3,12$1.0
604$4,1,8,13,9,7,14,2,15,5,1,10,6,11,3,12$1.0
605$4,2,8,13,9,7,14,2,15,5,1,10,6,11,3,12$1.0
606$4,2,8,13,9,7,14,2,15,5,1,10,6,11,3,12$1.0
607$4,2,8,13,9,7,14,2,15,5,1,10,6,11,3,12$1.0
608$4,2,8,13,9,7,14,2,15,5,1,10,6,11,3,12$1.0
609$4,2,8,13,9,7,14,2,15,5,1,10,6,11,3,12$1.0
610$4,1,8,13,9,7,14,2,15,5,1,10,6,11,3,12$1.0
611$4,2,8,13,9,7,14,2,15,5,1,10,6,11,3,12$1.0
612$4,2,8,13,9,7,14,2,15,5,1,10,6,11,3,12$1.0
613$4,1,8,13,9,7,14,2,15,5,1,10,6,11,3,12$1.0
614$4,2,8,13,9,7,14,2,15,5,1,10,6,11,3,12$1.0
615$4,1,8,13,9,7,14,2,15,5,1,10,6,11,3,12$1.0
616$4,2,8,13,9,7,14,2,15,5,1,10,6,11,3,12$1.0
617$4,2,8,13,9,7,14,2,15,5,1,10,6,11,3,12$1.0
618$4,2,8,13,9,7,14,2,15,5,1,10,6,11,3,12$1.0
619$4,2,8,13,9,7,14,2,15,5,1,10,6,11,3,12$1.0
620$4,2,8,13,9,7,14,2,15,5,1,10,6,11,3,12$1.0
621$4,2,8,13,9,7,14,2,15,5,1,10,6,11,3,12$1.0
622$4,2,8,13,9,7,14,2,15,5,1,10,6,11,3,12$1.0
623$4,1,8,16,9,7,14,2,15,5,1,10,6,11,3,12$1.0
624$4,2,8,13,9,7,14,2,15,5,1,10,6,11,3,12$1.0
625$4,2,8,13,9,7,14,2,15,5,1,10,6,11,3,12$1.0
626$4,2,8,13,9,7,14,2,15,5,1,10,6,11,3,12$1.0
627$4,1,8,13,9,7,14,2,15,5,1,10,6,11,3,12$1.0
628$4,1,8,13,9,7,14,2,15,5,1,10,6,11,3,12$1.0
629$4,1,8,13,9,7,14,2,15,5,1,10,6,11,3,12$1.0
630$4,2,8,13,9,7,14,2,15,5,1,10,6,11,3,12$1.0
631$4,2,8,13,9,7,14,2,15,5,1,10,6,11,3,12$1.0
632$4,2,8,13,9,7,14,2,15,5,1,10,6,11,3,12$1.0
633$4,1,8,13,9,7,14,2,15,5,1,10,6,11,3,12$1.0
634$4,1,8,16,9,7,14,2,15,5,1,10,6,11,3,12$1.0
635$4,2,8,16,9,7,14,2,15,5,1,10,6,11,3,12$1.0
636$4,2,8,16,9,7,14,2,15,5,1,10,6,11,3,12$1.0
637$4,2,8,16,9,7,14,2,15,5,1,10,6,11,3,12$1.0
638$4,2,8,16,9,7,14,2,15,5,1,10,6,11,3,12$1.0
639$4,1,8,16,9,7,14,2,15,5,1,10,6,11,3,12$1.0
640$4,2,8,13,9,7,14,2,15,5,1,10,6,11,3,12$1.0
641$4,2,8,16,9,7,14,2,15,5,1,10,6,11,3,12$1.0
642$4,2,8,13,9,7,14,2,15,5,1,10,6,11,3,12$1.0
643$4,2,8,16,9,7,14,2,15,5,1,10,6,11,3,12$1.0
644$4,2,8,13,9,7,14,2,15,5,1,10,6,11,3,12$1.0
645$4,2,8,13,9,7,14,2,15,5,1,10,6,11,3,12$1.0
646$4,2,8,13,9,7,14,2,15,5,1,10,6,11,3,12$1.0
647$4,2,8,16,9,7,14,2,15,5,1,10,6,11,3,12$1.0
648$4,2,8,16,9,7,14,2,15,5,1,10,6,11,3,12$1.0
649$4,2,13,16,9,7,14,2,15,5,1,10,6,11,3,12$1.0
650$4,2,8,13,9,7,14,2,15,5,1,10,6,11,3,12$1.0
651$4,2,8,13,9,7,14,2,15,5,1,10,6,11,3,12$1.0
652$4,15,13,16,9,7,14,2,15,5,1,10,6,11,3,12$1.0
653$4,1,8,13,9,7,14,2,15,5,1,10,6,11,3,12$1.0
654$4,1,13,16,9,7,14,2,15,5,1,10,6,11,3,12$1.0
655$4,1,13,16,9,7,14,2,15,5,1,10,6,11,3,12$1.0
656$4,2,8,13,9,7,14,2,15,5,1,10,6,11,3,12$1.0
657$4,2,13,16,9,7,14,2,15,5,1,10,6,11,3,12$1.0
658$4,2,13,16,9,7,14,2,15,5,1,10,6,11,3,12$1.0
659$4,2,13,16,9,7,14,2,15,5,1,10,6,11,3,12$1.0
660$4,2,13,16,9,7,14,2,15,5,1,10,6,11,3,12$1.0
661$4,1,13,16,9,7,14,2,15,5,1,10,6,11,3,12$1.0
662$4,2,13,16,9,7,14,2,15,5,1,10,6,11,3,12$1.0
663$4,2,13,16,9,7,14,2,15,5,1,10,6,11,3,12$1.0
664$4,15,13,16,9,7,14,2,15,5,1,10,6,11,3,12$1.0
665$4,2,13,16,9,7,14,2,15,5,1,10,6,11,3,12$1.0
666$4,2,13,16,9,7,14,2,15,5,1,10,6,11,3,12$1.0
667$4,2,13,16,9,7,14,2,15,5,1,10,6,11,3,12$1.0
668$4,1,13,16,9,7,14,2,15,5,1,10,6,11,3,12$1.0
669$4,2,13,16,9,7,14,2,15,5,1,10,6,11,3,12$1.0
670$4,2,13,16,9,7,14,2,15,5,1,10,6,11,3,12$1.0
671$4,2,13,16,9,7,14,2,15,5,1,10,6,11,3,12$1.0
672$4,1,13,16,9,7,14,2,15,5,1,10,6,11,3,12$1.0
673$4,2,13,16,9,7,14,2,15,5,1,10,6,11,3,12$1.0
674$4,2,13,16,9,7,14,2,15,5,1,10,6,11,3,12$1.0
675$4,1,13,16,9,7,14,2,15,5,1,10,6,11,3,12$1.0
676$4,2,13,16,9,7,14,2,15,5,1,10,6,11,3,12$1.0
677$4,2,13,16,9,7,14,2,15,5,1,10,6,11,3,12$1.0
678$4,2,13,16,9,7,14,2,15,5,1,10,6,11,3,12$1.0
679$4,1,13,16,9,7,14,2,15,5,1,10,6,11,3,12$1.0
680$4,2,13,16,9,7,14,2,15,5,1,10,6,11,3,12$1.0
681$4,2,13,16,9,7,14,2,15,5,1,10,6,11,3,12$1.0
682$4,2,13,16,9,7,14,2,15,5,1,10,6,11,3,12$1.0
683$4,2,13,16,9,7,14,2,15,5,1,10,6,11,3,12$1.0
684$4,1,13,16,9,7,14,2,15,5,1,10,6,11,3,12$1.0
685$4,2,13,16,9,7,14,2,15,5,1,10,6,11,3,12$1.0
686$4,4,13,16,9,7,14,2,15,5,1,10,6,11,3,12$1.0
687$4,1,13,16,9,7,14,2,15,5,1,10,6,11,3,12$1.0
688$4,7,13,16,9,7,14,2,15,5,1,10,6,11,3,12$1.0
689$4,4,13,16,9,7,14,2,15,5,1,10,6,11,3,12$1.0
690$4,2,13,16,9,7,14,2,15,5,1,10,6,11,3,12$1.0
691$4,2,13,16,9,7,14,2,15,5,1,10,6,11,3,12$1.0
692$4,2,13,16,9,7,14,2,15,5,1,10,6,11,3,12$1.0
693$4,2,13,16,9,7,14,2,15,5,1,10,6,11,3,12$1.0
694$4,7,13,16,9,7,14,2,15,5,1,10,6,11,3,12$1.0
695$4,7,13,16,9,5,14,2,15,5,1,10,6,11,3,12$1.0
696$4,2,13,16,9,7,14,2,15,5,1,10,6,11,3,12$1.0
697$4,2,13,16,9,7,14,2,15,5,1,10,6,11,3,12$1.0
698$4,2,13,16,9,7,14,2,15,5,1,10,6,11,3,12$1.0
699$4,4,13,16,9,7,14,2,15,5,1,10,6,11,3,12$1.0
700$4,2,8,16,9,7,14,2,15,5,1,10,6,11,3,12$1.0
701$4,2,13,16,9,7,14,2,15,5,1,10,6,11,3,12$1.0
702$4,2,13,16,9,7,14,2,15,5,1,10,6,11,3,12$1.0
703$4,2,13,16,9,7,14,2,15,5,1,10,6,11,3,12$1.0
704$4,2,13,16,9,7,14,2,15,5,1,10,6,11,3,12$1.0
705$4,2,13,16,9,7,14,2,15,5,1,10,6,11,3,12$1.0
706$4,2,13,16,9,7,14,2,15,5,1,10,6,11,3,12$1.0
707$4,2,13,16,9,7,14,2,15,5,1,10,6,11,3,12$1.0
708$4,2,13,16,9,7,14,2,15,5,1,10,6,11,3,12$1.0
709$4,2,13,16,9,7,14,2,15,5,1,10,6,11,3,12$1.0
710$4,2,13,16,9,7,14,2,15,5,1,10,6,11,3,12$1.0
711$4,2,13,16,9,7,14,2,15,5,1,10,6,11,3,12$1.0
712$4,2,13,16,9,7,14,2,15,5,1,10,6,11,3,12$1.0
713$4,2,13,16,9,7,14,2,15,5,1,10,6,11,3,12$1.0
714$4,2,13,16,9,7,14,2,15,5,1,10,6,11,3,12$1.0
715$4,2,13,16,9,7,14,2,15,5,1,10,6,11,3,12$1.0
716$4,1,13,16,9,7,14,2,15,5,1,10,6,11,3,12$1.0
717$4,2,13,16,9,7,14,2,15,5,1,10,6,11,3,12$1.0
718$4,1,13,16,9,7,14,2,15,5,1,10,6,11,3,12$1.0
719$4,2,13,16,9,7,14,2,15,5,1,10,6,11,3,12$1.0
720$4,4,13,16,9,7,14,2,15,5,1,10,6,11,3,12$1.0
721$4,4,13,16,9,7,14,2,15,5,1,10,6,11,3,12$1.0
722$4,1,13,16,9,7,14,2,15,5,1,10,6,11,3,12$1.0
723$4,2,13,16,9,7,14,2,15,5,1,10,6,11,3,12$1.0
724$4,2,13,16,9,7,14,2,15,5,1,10,6,11,3,12$1.0
725$4,2,13,16,9,7,14,2,15,5,1,10,6,11,3,12$1.0
726$4,4,13,16,9,7,14,2,15,5,1,10,6,11,3,12$1.0
727$4,2,13,16,9,7,14,2,15,5,1,10,6,11,3,12$1.0
728$4,2,13,16,9,7,14,2,15,5,1,10,6,11,3,12$1.0
729$4,7,13,16,9,7,14,2,15,5,1,10,6,11,3,12$1.0
730$4,2,13,16,9,7,14,2,15,5,1,10,6,11,3,12$1.0
731$4,2,13,16,9,7,14,2,15,5,1,10,6,11,3,12$1.0
732$1,4,13,16,9,7,14,2,15,5,1,10,6,11,3,12$1.0
733$4,4,13,16,9,7,14,2,15,5,1,10,6,11,3,12$1.0
734$4,4,13,16,9,7,14,2,15,5,1,10,6,11,3,12$1.0
735$1,4,13,16,9,7,14,2,15,5,1,10,6,11,3,12$1.0
736$1,4,13,16,9,7,14,2,15,5,1,10,6,11,3,12$1.0
737$4,4,13,16,9,7,14,2,8,5,1,10,6,11,3,12$1.0
738$4,15,13,16,9,7,14,2,15,5,1,10,6,11,3,12$1.0
739$4,15,13,16,9,7,14,2,15,5,1,10,6,11,3,12$1.0
740$4,2,13,16,9,7,14,2,15,5,1,10,6,11,3,12$1.0
741$4,1,13,16,9,7,14,2,15,5,1,10,6,11,3,12$1.0
742$4,2,13,16,9,7,14,2,15,5,1,10,6,11,3,12$1.0
743$4,7,13,16,9,7,14,2,15,5,1,10,6,11,3,12$1.0
744$4,2,13,16,9,7,14,2,15,5,1,10,6,11,3,12$1.0
745$4,2,13,16,9,7,14,2,15,5,1,10,6,11,3,12$1.0
746$4,7,13,16,9,7,14,2,15,5,1,10,6,11,3,12$1.0
747$4,2,13,16,9,7,14,2,15,5,1,10,6,11,3,12$1.0
748$4,15,13,16,9,7,14,2,15,5,1,10,6,11,3,12$1.0
749$4,2,13,16,9,7,14,2,15,5,1,10,6,11,3,12$1.0
750$4,2,13,16,9,7,14,2,15,5,1,10,6,11,3,12$1.0
751$4,7,13,16,9,7,14,2,15,5,1,10,6,11,3,12$1.0
752$4,2,8,16,9,7,14,2,15,5,1,10,6,13,3,12$1.0
753$4,1,13,16,9,7,14,2,15,5,1,10,6,11,3,12$1.0
754$4,2,13,16,9,7,14,2,15,5,1,10,6,11,3,12$1.0
755$4,1,13,16,9,7,14,2,15,5,1,10,6,11,3,12$1.0
756$4,7,13,16,9,7,14,2,15,5,1,10,6,11,3,12$1.0
757$4,1,13,16,9,7,14,2,15,5,1,10,6,11,3,12$1.0
758$4,1,13,16,9,7,14,2,15,5,1,10,6,11,3,12$1.0
759$4,1,13,16,9,7,14,2,15,5,1,10,6,11,3,12$1.0
760$4,2,8,13,9,7,14,2,15,5,1,10,6,11,3,12$1.0
761$4,2,13,16,9,7,14,2,15,5,1,10,6,11,3,12$1.0
762$4,4,8,13,9,7,14,2,15,5,1,10,6,11,3,12$1.0
763$4,2,8,13,9,7,14,2,15,5,1,10,6,11,3,12$1.0
764$4,2,8,13,9,7,14,2,15,5,1,10,6,11,3,12$1.0
765$4,2,8,13,9,7,14,2,15,5,1,10,6,11,3,12$1.0
766$4,4,13,16,9,7,14,2,8,5,1,10,6,11,3,12$1.0
767$4,4,13,16,9,7,14,2,15,5,1,10,6,11,3,12$1.0
768$4,2,13,16,9,7,14,2,15,5,1,10,6,11,3,12$1.0
769$4,4,8,16,9,7,14,2,15,5,1,10,6,11,3,12$1.0
770$4,2,8,16,9,7,14,2,15,5,1,10,6,11,3,12$1.0
771$4,2,8,16,9,7,14,2,15,5,1,10,6,13,3,12$1.0
772$4,2,8,16,9,7,14,2,15,5,1,10,6,11,3,12$1.0
773$4,4,13,16,9,7,14,2,15,5,1,10,6,11,3,12$1.0
774$4,2,8,13,9,7,14,2,15,5,1,10,6,11,3,12$1.0
775$4,2,8,16,9,7,14,2,15,5,1,10,6,11,3,12$1.0
776$4,2,8,16,9,7,14,2,15,5,1,10,6,11,3,12$1.0
777$4,14,8,13,9,7,14,2,15,5,1,10,6,11,3,12$1.0
778$4,2,8,13,9,7,14,2,15,5,1,10,6,11,3,12$1.0
779$4,2,8,16,9,7,14,2,15,5,1,10,6,11,3,12$1.0
780$4,2,8,16,9,7,14,2,15,5,1,10,6,11,3,12$1.0
781$4,2,8,13,9,7,14,2,15,5,1,10,6,11,3,12$1.0
782$4,15,8,16,9,7,14,2,15,5,1,10,6,11,3,12$1.0
783$4,2,8,16,9,7,14,2,15,5,1,10,6,13,3,12$1.0
784$4,2,8,16,9,7,14,2,15,5,1,10,6,11,3,12$1.0
785$4,15,8,16,9,7,14,2,15,5,1,10,6,11,3,12$1.0
786$4,2,8,16,9,7,14,2,15,5,1,10,6,13,3,12$1.0
787$4,1,8,16,9,7,14,2,15,5,1,10,6,11,3,12$1.0
788$4,2,8,16,9,7,14,2,15,5,1,10,6,11,3,12$1.0
789$4,2,8,16,9,7,14,2,15,5,1,10,6,11,3,12$1.0
790$4,2,8,16,9,7,14,2,15,5,1,10,6,11,3,12$1.0
791$4,15,8,16,9,7,14,2,15,5,1,10,6,11,3,12$1.0
792$4,15,8,16,9,7,14,2,15,5,1,10,6,11,3,12$1.0
793$4,15,8,16,9,7,14,2,15,5,1,10,6,11,3,12$1.0
794$4,1,8,16,9,7,14,2,15,5,1,10,6,11,3,12$1.0
795$4,1,8,16,9,7,14,2,15,5,1,10,6,11,3,12$1.0
796$4,1,8,16,9,7,14,2,15,5,1,10,6,11,3,12$1.0
797$4,15,8,16,9,7,14,2,15,5,1,10,6,11,3,12$1.0
798$4,15,8,16,9,7,14,2,15,5,1,10,6,11,3,12$1.0
799$4,15,8,16,9,7,14,2,15,5,1,10,6,11,3,12$1.0
800$4,1,8,16,9,7,14,2,15,5,1,10,6,11,3,12$1.0
801$4,15,8,16,9,7,14,2,15,5,1,10,6,11,3,12$1.0
802$4,15,8,16,9,7,14,2,15,5,1,10,6,11,3,12$1.0
803$4,15,8,16,9,7,14,2,15,5,1,10,6,11,3,12$1.0
804$4,1,8,16,9,7,14,2,15,5,1,10,6,11,3,12$1.0
805$4,4,8,16,9,7,14,2,15,5,1,10,6,11,3,12$1.0
806$4,15,8,16,9,7,14,2,15,5,1,10,6,11,3,12$1.0
807$4,2,8,16,9,7,14,2,15,5,1,10,6,11,3,12$1.0
808$4,1,8,16,9,7,14,2,15,5,1,10,6,11,3,12$1.0
809$4,1,8,16,9,7,14,2,15,5,1,10,6,11,3,12$1.0
810$4,15,8,16,9,7,14,2,15,5,1,10,6,13,3,12$1.0
811$4,1,8,16,9,7,14,2,15,5,1,10,6,11,3,12$1.0
812$4,15,8,16,9,7,14,2,15,5,1,10,6,11,3,12$1.0
813$4,15,8,16,9,7,14,2,15,5,1,10,6,11,3,12$1.0
814$4,15,8,16,9,7,14,2,15,5,1,10,6,11,3,12$1.0
815$4,1,8,16,9,7,14,2,15,5,1,10,6,11,3,12$1.0
816$4,15,8,16,9,7,14,2,15,5,1,10,6,11,3,12$1.0
817$4,1,8,16,9,7,14,2,15,5,1,10,6,11,3,12$1.0
818$4,15,8,16,9,7,14,2,15,5,1,10,6,11,3,12$1.0
819$4,1,8,16,9,7,14,2,15,5,1,10,6,11,3,12$1.0
820$4,15,8,16,9,7,14,2,15,5,1,10,6,11,3,12$1.0
821$4,15,8,16,9,7,14,2,15,5,1,10,6,11,3,12$1.0
822$4,1,8,16,9,7,14,2,15,5,1,10,6,11,3,12$1.0
823$4,15,8,16,9,7,14,2,15,5,1,10,6,11,3,12$1.0
824$4,1,8,16,9,7,14,2,15,5,1,10,6,11,3,12$1.0
825$4,15,8,16,9,7,14,2,15,5,1,10,6,11,3,12$1.0
826$4,15,8,16,9,7,14,2,15,5,1,10,6,11,3,12$1.0
827$4,15,8,16,9,7,14,2,15,5,1,10,6,11,3,12$1.0
828$4,1,8,16,9,7,14,2,15,5,1,10,6,11,3,12$1.0
829$4,1,8,16,9,7,14,2,15,5,1,10,6,11,3,12$1.0
830$4,15,8,16,9,7,14,2,15,5,1,10,6,13,3,12$1.0
831$4,1,8,16,9,7,14,2,15,5,1,10,6,11,3,12$1.0
832$4,15,8,16,9,7,14,2,15,5,1,10,6,11,3,12$1.0
833$4,4,8,16,9,7,14,2,15,5,1,10,6,11,3,12$1.0
834$4,15,8,16,9,7,14,2,15,5,1,10,6,11,3,12$1.0
835$4,15,8,16,9,7,14,2,15,5,1,10,6,11,3,12$1.0
836$4,15,8,16,9,7,14,2,15,5,1,10,6,11,3,12$1.0
837$4,4,8,16,9,7,14,2,15,5,1,10,6,11,3,12$1.0
838$4,4,8,16,9,7,14,2,15,5,1,10,6,11,3,12$1.0
839$4,15,8,16,9,7,14,2,15,5,1,10,6,11,3,12$1.0
840$4,4,8,16,9,7,14,2,15,5,1,10,6,11,3,12$1.0
841$4,4,8,16,9,7,14,2,15,5,1,10,6,11,3,12$1.0
842$4,4,8,16,9,7,14,2,15,5,1,10,6,13,3,12$1.0
843$4,15,8,16,9,7,14,2,15,5,1,10,6,11,3,12$1.0
844$4,15,8,16,9,7,14,2,15,5,1,10,6,11,3,12$1.0
845$4,4,8,16,9,7,14,2,15,5,1,10,6,11,3,12$1.0
846$4,15,8,16,9,7,14,2,15,5,1,10,6,11,3,12$1.0
847$4,15,8,16,9,7,14,2,15,5,1,10,6,11,3,12$1.0
848$4,15,8,16,9,7,14,2,15,5,1,10,6,11,3,12$1.0
849$4,15,8,16,9,7,14,2,15,5,1,10,6,11,3,12$1.0
850$4,15,8,16,9,7,14,2,15,5,1,10,6,11,3,12$1.0
851$4,15,8,16,9,7,14,2,15,5,1,10,6,11,3,12$1.0
852$4,15,8,16,9,7,14,2,15,5,1,10,6,11,3,12$1.0
853$4,15,8,16,9,7,14,2,15,5,1,10,6,11,3,12$1.0
854$4,15,8,16,9,7,14,2,15,5,1,10,6,11,3,12$1.0
855$4,15,8,16,9,7,14,2,15,5,1,10,6,11,3,12$1.0
856$4,15,8,16,9,7,14,2,15,5,1,10,6,11,3,12$1.0
857$4,15,8,16,9,7,14,2,15,5,1,10,6,11,3,12$1.0
858$4,15,8,16,9,7,14,2,15,5,1,10,6,11,3,12$1.0
859$4,15,8,16,9,7,14,2,15,5,1,10,6,11,3,12$1.0
860$4,15,8,16,9,7,14,2,15,5,1,10,6,11,3,12$1.0
861$4,15,8,16,9,7,14,2,15,5,1,10,6,11,3,12$1.0
862$4,15,8,16,9,7,14,2,15,5,1,10,6,11,3,12$1.0
863$4,15,8,16,9,7,14,2,15,5,1,10,6,11,3,12$1.0
864$4,15,8,16,9,7,14,2,15,5,1,10,6,11,3,12$1.0
865$4,15,8,16,9,7,14,2,15,5,1,10,6,11,3,12$1.0
866$4,15,8,16,9,7,14,2,15,5,1,10,6,11,3,12$1.0
867$4,15,8,16,9,7,14,2,15,5,1,10,6,11,3,12$1.0
868$4,15,8,16,9,7,14,2,15,5,1,10,6,11,3,12$1.0
869$4,15,8,16,9,7,14,2,15,5,1,10,6,11,3,12$1.0
870$4,15,8,16,9,7,14,2,15,5,1,10,6,11,3,12$1.0
871$4,15,8,16,9,7,14,2,15,5,1,10,6,11,3,12$1.0
872$4,15,8,16,9,7,14,2,15,5,1,10,6,11,3,12$1.0
873$4,15,8,16,9,7,14,2,15,5,1,10,6,11,3,12$1.0
874$4,15,8,16,9,7,14,2,15,5,1,10,6,13,3,12$1.0
875$4,2,8,16,9,7,14,2,15,5,1,10,6,11,3,12$1.0
876$4,4,8,16,9,7,14,2,15,5,1,10,6,11,3,12$1.0
877$4,15,8,16,9,7,14,2,15,5,1,10,13,11,3,12$1.0
878$4,15,8,16,9,7,14,2,15,5,1,10,6,11,3,12$1.0
879$4,4,8,16,9,7,14,2,15,5,1,10,6,11,3,12$1.0
880$4,15,8,16,9,7,14,2,15,5,1,10,6,11,3,12$1.0
881$4,4,8,16,9,7,14,2,15,5,1,10,6,11,3,12$1.0
882$4,15,8,16,9,7,14,2,15,5,1,10,6,11,3,12$1.0
883$4,15,8,16,9,7,14,2,15,5,1,10,6,11,3,12$1.0
884$4,2,8,16,9,7,14,2,15,5,1,10,6,11,3,12$1.0
885$4,15,8,16,9,7,14,2,15,5,1,10,6,11,3,12$1.0
886$4,15,8,16,9,7,14,2,15,5,1,10,6,11,3,12$1.0
887$4,15,8,16,9,7,14,2,15,5,1,10,6,11,3,12$1.0
888$4,2,8,16,9,7,14,2,15,5,1,10,6,11,3,12$1.0
889$4,15,8,16,9,7,14,2,15,5,1,10,6,11,3,12$1.0
890$4,2,8,16,9,7,14,2,15,5,1,10,6,11,3,12$1.0
891$4,2,8,16,9,7,14,2,15,5,1,10,6,11,3,12$1.0
892$4,2,8,16,9,7,14,2,15,5,1,10,6,11,3,12$1.0
893$4,2,8,16,9,7,14,2,15,5,1,10,6,11,3,12$1.0
894$4,1,8,16,9,7,14,2,15,5,1,10,6,11,3,12$1.0
895$4,15,8,16,9,7,14,2,15,5,1,10,6,11,3,12$1.0
896$4,15,8,16,9,7,14,2,15,5,1,10,6,11,3,12$1.0
897$4,15,8,16,9,7,14,2,15,5,1,10,6,11,3,12$1.0
898$4,2,8,16,9,7,14,2,15,5,1,10,6,11,3,12$1.0
899$4,2,8,16,9,7,14,2,15,5,1,10,6,11,3,12$1.0
900$4,15,8,16,9,7,14,2,15,5,1,10,6,11,3,12$1.0
901$4,15,8,16,9,7,14,2,15,5,1,10,6,11,3,12$1.0
902$4,15,8,16,9,7,14,2,15,5,1,10,6,11,3,12$1.0
903$4,2,8,16,9,7,14,2,15,5,1,10,6,11,3,12$1.0
904$16,4,8,16,9,7,14,2,15,5,1,10,6,11,3,12$1.0
905$4,15,8,16,9,7,14,2,15,5,1,10,6,11,3,12$1.0
906$4,2,8,16,9,7,14,2,15,5,1,10,6,11,3,12$1.0
907$4,15,8,16,9,7,14,2,15,5,1,10,6,11,3,12$1.0
908$4,15,8,16,9,7,14,2,15,5,1,10,6,11,3,12$1.0
909$4,15,8,16,9,7,14,2,15,5,1,10,6,11,3,12$1.0
910$16,4,8,16,9,7,14,2,15,5,1,10,6,11,3,12$1.0
911$4,2,8,13,9,7,14,2,15,5,1,10,6,16,3,12$1.0
912$4,2,8,16,9,7,14,2,15,5,1,10,6,11,3,12$1.0
913$4,2,8,16,9,7,14,2,15,5,1,10,6,11,3,12$1.0
914$4,2,8,16,9,7,14,2,15,5,1,10,6,11,3,12$1.0
915$4,2,8,13,9,7,14,2,15,5,1,10,6,16,3,12$1.0
916$4,1,8,13,9,7,14,2,15,5,1,10,6,11,3,12$1.0
917$4,2,8,16,9,7,14,2,15,5,1,10,6,11,3,12$1.0
918$4,14,8,13,9,7,14,2,15,5,1,10,6,16,3,12$1.0
919$4,1,8,16,9,7,14,2,15,5,1,10,6,11,3,12$1.0
920$4,2,8,13,9,7,14,2,15,5,1,10,6,11,3,12$1.0
921$4,2,8,13,9,7,14,2,15,5,1,10,6,11,3,12$1.0
922$4,14,8,13,9,7,14,2,15,5,1,10,6,11,3,12$1.0
923$4,2,8,13,9,7,14,2,15,5,1,10,6,11,3,12$1.0
924$4,14,8,13,9,7,14,2,15,5,1,10,6,11,3,12$1.0
925$4,2,8,13,9,7,14,2,15,5,1,10,6,11,3,12$1.0
926$4,2,8,13,9,7,14,2,15,5,1,10,6,11,3,12$1.0
927$4,1,8,13,9,7,14,2,15,5,1,10,6,11,3,12$1.0
928$4,2,8,16,9,7,14,2,15,5,1,10,6,11,3,12$1.0
929$4,1,8,13,9,7,14,2,15,5,1,10,6,11,3,12$1.0
930$4,2,8,13,9,7,14,2,15,5,1,10,6,11,3,12$1.0
931$4,2,8,16,9,7,14,2,15,5,1,10,6,11,3,12$1.0
932$4,2,8,16,9,7,14,2,15,5,1,10,6,11,3,12$1.0
933$4,2,8,13,9,7,14,2,15,5,1,10,6,11,3,12$1.0
934$4,2,13,16,9,7,14,2,15,5,1,10,6,11,3,12$1.0
935$4,2,8,13,9,7,14,2,15,5,1,10,6,11,3,12$1.0
936$4,1,8,13,9,7,14,2,15,5,1,10,6,11,3,12$1.0
937$4,2,8,13,9,7,14,2,15,5,1,10,6,11,3,12$1.0
938$4,1,8,16,9,7,14,2,15,5,1,10,6,11,3,12$1.0
939$4,1,8,16,9,7,14,2,15,5,1,10,6,11,3,12$1.0
940$4,1,8,16,9,7,14,2,15,5,1,10,6,11,3,12$1.0
941$4,2,8,13,9,7,14,2,15,5,1,10,6,11,3,12$1.0
942$4,2,8,13,9,7,14,2,15,5,1,10,6,11,3,12$1.0
943$4,1,8,13,9,7,14,2,15,5,1,10,6,11,3,12$1.0
944$4,1,13,16,9,7,14,2,15,5,1,10,6,11,3,12$1.0
945$4,2,8,13,9,7,14,2,15,5,1,10,6,11,3,12$1.0
946$4,2,8,13,9,7,14,2,15,5,1,10,6,11,3,12$1.0
947$4,2,8,13,9,7,14,2,15,5,1,10,6,11,3,12$1.0
948$4,2,8,13,9,7,14,2,15,5,1,10,6,11,3,12$1.0
949$4,1,8,16,9,7,14,2,15,5,1,10,6,11,3,12$1.0
950$4,1,8,13,9,7,14,2,15,5,1,10,6,11,3,12$1.0
951$4,2,8,13,9,7,14,2,15,5,1,10,6,11,3,12$1.0
952$4,1,8,13,9,7,14,2,15,5,1,10,6,11,3,12$1.0
953$4,2,8,13,9,7,14,2,15,5,1,10,6,11,3,12$1.0
954$4,1,8,13,9,7,14,2,15,5,1,10,6,11,3,12$1.0
955$4,2,8,13,9,7,14,2,15,5,1,10,6,11,3,12$1.0
956$4,14,8,13,9,7,14,2,15,5,1,10,6,11,3,12$1.0
957$4,1,8,13,9,7,14,2,15,5,1,10,6,11,3,12$1.0
958$4,1,8,13,9,7,14,2,15,5,1,10,6,11,3,12$1.0
959$4,1,8,13,9,7,14,2,15,5,1,10,6,11,3,12$1.0
960$4,1,8,13,9,7,14,2,15,5,1,10,6,11,3,12$1.0
961$4,1,8,13,9,7,14,2,15,5,1,10,6,11,3,12$1.0
962$4,2,8,13,9,7,14,2,15,5,1,10,6,11,3,12$1.0
963$4,1,8,13,9,7,14,2,15,5,1,10,6,11,3,12$1.0
964$4,2,8,13,9,7,14,2,15,5,1,10,6,11,3,12$1.0
965$4,14,8,13,9,7,14,2,15,5,1,10,6,11,3,12$1.0
966$4,2,8,13,9,7,14,2,15,5,1,10,6,11,3,12$1.0
967$4,2,8,13,9,7,14,2,15,5,1,10,6,11,3,12$1.0
968$4,1,8,13,9,7,14,2,15,5,1,10,6,11,3,12$1.0
969$4,2,8,13,9,7,14,2,15,5,1,10,6,11,3,12$1.0
970$4,14,8,13,9,7,14,2,15,5,1,10,6,11,3,12$1.0
971$4,1,8,13,9,7,14,2,15,5,1,10,6,11,3,12$1.0
972$4,1,8,13,9,7,14,2,15,5,1,10,6,11,3,12$1.0
973$4,1,8,13,9,7,14,2,15,5,1,10,6,11,3,12$1.0
974$4,1,8,13,9,7,14,2,15,5,1,10,6,11,3,12$1.0
975$4,1,8,13,9,7,14,2,15,5,1,10,6,11,3,16$1.0
976$4,1,8,13,9,7,14,2,15,5,1,10,6,11,3,16$1.0
977$4,4,8,13,9,7,14,2,15,5,1,10,6,11,3,16$1.0
978$4,4,8,13,9,7,14,2,15,5,1,10,6,11,3,12$1.0
979$4,2,8,13,9,7,14,2,15,5,1,10,6,11,3,12$1.0
980$4,4,8,13,9,7,14,2,15,5,1,10,6,11,3,12$1.0
981$4,2,8,13,9,7,14,2,15,5,1,10,6,11,3,12$1.0
982$4,4,8,13,9,7,14,2,15,5,1,10,6,11,3,12$1.0
983$4,1,8,13,9,7,14,2,15,5,1,10,6,11,3,16$1.0
984$4,1,8,13,9,7,14,2,15,5,1,10,6,11,3,12$1.0
985$4,4,8,13,9,7,14,2,15,5,1,10,6,11,3,16$1.0
986$4,1,8,13,9,7,14,2,15,5,1,10,6,11,3,16$1.0
987$4,4,8,13,9,7,14,2,15,5,1,10,6,11,3,16$1.0
988$4,14,8,13,9,7,14,2,15,5,1,10,6,11,3,16$1.0
989$4,4,8,13,9,7,14,2,15,5,1,10,6,11,3,12$1.0
990$4,4,8,13,9,7,14,2,15,5,1,10,6,11,3,16$1.0
991$4,14,8,13,9,7,14,2,15,5,1,10,6,11,3,12$1.0
992$4,14,8,13,9,7,14,2,15,5,1,10,6,11,3,16$1.0
993$4,1,8,13,9,7,14,2,15,5,1,10,6,11,3,16$1.0
994$4,1,8,12,9,7,14,2,15,5,1,10,6,11,3,16$1.0
995$4,4,8,13,9,7,14,2,15,5,1,10,6,11,3,12$1.0
996$4,1,8,13,9,7,14,2,15,5,1,10,6,11,3,16$1.0
997$4,1,8,13,9,7,14,2,15,5,1,10,6,11,3,16$1.0
998$4,14,8,13,9,7,14,2,15,5,1,10,6,11,3,16$1.0
999$4,1,8,13,9,7,14,2,15,5,1,10,6,11,3,16$1.0
1000$4,14,8,13,9,7,14,2,15,5,1,10,6,11,3,16$1.0
1001$4,1,8,13,9,7,14,2,15,5,1,10,6,11,3,16$1.0
1002$4,14,8,13,9,7,14,2,15,5,1,10,6,11,3,16$1.0
1003$4,1,8,13,9,7,14,2,15,5,1,10,6,11,3,16$1.0
1004$4,1,8,13,9,7,14,2,15,5,1,10,6,11,3,16$1.0
1005$4,1,8,13,9,7,14,2,15,5,1,10,6,11,3,16$1.0
1006$4,1,8,13,9,7,14,2,15,5,1,10,6,11,3,16$1.0
1007$4,1,8,13,9,7,14,2,15,5,1,10,6,11,3,16$1.0
1008$4,14,8,13,9,7,14,2,15,5,1,10,6,11,3,16$1.0
1009$4,14,8,13,9,7,14,2,15,5,1,10,6,11,3,12$1.0
1010$4,14,8,13,9,7,14,2,15,5,1,10,6,11,3,16$1.0
1011$4,1,8,13,9,7,14,2,15,5,1,10,6,11,3,12$1.0
1012$4,14,8,13,9,7,14,2,15,5,1,10,6,11,3,12$1.0
1013$4,1,8,13,9,7,14,2,15,5,1,10,6,11,3,12$1.0
1014$4,4,8,12,9,7,14,2,15,5,1,10,6,11,3,16$1.0
1015$4,14,8,13,9,7,14,2,15,5,1,10,6,11,3,16$1.0
1016$4,2,8,13,9,7,14,2,15,5,1,10,6,11,3,12$1.0
1017$4,1,8,13,9,7,14,2,15,5,1,10,6,11,3,16$1.0
1018$4,4,8,13,9,7,14,2,15,5,1,10,6,11,3,16$1.0
1019$4,4,8,13,9,7,14,2,15,5,1,10,6,11,3,16$1.0
1020$4,1,8,13,9,7,14,2,15,5,1,10,6,11,3,16$1.0
1021$4,1,8,13,9,7,14,2,15,5,1,10,6,11,3,16$1.0
1022$4,14,8,13,9,7,14,2,15,5,1,10,6,11,3,16$1.0
1023$4,4,8,13,9,7,14,2,15,5,1,10,6,11,3,16$1.0
1024$4,1,8,13,9,7,14,2,15,5,1,10,6,11,3,12$1.0
1025$16,4,8,12,9,7,14,2,15,5,1,10,6,11,3,12$1.0
1026$4,1,8,12,9,7,14,2,15,5,1,10,6,11,3,16$1.0
1027$4,1,8,13,9,7,14,2,15,5,1,10,6,11,3,16$1.0
1028$4,1,8,13,9,7,14,2,15,5,1,10,6,11,3,12$1.0
1029$4,1,8,13,9,7,14,2,15,5,1,10,6,11,3,12$1.0
1030$4,1,8,13,9,7,14,2,15,5,1,10,6,11,3,16$1.0
1031$4,1,8,13,9,7,14,2,15,5,1,10,6,11,3,16$1.0
1032$4,1,8,13,9,7,14,2,15,5,1,10,6,11,3,12$1.0
1033$4,1,8,13,9,7,14,2,15,5,1,10,6,11,3,16$1.0
1034$4,1,8,13,9,7,14,2,15,5,1,10,6,11,3,12$1.0
1035$4,1,8,13,9,7,14,2,15,5,1,10,6,11,3,12$1.0
1036$4,1,8,13,9,7,14,2,15,5,1,10,6,11,3,12$1.0
1037$4,1,8,13,9,7,14,2,15,5,1,10,6,11,3,16$1.0
1038$4,1,8,13,9,7,14,2,15,5,1,10,6,11,3,12$1.0
1039$4,1,8,13,9,7,14,2,15,5,1,10,6,11,3,12$1.0
1040$4,1,8,13,9,7,14,2,15,5,1,10,6,11,3,12$1.0
1041$4,1,8,12,9,7,14,2,15,5,1,10,6,11,3,16$1.0
1042$4,1,8,13,9,7,14,2,15,5,1,10,6,11,3,16$1.0
1043$4,1,8,13,9,7,14,2,15,5,1,10,6,11,3,12$1.0
1044$4,1,8,13,9,7,14,2,15,5,1,10,6,11,3,12$1.0
1045$4,1,8,13,9,7,14,2,15,5,1,10,6,11,3,12$1.0
1046$4,1,8,13,9,7,14,2,15,5,1,10,6,11,3,12$1.0
1047$4,1,8,13,9,7,14,2,15,5,1,10,6,11,3,12$1.0
1048$4,1,8,13,9,7,14,2,15,5,1,10,6,11,3,16$1.0
1049$4,1,8,13,9,7,14,2,15,5,1,10,6,11,3,12$1.0
1050$4,1,8,13,9,7,14,2,15,5,1,10,6,11,3,12$1.0
1051$4,1,8,13,9,7,14,2,15,5,1,10,6,11,3,12$1.0
1052$4,1,8,13,9,7,14,2,15,5,1,10,6,11,3,16$1.0
1053$4,1,8,13,9,7,14,2,15,5,1,10,6,11,3,16$1.0
1054$4,1,8,13,9,7,14,2,15,5,1,10,6,11,3,16$1.0
1055$4,1,8,13,9,7,14,2,15,5,1,10,6,11,3,16$1.0
1056$4,1,8,13,9,7,14,2,15,5,1,10,6,11,3,16$1.0
1057$4,1,8,13,9,7,14,2,15,5,1,10,6,11,3,16$1.0
1058$4,1,8,13,9,7,14,2,15,5,1,10,6,11,3,16$1.0
1059$4,1,8,13,9,7,14,2,15,5,1,10,6,11,3,16$1.0
1060$4,1,8,13,9,7,14,2,15,5,1,10,6,11,3,16$1.0
1061$4,1,8,13,9,7,14,2,15,5,1,10,6,11,3,16$1.0
1062$4,1,8,13,9,7,14,2,15,5,1,10,6,11,3,16$1.0
1063$4,1,8,13,9,7,14,2,15,5,1,10,6,11,3,16$1.0
1064$4,1,8,13,9,7,14,2,15,5,1,10,6,11,3,16$1.0
1065$4,4,8,13,9,7,14,2,15,5,1,10,6,11,3,16$1.0
1066$4,1,8,13,9,7,14,2,15,5,1,10,6,11,3,16$1.0
1067$4,1,8,13,9,7,14,2,15,5,1,10,6,11,3,16$1.0
1068$4,1,8,13,9,7,14,2,15,5,1,10,6,11,3,16$1.0
1069$4,1,8,13,9,7,14,2,15,5,1,10,6,11,3,16$1.0
1070$4,1,8,13,9,7,14,2,15,5,1,10,6,11,3,16$1.0
1071$4,4,8,13,9,7,14,2,15,5,1,10,6,11,3,16$1.0
1072$4,1,8,13,9,7,14,2,15,5,1,10,6,11,3,16$1.0
1073$4,1,8,13,9,7,14,2,15,5,1,10,6,11,3,16$1.0
1074$4,1,8,13,9,7,14,2,15,5,1,10,6,11,3,16$1.0
1075$4,1,8,13,9,7,14,2,15,5,1,10,6,11,3,16$1.0
1076$4,1,8,13,9,7,14,2,15,5,1,10,6,11,3,16$1.0
1077$4,1,8,13,9,7,14,2,15,5,1,10,6,11,3,16$1.0
1078$4,1,8,13,9,7,14,2,15,5,1,10,6,11,3,16$1.0
1079$4,1,8,13,9,7,14,2,15,5,1,10,6,11,3,16$1.0
1080$4,1,8,13,9,7,14,2,15,5,1,10,6,11,3,16$1.0
1081$4,14,8,13,9,7,14,2,15,5,1,10,6,11,3,16$1.0
1082$4,1,8,13,9,7,14,2,15,5,1,10,6,11,3,16$1.0
1083$4,1,8,13,9,7,14,2,15,5,1,10,6,11,3,16$1.0
1084$4,1,8,13,9,7,14,2,15,5,1,10,6,11,3,12$1.0
1085$4,1,8,13,9,7,14,2,15,5,1,10,6,11,3,16$1.0
1086$4,1,8,13,9,7,14,2,15,5,1,10,6,11,3,16$1.0
1087$4,1,8,12,9,7,14,2,15,5,1,10,6,11,3,16$1.0
1088$4,1,8,13,9,7,14,2,15,5,1,10,6,11,3,16$1.0
1089$4,1,8,12,9,7,14,2,15,5,1,10,6,11,3,16$1.0
1090$4,1,8,13,9,7,14,2,15,5,1,10,6,11,3,16$1.0
1091$4,1,8,12,9,7,14,2,15,5,1,10,6,11,3,16$1.0
1092$4,1,8,13,9,7,14,2,15,5,1,10,6,11,3,16$1.0
1093$4,1,8,13,9,7,14,2,15,5,1,10,6,11,3,16$1.0
1094$4,1,8,13,9,7,14,2,15,5,1,10,6,11,3,16$1.0
1095$4,1,8,13,9,7,14,2,15,5,1,10,6,11,3,16$1.0
1096$4,1,8,12,9,7,14,2,15,5,1,10,6,11,3,16$1.0
1097$4,1,8,13,9,7,14,2,15,5,1,10,6,11,3,16$1.0
1098$4,4,8,13,9,7,14,2,15,5,1,10,6,11,3,16$1.0
1099$4,1,8,13,9,7,14,2,15,5,1,10,6,11,3,16$1.0
1100$4,1,8,13,9,7,14,2,15,5,1,10,6,11,3,16$1.0
1101$4,1,8,13,9,7,14,2,15,5,1,10,6,11,3,16$1.0
1102$4,4,8,13,9,7,14,2,15,5,1,10,6,11,3,16$1.0
1103$4,1,8,13,9,7,14,2,15,5,1,10,6,11,3,16$1.0
1104$4,1,8,13,9,7,14,2,15,5,1,10,6,11,3,16$1.0
1105$4,1,8,13,9,7,14,2,15,5,1,10,6,11,3,16$1.0
1106$4,1,8,13,9,7,14,2,15,5,1,10,6,11,3,16$1.0
1107$4,1,8,13,9,7,14,2,15,5,1,10,6,11,3,16$1.0
1108$4,1,8,13,9,7,14,2,15,5,1,10,6,11,3,16$1.0
1109$4,14,8,13,9,7,14,2,15,5,1,10,6,11,3,16$1.0
1110$4,1,8,13,9,7,14,2,15,5,1,10,6,11,3,16$1.0
1111$4,1,8,13,9,7,14,2,15,5,1,10,6,11,3,16$1.0
1112$4,1,8,13,9,7,14,2,15,5,1,10,6,11,3,16$1.0
1113$4,14,8,13,9,7,14,2,15,5,1,10,6,11,3,16$1.0
1114$4,2,8,13,9,7,14,2,15,5,1,10,6,11,3,12$1.0
1115$4,1,8,13,9,7,14,2,15,5,1,10,6,11,3,16$1.0
1116$4,1,8,13,9,7,14,2,15,5,1,10,6,11,3,16$1.0
1117$4,1,8,13,9,7,14,2,15,5,1,10,6,11,3,16$1.0
1118$4,4,8,13,9,7,14,2,15,5,1,10,6,11,3,16$1.0
1119$4,14,8,13,9,7,14,2,15,5,1,10,6,11,3,16$1.0
1120$4,4,8,13,9,7,14,2,15,5,1,10,6,11,3,16$1.0
1121$4,1,8,13,9,7,14,2,15,5,1,10,6,11,3,16$1.0
1122$4,4,8,13,9,7,14,2,15,5,1,10,6,11,3,12$1.0
1123$4,1,8,13,9,7,14,2,15,5,1,10,6,11,3,12$1.0
1124$4,1,8,13,9,7,14,2,15,5,1,10,6,11,3,16$1.0
1125$4,1,8,13,9,7,14,2,15,5,1,10,6,11,3,12$1.0
1126$4,1,8,13,9,7,14,2,15,5,1,10,6,11,3,12$1.0
1127$4,1,8,13,9,7,14,2,15,5,1,10,6,11,3,16$1.0
1128$4,4,8,13,9,7,14,2,15,5,1,10,6,11,3,16$1.0
1129$4,1,8,13,9,7,14,2,15,5,1,10,6,11,3,12$1.0
1130$4,1,8,13,9,7,14,2,15,5,1,10,6,11,3,12$1.0
1131$4,1,8,13,9,7,14,2,15,5,1,10,6,11,3,16$1.0
1132$4,1,8,13,9,7,14,2,15,5,1,10,6,11,3,16$1.0
1133$4,14,8,13,9,7,14,2,15,5,1,10,6,11,3,16$1.0
1134$4,1,8,13,9,7,14,2,15,5,1,10,6,11,3,16$1.0
1135$4,4,8,13,9,7,14,2,15,5,1,10,6,11,3,16$1.0
1136$4,1,8,13,9,7,14,2,15,5,1,10,6,11,3,16$1.0
1137$4,14,8,13,9,7,14,2,15,5,1,10,6,11,3,12$1.0
1138$4,1,8,13,9,7,14,2,15,5,1,10,6,11,3,16$1.0
1139$4,14,8,13,9,7,14,2,15,5,1,10,6,11,3,16$1.0
1140$4,14,8,13,9,7,14,2,15,5,1,10,6,11,3,12$1.0
1141$4,14,8,13,9,7,14,2,15,5,1,10,6,11,3,16$1.0
1142$4,14,8,13,9,7,14,2,15,5,1,10,6,11,3,16$1.0
1143$4,1,8,13,9,7,14,2,15,5,1,10,6,11,3,12$1.0
1144$4,14,8,13,9,7,14,2,15,5,1,10,6,11,3,12$1.0
1145$4,14,8,13,9,7,14,2,15,5,1,10,6,11,3,12$1.0
1146$4,1,8,13,9,7,14,2,15,5,1,10,6,16,3,12$1.0
1147$4,14,8,13,9,7,14,2,15,5,1,10,6,11,3,16$1.0
1148$4,14,8,13,9,7,14,2,15,5,1,10,6,11,3,16$1.0
1149$4,14,8,13,9,7,14,2,15,5,1,10,6,11,3,16$1.0
1150$4,14,8,13,9,7,14,2,15,5,1,10,6,11,3,16$1.0
1151$4,2,8,13,9,7,14,2,15,5,1,10,6,11,3,12$1.0
1152$4,14,8,13,9,7,14,2,15,5,1,10,6,11,3,16$1.0
1153$4,1,8,13,9,7,14,2,15,5,1,10,6,11,3,16$1.0
1154$4,14,8,13,9,7,14,2,15,5,1,10,6,11,3,16$1.0
1155$4,1,8,13,9,7,14,2,15,5,1,10,6,11,3,16$1.0
1156$4,14,8,13,9,7,14,2,15,5,1,10,6,11,3,16$1.0
1157$4,1,8,13,9,7,14,2,15,5,1,10,6,11,3,16$1.0
1158$4,1,8,13,9,7,14,2,15,5,1,10,6,16,3,12$1.0
1159$4,1,8,13,9,7,14,2,15,5,1,10,6,16,3,12$1.0
1160$4,4,8,13,9,7,14,2,15,5,1,10,6,11,3,16$1.0
1161$4,14,8,13,9,7,14,2,15,5,1,10,6,11,3,16$1.0
1162$4,1,8,13,9,7,14,2,15,5,1,10,6,11,3,16$1.0
1163$4,14,8,13,9,7,14,2,15,5,1,10,6,11,3,16$1.0
1164$4,1,8,13,9,7,14,2,15,5,1,10,6,11,3,12$1.0
1165$4,4,8,13,9,7,14,2,15,5,1,10,6,11,3,16$1.0
1166$4,4,8,13,9,7,14,2,15,5,1,10,6,11,3,16$1.0
1167$4,4,8,13,9,7,14,2,15,5,1,10,6,11,3,16$1.0
1168$4,4,8,13,9,7,14,2,15,5,1,10,6,11,3,16$1.0
1169$4,14,8,13,9,7,14,2,15,5,1,10,6,11,3,16$1.0
1170$4,14,8,13,9,7,14,2,15,5,1,10,6,11,3,16$1.0
1171$4,14,8,13,9,7,14,2,15,5,1,10,6,11,3,16$1.0
1172$4,1,8,13,9,7,14,2,15,5,1,10,6,11,3,16$1.0
1173$4,14,8,13,9,7,14,2,15,5,1,10,6,11,3,16$1.0
1174$4,1,8,13,9,7,14,2,15,5,1,10,6,11,3,16$1.0
1175$4,14,8,13,9,7,14,2,15,5,1,10,6,11,3,16$1.0
1176$4,4,8,13,9,7,14,2,15,5,1,10,6,11,3,16$1.0
1177$4,4,8,13,9,7,14,2,15,5,1,10,6,11,3,16$1.0
1178$4,1,8,13,9,7,14,2,15,5,1,10,6,11,3,16$1.0
1179$4,1,8,13,9,7,14,2,15,5,1,10,6,11,3,16$1.0
1180$4,1,8,13,9,7,14,2,15,5,1,10,6,11,3,16$1.0
1181$4,1,8,13,9,7,14,2,15,5,1,10,6,11,3,16$1.0
1182$4,1,8,13,9,7,14,2,15,5,1,10,6,11,3,16$1.0
1183$4,1,8,13,9,7,14,2,15,5,1,10,6,11,3,16$1.0
1184$4,1,8,13,9,7,14,2,15,5,1,10,6,11,3,16$1.0
1185$4,4,8,12,9,7,14,2,15,5,1,10,6,11,3,16$1.0
1186$4,1,8,13,9,7,14,2,15,5,1,10,6,11,3,16$1.0
1187$4,1,8,13,9,7,14,2,15,5,1,10,6,11,3,16$1.0
1188$4,1,8,13,9,7,14,2,15,5,1,10,6,11,3,16$1.0
1189$4,1,8,12,9,7,14,2,15,5,1,10,6,11,3,16$1.0
1190$4,4,8,13,9,7,14,2,15,5,1,10,6,11,3,16$1.0
1191$4,1,8,12,9,7,14,2,15,5,1,10,6,11,3,16$1.0
1192$4,1,8,13,9,7,14,2,15,5,1,10,6,11,3,16$1.0
1193$4,4,8,12,9,7,14,2,15,5,1,10,6,11,3,16$1.0
1194$4,1,8,13,9,7,14,2,15,5,1,10,6,11,3,16$1.0
1195$4,4,8,13,9,7,14,2,15,5,1,10,6,11,3,16$1.0
1196$4,1,8,12,9,7,14,2,15,5,1,10,6,11,3,16$1.0
1197$4,1,8,13,9,7,14,2,15,5,1,10,6,11,3,16$1.0
1198$4,1,8,13,9,7,14,2,15,5,1,10,6,11,3,16$1.0
1199$4,1,8,12,9,7,14,2,15,5,1,10,6,11,3,16$1.0
1200$4,1,8,13,9,7,14,2,15,5,1,10,6,11,3,16$1.0
1201$4,1,8,13,9,7,14,2,15,5,1,10,6,11,3,16$1.0
1202$4,4,8,13,9,7,14,2,15,5,1,10,6,11,3,16$1.0
1203$4,1,8,13,9,7,14,2,15,5,1,10,6,11,3,16$1.0
1204$4,4,8,13,9,7,14,2,15,5,1,10,6,11,3,16$1.0
1205$4,4,8,13,9,7,14,2,15,5,1,10,6,11,3,16$1.0
1206$4,4,8,13,9,7,14,2,15,5,1,10,6,11,3,16$1.0
1207$4,14,8,13,9,7,14,2,15,5,1,10,6,11,3,16$1.0
1208$4,4,8,13,9,7,14,2,15,5,1,10,6,11,3,16$1.0
1209$4,4,8,13,9,7,14,2,15,5,1,10,6,11,3,16$1.0
1210$4,4,8,13,9,7,14,2,15,5,1,10,6,11,3,16$1.0
1211$4,4,8,13,9,7,14,2,15,5,1,10,6,11,3,16$1.0
1212$4,14,8,13,9,7,14,2,15,5,1,10,6,11,3,16$1.0
1213$4,14,8,13,9,7,14,2,15,5,1,10,6,11,3,16$1.0
1214$4,4,8,13,9,7,14,2,15,5,1,10,6,11,3,16$1.0
1215$4,14,8,13,9,7,14,2,15,5,1,10,6,11,3,16$1.0
1216$4,4,8,13,9,7,14,2,15,5,1,10,6,11,3,16$1.0
1217$4,4,8,13,9,7,14,2,15,5,1,10,6,11,3,16$1.0
1218$4,4,8,13,9,7,14,2,15,5,1,10,6,11,3,16$1.0
1219$4,4,8,13,9,7,14,2,15,5,1,10,6,11,3,16$1.0
1220$4,4,8,13,9,7,14,2,15,5,1,10,6,11,3,16$1.0
1221$4,4,8,13,9,7,14,2,15,5,1,10,6,11,3,16$1.0
1222$4,4,8,13,9,7,14,2,15,5,1,10,6,11,3,16$1.0
1223$4,4,8,13,9,7,14,2,15,5,1,10,6,11,3,16$1.0
1224$4,1,8,13,9,7,14,2,15,5,1,10,6,11,3,16$1.0
1225$4,4,8,13,9,7,14,2,15,5,1,10,6,11,3,16$1.0
1226$4,4,8,13,9,7,14,2,15,5,1,10,6,11,3,16$1.0
1227$4,4,8,13,9,7,14,2,15,5,1,10,6,11,3,16$1.0
1228$4,4,8,13,9,7,14,2,15,5,1,10,6,11,3,16$1.0
1229$4,4,8,13,9,7,14,2,15,5,1,10,6,11,3,16$1.0
1230$4,4,8,13,9,7,14,2,15,5,1,10,6,11,3,16$1.0
1231$4,4,8,13,9,7,14,2,15,5,1,10,6,11,3,16$1.0
1232$4,4,8,13,9,7,14,2,15,5,1,10,6,11,3,16$1.0
1233$4,4,8,13,9,7,14,2,15,5,1,10,6,11,3,16$1.0
1234$4,4,8,13,9,7,14,2,15,5,1,10,6,11,3,16$1.0
1235$4,4,8,13,9,7,14,2,15,5,1,10,6,11,3,16$1.0
1236$4,4,8,13,9,7,14,2,15,5,1,10,6,11,3,16$1.0
1237$4,4,8,13,9,7,14,2,15,5,1,10,6,11,3,16$1.0
1238$4,4,8,13,9,7,14,2,15,5,1,10,6,11,3,16$1.0
1239$4,4,8,13,9,7,14,2,15,5,1,10,6,11,3,16$1.0
1240$4,4,8,13,9,7,14,2,15,5,1,10,6,11,3,16$1.0
1241$4,1,8,13,9,7,14,2,15,5,1,10,6,11,3,16$1.0
1242$4,4,8,13,9,7,14,2,15,5,1,10,6,11,3,12$1.0
1243$4,4,8,13,9,7,14,2,15,5,1,10,6,11,3,16$1.0
1244$4,4,8,13,9,7,14,2,15,5,1,10,6,11,3,16$1.0
1245$4,14,8,13,9,7,14,2,15,5,1,10,6,11,3,16$1.0
1246$4,4,8,13,9,7,14,2,15,5,1,10,6,11,3,16$1.0
1247$4,4,8,13,9,7,14,2,15,5,1,10,6,11,3,16$1.0
1248$4,4,8,13,9,7,14,2,15,5,1,10,6,11,3,16$1.0
1249$4,4,8,13,9,7,14,2,15,5,1,10,6,11,3,16$1.0
1250$4,4,8,13,9,7,14,2,15,5,1,10,6,11,3,16$1.0
1251$4,4,8,13,9,7,14,2,15,5,1,10,6,11,3,16$1.0
1252$4,14,8,13,9,7,14,2,15,5,1,10,6,11,3,16$1.0
1253$4,4,8,13,9,7,14,2,15,5,1,10,6,11,3,16$1.0
1254$4,14,8,13,9,7,14,2,15,5,1,10,6,11,3,16$1.0
1255$4,4,8,13,9,7,14,2,15,5,1,10,6,11,3,16$1.0
1256$4,4,8,13,9,7,14,2,15,5,1,10,6,11,3,16$1.0
1257$4,14,8,13,9,7,14,2,15,5,1,10,6,11,3,16$1.0
1258$4,4,8,13,9,7,14,2,15,5,1,10,6,11,3,16$1.0
1259$4,4,8,13,9,7,14,2,15,5,1,10,6,11,3,16$1.0
1260$4,14,8,13,9,7,14,2,15,5,1,10,6,11,3,16$1.0
1261$4,4,8,13,9,7,14,2,15,5,1,10,6,11,3,16$1.0
1262$4,4,8,13,9,7,14,2,15,5,1,10,6,11,3,16$1.0
1263$4,4,8,13,9,7,14,2,15,5,1,10,6,11,3,16$1.0
1264$4,4,8,13,9,7,14,2,15,5,1,10,6,11,3,16$1.0
1265$4,14,8,13,9,7,14,2,15,5,1,10,6,11,3,16$1.0
1266$4,14,8,13,9,7,14,2,15,5,1,10,6,11,3,16$1.0
1267$4,4,8,13,9,7,14,2,15,5,1,10,6,11,3,16$1.0
1268$4,14,8,13,9,7,14,2,15,5,1,10,6,11,3,16$1.0
1269$4,4,8,13,9,7,14,2,15,5,1,10,6,11,3,16$1.0
1270$4,14,8,13,9,7,14,2,15,5,1,10,6,11,3,16$1.0
1271$4,4,8,13,9,7,14,2,15,5,1,10,6,11,3,16$1.0
1272$4,4,8,13,9,7,14,2,15,5,1,10,6,11,3,16$1.0
1273$4,4,8,13,9,7,14,2,15,5,1,10,6,11,3,16$1.0
1274$4,4,8,13,9,7,14,2,15,5,1,10,6,11,3,16$1.0
1275$4,4,8,13,9,7,14,2,15,5,1,10,6,11,3,16$1.0
1276$4,14,8,13,9,7,14,2,15,5,1,10,6,11,3,16$1.0
1277$4,4,8,13,9,7,14,2,15,5,1,10,6,11,3,16$1.0
1278$4,14,8,13,9,7,14,2,15,5,1,10,6,11,3,16$1.0
1279$4,4,8,13,9,7,14,2,15,5,1,10,6,11,3,16$1.0
1280$4,4,8,13,9,7,14,2,15,5,1,10,6,11,3,16$1.0
1281$4,1,8,13,9,7,14,2,15,5,1,10,6,11,3,16$1.0
1282$4,4,8,13,9,7,14,2,15,5,1,10,6,11,3,16$1.0
1283$4,14,8,13,9,7,14,2,15,5,1,10,6,11,3,16$1.0
1284$4,14,8,13,9,7,14,2,15,5,1,10,6,11,3,16$1.0
1285$4,1,8,13,9,7,14,2,15,5,1,10,6,11,3,16$1.0
1286$4,14,8,13,9,7,14,2,15,5,1,10,6,11,3,16$1.0
1287$4,4,8,13,9,7,14,2,15,5,1,10,6,11,3,16$1.0
1288$4,4,8,13,9,7,14,2,15,5,1,10,6,11,3,16$1.0
1289$4,4,8,13,9,7,14,2,15,5,1,10,6,11,3,16$1.0
1290$15,4,8,13,9,7,14,2,15,5,1,10,6,11,3,16$1.0
1291$4,4,8,13,9,7,14,2,15,5,1,10,6,11,3,16$1.0
1292$4,14,8,13,9,7,14,2,15,5,1,10,6,11,3,16$1.0
1293$4,4,8,13,9,7,14,2,15,5,1,10,6,11,3,16$1.0
1294$4,1,8,13,9,7,14,2,15,5,1,10,6,11,3,16$1.0
1295$4,14,8,13,9,7,14,2,15,5,1,10,6,11,3,16$1.0
1296$4,4,8,13,9,7,14,2,15,5,1,10,6,11,3,16$1.0
1297$4,4,8,13,9,7,14,2,15,5,1,10,6,11,3,16$1.0
1298$4,4,8,13,9,7,14,2,15,5,1,10,6,11,3,16$1.0
1299$4,4,8,13,9,7,14,2,15,5,1,10,6,11,3,16$1.0
1300$4,14,8,13,9,7,14,2,15,5,1,10,6,11,3,16$1.0
1301$4,1,8,13,9,7,14,2,15,5,1,10,6,11,3,12$1.0
1302$15,4,8,13,9,7,14,2,15,5,1,10,6,11,3,12$1.0
1303$4,4,8,13,9,7,14,2,15,5,1,10,6,11,3,16$1.0
1304$15,4,8,13,9,7,14,2,15,5,1,10,6,11,3,16$1.0
1305$4,4,8,13,9,7,14,2,15,5,1,10,6,11,3,12$1.0
1306$4,4,8,13,9,7,14,2,15,5,1,10,6,11,3,12$1.0
1307$4,4,8,13,9,7,14,2,15,5,1,10,6,11,3,12$1.0
1308$4,4,8,13,9,7,14,2,15,5,1,10,6,11,3,16$1.0
1309$4,14,8,13,9,7,14,2,15,5,1,10,6,11,3,16$1.0
1310$4,4,8,13,9,7,14,2,15,5,1,10,6,11,3,16$1.0
1311$4,4,8,13,9,7,14,2,15,5,1,10,6,11,3,16$1.0
1312$4,4,8,13,9,7,14,2,15,5,1,10,6,11,3,16$1.0
1313$4,4,8,13,9,7,14,2,15,5,1,10,6,11,3,16$1.0
1314$4,14,8,13,9,7,14,2,15,5,1,10,6,11,3,16$1.0
1315$15,4,8,13,9,7,14,2,15,5,1,10,6,11,3,16$1.0
1316$4,4,8,13,9,7,14,2,15,5,1,10,6,11,3,16$1.0
1317$4,4,8,13,9,7,14,2,15,5,1,10,6,11,3,12$1.0
1318$4,4,8,13,9,7,14,2,15,5,1,10,6,11,3,16$1.0
1319$4,4,8,13,9,7,14,2,15,5,1,10,6,11,3,16$1.0
1320$4,4,8,13,9,7,14,2,15,5,1,10,6,11,3,16$1.0
1321$4,4,8,13,9,7,14,2,15,5,1,10,6,11,3,16$1.0
1322$4,4,8,13,9,7,14,2,15,5,1,10,6,11,3,16$1.0
1323$4,4,8,13,9,7,14,2,15,5,1,10,6,11,3,16$1.0
1324$4,14,8,13,9,7,14,2,15,5,1,10,6,11,3,16$1.0
1325$4,4,8,13,9,7,14,2,15,5,1,10,6,11,3,16$1.0
1326$4,14,8,13,9,7,14,2,15,5,1,10,6,11,3,16$1.0
1327$4,4,8,13,9,7,14,2,15,5,1,10,6,11,3,16$1.0
1328$4,4,8,13,9,7,14,2,15,5,1,10,6,11,3,16$1.0
1329$4,14,8,13,9,7,14,2,15,5,1,10,6,11,3,16$1.0
1330$4,4,8,13,9,7,14,2,15,5,1,10,6,11,3,16$1.0
1331$15,4,8,13,9,7,14,2,15,5,1,10,6,11,3,16$1.0
1332$4,4,8,13,9,7,14,2,15,5,1,10,6,11,3,16$1.0
1333$4,4,8,13,9,7,14,2,15,5,1,10,6,11,3,16$1.0
1334$4,4,8,13,9,7,14,2,15,5,1,10,6,11,3,16$1.0
1335$4,4,8,13,9,7,14,2,15,5,1,10,6,11,3,16$1.0
1336$4,4,8,13,9,7,14,2,15,5,1,10,6,11,3,16$1.0
1337$4,4,8,13,9,7,14,2,15,5,1,10,6,11,3,16$1.0
1338$4,4,8,13,9,7,14,2,15,5,1,10,6,11,3,16$1.0
1339$4,4,8,13,9,7,14,2,15,5,1,10,6,11,3,16$1.0
1340$15,4,8,13,9,7,14,2,15,5,1,10,6,11,3,16$1.0
1341$4,4,8,13,9,7,14,2,15,5,1,10,6,11,3,16$1.0
1342$15,4,8,13,9,7,14,2,15,5,1,10,6,11,3,16$1.0
1343$4,14,8,13,9,7,14,2,15,5,1,10,6,11,3,16$1.0
1344$4,4,8,13,9,7,14,2,15,5,1,10,6,11,3,16$1.0
1345$4,4,8,13,9,7,14,2,15,5,1,10,6,11,3,12$1.0
1346$4,4,8,13,9,7,14,2,15,5,1,10,6,11,3,16$1.0
1347$4,14,8,13,9,7,14,2,15,5,1,10,6,11,3,16$1.0
1348$4,4,8,13,9,7,14,2,15,5,1,10,6,11,3,16$1.0
1349$4,4,8,13,9,7,14,2,15,5,1,10,6,11,3,16$1.0
1350$15,4,8,13,9,7,14,2,15,5,1,10,6,11,3,16$1.0
1351$4,4,8,13,9,7,14,2,15,5,1,10,6,11,3,16$1.0
1352$15,4,8,13,9,7,14,2,15,5,1,10,6,11,3,16$1.0
1353$4,4,8,13,9,7,14,2,15,5,1,10,6,11,3,16$1.0
1354$4,14,8,13,9,7,14,2,15,5,1,10,6,11,3,16$1.0
1355$4,4,8,13,9,7,14,2,15,5,1,10,6,11,3,16$1.0
1356$4,14,8,13,9,7,14,2,15,5,1,10,6,11,3,12$1.0
1357$4,14,8,13,9,7,14,2,15,5,1,10,6,11,3,16$1.0
1358$4,14,8,13,9,7,14,2,15,5,1,10,6,11,3,16$1.0
1359$15,4,8,13,9,7,14,2,15,5,1,10,6,11,3,16$1.0
1360$15,4,8,13,9,7,14,2,15,5,1,10,6,11,3,12$1.0
1361$15,4,8,13,9,7,14,2,15,5,1,10,6,11,3,12$1.0
1362$4,4,8,13,9,7,14,2,15,5,1,10,6,11,3,16$1.0
1363$15,4,8,13,9,7,14,2,15,5,1,10,6,11,3,12$1.0
1364$4,14,8,13,9,7,14,2,15,5,1,10,6,11,3,16$1.0
1365$4,14,8,13,9,7,14,2,15,5,1,10,6,11,3,12$1.0
1366$4,14,8,13,9,7,14,2,15,5,1,10,6,11,3,16$1.0
1367$15,4,8,13,9,7,14,2,15,5,1,10,6,11,3,12$1.0
1368$4,14,8,13,9,7,14,2,15,5,1,10,6,11,3,12$1.0
1369$4,14,8,13,9,7,14,2,15,5,1,10,6,11,3,12$1.0
1370$4,14,8,13,9,7,14,2,15,5,1,10,6,11,3,16$1.0
1371$4,14,8,13,9,7,14,2,15,5,1,10,6,11,3,12$1.0
1372$4,14,8,13,9,7,14,2,15,5,1,10,6,11,3,12$1.0
1373$4,2,8,13,9,7,14,2,15,5,1,10,6,11,3,12$1.0
1374$4,14,8,13,9,7,14,2,15,5,1,10,6,11,3,12$1.0
1375$4,14,8,13,9,7,14,2,15,5,1,10,6,11,3,16$1.0
1376$4,14,8,13,9,7,14,2,15,5,1,10,6,11,3,16$1.0
1377$4,14,8,13,9,7,14,2,15,5,1,10,6,11,3,12$1.0
1378$4,2,8,13,9,7,14,2,15,5,1,10,6,11,3,12$1.0
1379$4,14,8,13,9,7,14,2,15,5,1,10,6,11,3,12$1.0
1380$4,14,8,13,9,7,14,2,15,5,1,10,6,11,3,16$1.0
1381$4,14,8,13,9,7,14,2,15,5,1,10,6,11,3,12$1.0
1382$4,14,8,13,9,7,14,2,15,5,1,10,6,11,3,16$1.0
1383$4,14,8,13,9,7,14,2,15,5,1,10,6,11,3,16$1.0
1384$4,14,8,13,9,7,14,2,15,5,1,10,6,11,3,12$1.0
1385$4,14,8,13,9,7,14,2,15,5,1,10,6,11,3,16$1.0
1386$4,14,8,13,9,7,14,2,15,5,1,10,6,11,3,16$1.0
1387$4,14,8,13,9,7,14,2,15,5,1,10,6,11,3,16$1.0
1388$4,2,8,13,9,7,14,2,15,5,1,10,6,11,3,12$1.0
1389$4,14,8,13,9,7,14,2,15,5,1,10,6,11,3,16$1.0
1390$4,14,8,13,9,7,14,2,15,5,1,10,6,11,3,16$1.0
1391$4,14,8,13,9,7,14,2,15,5,1,10,6,11,3,12$1.0
1392$4,14,8,13,9,7,14,2,15,5,1,10,6,11,3,12$1.0
1393$4,14,8,13,9,7,14,2,15,5,1,10,6,11,3,12$1.0
1394$4,14,8,13,9,7,14,2,15,5,1,10,6,11,3,12$1.0
1395$4,14,8,13,9,7,14,2,15,5,1,10,6,11,3,12$1.0
1396$4,14,8,13,9,7,14,2,15,5,1,10,6,11,3,12$1.0
1397$4,14,8,13,9,7,14,2,15,5,1,10,6,11,3,12$1.0
1398$4,14,8,13,9,7,14,2,15,5,1,10,6,11,3,12$1.0
1399$4,14,8,13,9,7,14,2,15,5,1,10,6,11,3,12$1.0
1400$4,14,8,13,9,7,14,2,15,5,1,10,6,11,3,12$1.0
1401$4,14,8,13,9,7,14,2,15,5,1,10,6,11,3,12$1.0
1402$4,2,8,13,9,7,14,2,15,5,1,10,6,11,3,12$1.0
1403$4,14,8,13,9,7,14,2,15,5,1,10,6,11,3,12$1.0
1404$4,14,8,13,9,7,14,2,15,5,1,10,6,11,3,16$1.0
1405$4,2,8,13,9,7,14,2,15,5,1,10,6,11,3,12$1.0
1406$4,2,8,13,9,7,14,2,15,5,1,10,6,11,3,12$1.0
1407$4,2,8,13,9,7,14,2,15,5,1,10,6,11,3,12$1.0
1408$4,2,8,13,9,7,14,2,15,5,1,10,6,11,3,12$1.0
1409$4,2,8,13,9,7,14,2,15,5,1,10,6,11,3,12$1.0
1410$4,2,8,13,9,7,14,2,15,5,1,10,6,11,3,12$1.0
1411$4,4,8,13,9,7,14,2,15,5,1,10,6,11,3,12$1.0
1412$4,14,8,13,9,7,14,2,15,5,1,10,6,11,3,12$1.0
1413$4,4,8,13,9,7,14,2,15,5,1,10,6,11,3,12$1.0
1414$4,14,8,13,9,7,14,2,15,5,1,10,6,11,3,16$1.0
1415$4,4,8,13,9,7,14,2,15,5,1,10,6,11,3,16$1.0
1416$4,14,8,13,9,7,14,2,15,5,1,10,6,11,3,12$1.0
1417$4,14,8,13,9,7,14,2,15,5,1,10,6,11,3,12$1.0
1418$4,14,8,13,9,7,14,2,15,5,1,10,6,11,3,12$1.0
1419$4,4,8,13,9,7,14,2,15,5,1,10,6,11,3,12$1.0
1420$4,14,8,13,9,7,14,2,15,5,1,10,6,11,3,16$1.0
1421$4,4,8,13,9,7,14,2,15,5,1,10,6,11,3,12$1.0
1422$4,4,8,13,9,7,14,2,15,5,1,10,6,11,3,12$1.0
1423$4,14,8,13,9,7,14,2,15,5,1,10,6,11,3,12$1.0
1424$4,14,8,13,9,7,14,2,15,5,1,10,6,11,3,16$1.0
1425$4,4,8,13,9,7,14,2,15,5,1,10,6,11,3,12$1.0
1426$4,14,8,13,9,7,14,2,15,5,1,10,6,11,3,16$1.0
1427$4,4,8,13,9,7,14,2,15,5,1,10,6,11,3,12$1.0
1428$4,14,8,13,9,7,14,2,15,5,1,10,6,11,3,12$1.0
1429$4,4,8,13,9,7,14,2,15,5,1,10,6,11,3,12$1.0
1430$4,4,8,13,9,7,14,2,15,5,1,10,6,11,3,12$1.0
1431$4,4,8,13,9,7,14,2,15,5,1,10,6,11,3,12$1.0
1432$4,14,8,13,9,7,14,2,15,5,1,10,6,11,3,12$1.0
1433$4,4,8,13,9,7,14,2,15,5,1,10,6,11,3,16$1.0
1434$4,4,8,13,9,7,14,2,15,5,1,10,6,11,3,16$1.0
1435$4,4,8,13,9,7,14,2,15,5,1,10,6,11,3,12$1.0
1436$4,4,8,13,9,7,14,2,15,5,1,10,6,11,3,16$1.0
1437$4,4,8,13,9,7,14,2,15,5,1,10,6,11,3,16$1.0
1438$4,4,8,13,9,7,14,2,15,5,1,10,6,11,3,12$1.0
1439$4,4,8,13,9,7,14,2,15,5,1,10,6,11,3,12$1.0
1440$15,4,8,13,9,7,14,2,15,5,1,10,6,11,3,12$1.0
1441$4,4,8,13,9,7,14,2,15,5,1,10,6,11,3,12$1.0
1442$4,4,8,13,9,7,14,2,15,5,1,10,6,11,3,12$1.0
1443$4,4,8,13,9,7,14,2,15,5,1,10,6,11,3,16$1.0
1444$4,4,8,13,9,7,14,2,15,5,1,10,6,11,3,12$1.0
1445$4,4,8,13,9,7,14,2,15,5,1,10,6,11,3,16$1.0
1446$4,4,8,13,9,7,14,2,15,5,1,10,6,11,3,12$1.0
1447$4,4,8,13,9,7,14,2,15,5,1,10,6,11,3,12$1.0
1448$15,4,8,13,9,7,14,2,15,5,1,10,6,11,3,12$1.0
1449$15,4,8,13,9,7,14,2,15,5,1,10,6,11,3,16$1.0
1450$4,4,8,13,9,7,14,2,15,5,1,10,6,11,3,12$1.0
1451$15,4,8,13,9,7,14,2,15,5,1,10,6,11,3,12$1.0
1452$4,4,8,13,9,7,14,2,15,5,1,10,6,11,3,12$1.0
1453$4,4,8,13,9,7,14,2,15,5,1,10,6,11,3,12$1.0
1454$15,4,8,13,9,7,14,2,15,5,1,10,6,11,3,12$1.0
1455$15,4,8,13,9,7,14,2,15,5,1,10,6,11,3,16$1.0
1456$15,4,8,13,9,7,14,2,15,5,1,10,6,11,3,12$1.0
1457$15,4,8,13,9,7,14,2,15,5,1,10,6,11,3,12$1.0
1458$4,4,8,13,9,7,14,2,15,5,1,10,6,11,3,12$1.0
1459$4,4,8,13,9,7,14,2,15,5,1,10,6,11,3,12$1.0
1460$15,4,8,13,9,7,14,2,15,5,1,10,6,11,3,16$1.0
1461$15,4,8,13,9,7,14,2,15,5,1,10,6,11,3,16$1.0
1462$4,4,8,13,9,7,14,2,15,5,1,10,6,11,3,12$1.0
1463$15,4,8,13,9,7,14,2,15,5,1,10,6,11,3,16$1.0
1464$15,4,8,13,9,7,14,2,15,5,1,10,6,11,3,16$1.0
1465$15,4,8,13,9,7,14,2,15,5,1,10,6,11,3,16$1.0
1466$4,4,8,13,9,7,14,2,15,5,1,10,6,11,3,12$1.0
1467$4,4,8,13,9,7,14,2,15,5,1,10,6,11,3,12$1.0
1468$4,4,8,13,9,7,14,2,15,5,1,10,6,11,3,12$1.0
1469$4,4,8,13,9,7,14,2,15,5,1,10,6,11,3,16$1.0
1470$4,4,8,13,9,7,14,2,15,5,1,10,6,11,3,12$1.0
1471$4,4,8,13,9,7,14,2,15,5,1,10,6,11,3,12$1.0
1472$4,4,8,13,9,7,14,2,15,5,1,10,6,11,3,16$1.0
1473$15,4,8,13,9,7,14,2,15,5,1,10,6,11,3,12$1.0
1474$4,4,8,13,9,7,14,2,15,5,1,10,6,11,3,16$1.0
1475$4,4,8,13,9,7,14,2,15,5,1,10,6,11,3,12$1.0
1476$15,4,8,13,9,7,14,2,15,5,1,10,6,11,3,12$1.0
1477$15,4,8,13,9,7,14,2,15,5,1,10,6,11,3,12$1.0
1478$4,4,8,13,9,7,14,2,15,5,1,10,6,11,3,12$1.0
1479$4,4,8,13,9,7,14,2,15,5,1,10,6,11,3,12$1.0
1480$4,4,8,13,9,7,14,2,15,5,1,10,6,11,3,12$1.0
1481$4,4,8,13,9,7,14,2,15,5,1,10,6,11,3,12$1.0
1482$4,4,8,13,9,7,14,2,15,5,1,10,6,11,3,12$1.0
1483$4,4,8,13,9,7,14,2,15,5,1,10,6,11,3,12$1.0
1484$4,4,8,13,9,7,14,2,15,5,1,10,6,11,3,12$1.0
1485$4,4,8,13,9,7,14,2,15,5,1,10,6,11,3,12$1.0
1486$4,4,8,13,9,7,14,2,15,5,1,10,6,11,3,12$1.0
1487$4,4,8,13,9,7,14,2,15,5,1,10,6,11,3,12$1.0
1488$4,4,8,13,9,7,14,2,15,5,1,10,6,11,3,12$1.0
1489$4,4,8,13,9,7,14,2,15,5,1,10,6,11,3,12$1.0
1490$1,4,8,13,9,7,14,2,15,5,1,10,6,11,3,12$1.0
1491$4,4,8,13,9,7,14,2,15,5,1,10,6,11,3,12$1.0
1492$15,4,8,13,9,7,14,2,15,5,1,10,6,11,3,12$1.0
1493$4,4,8,13,9,7,14,2,15,5,1,10,6,11,3,12$1.0
1494$15,4,8,13,9,7,14,2,15,5,1,10,6,11,3,12$1.0
1495$4,4,8,13,9,7,14,2,15,5,1,10,6,11,3,12$1.0
1496$4,4,8,13,9,7,14,2,15,5,1,10,6,11,3,12$1.0
1497$15,4,8,13,9,7,14,2,15,5,1,10,6,11,3,12$1.0
1498$4,4,8,13,9,7,14,2,15,5,1,10,6,11,3,12$1.0
1499$4,4,8,13,9,7,14,2,15,5,1,10,6,11,3,12$1.0
1500$4,4,8,13,9,7,14,2,15,5,1,10,6,11,3,12$1.0
1501$4,4,8,13,9,7,14,2,15,5,1,10,6,11,3,12$1.0
1502$1,4,8,13,9,7,14,2,15,5,1,10,6,11,3,12$1.0
1503$4,2,8,13,9,7,14,2,15,5,1,10,6,11,3,12$1.0
1504$1,4,8,13,9,7,14,2,15,5,1,10,6,11,3,12$1.0
1505$4,4,8,13,9,7,14,2,15,5,1,10,6,11,3,12$1.0
1506$1,4,8,13,9,7,14,2,15,5,1,10,6,11,3,12$1.0
1507$4,2,8,13,9,7,14,2,15,5,1,10,6,11,3,12$1.0
1508$4,4,8,13,9,7,14,2,15,5,1,10,6,11,3,12$1.0
1509$4,4,8,13,9,7,14,2,15,5,1,10,6,11,3,12$1.0
1510$4,4,8,13,9,7,14,2,15,5,1,10,6,11,3,12$1.0
1511$4,14,8,13,9,7,14,2,15,5,1,10,6,11,3,12$1.0
1512$4,4,8,13,9,7,14,2,15,5,1,10,6,11,3,12$1.0
1513$4,16,8,13,9,7,14,2,15,5,1,10,6,11,15,12$1.0
1514$1,4,8,16,9,7,14,2,15,5,1,10,6,11,3,12$1.0
1515$4,4,8,13,9,7,14,2,15,5,1,10,6,11,3,12$1.0
1516$4,4,8,16,9,7,14,2,15,5,1,10,6,11,3,12$1.0
1517$4,16,8,13,9,7,14,2,15,5,1,10,6,11,1,12$1.0
1518$4,4,8,13,9,7,14,2,15,5,1,10,6,11,3,12$1.0
1519$4,4,8,13,9,7,14,2,15,5,1,10,6,11,3,12$1.0
1520$4,4,8,13,9,7,14,2,15,5,1,10,6,11,3,12$1.0
1521$4,4,8,13,9,7,14,2,15,5,1,10,6,11,3,12$1.0
1522$4,4,8,13,9,7,14,2,15,5,1,10,6,11,3,12$1.0
1523$4,4,8,13,9,7,14,2,15,5,1,10,6,11,3,12$1.0
1524$4,4,8,13,9,7,14,2,15,5,1,10,6,11,3,12$1.0
1525$4,4,8,13,9,7,14,2,15,5,1,10,6,11,3,12$1.0
1526$4,4,8,13,9,7,14,2,15,5,1,10,6,11,3,12$1.0
1527$4,4,8,13,9,7,14,2,15,5,1,10,6,11,3,12$1.0
1528$4,4,8,16,9,7,14,2,15,5,1,10,6,11,3,12$1.0
1529$4,4,8,13,9,7,14,2,15,5,1,10,6,11,3,12$1.0
1530$4,4,8,13,9,7,14,2,15,5,1,10,6,11,3,12$1.0
1531$4,4,8,13,9,7,14,2,15,5,1,10,6,11,3,12$1.0
1532$1,4,8,13,9,7,14,2,15,5,1,10,6,11,3,12$1.0
1533$4,4,8,13,9,7,14,2,15,5,1,10,6,11,3,12$1.0
1534$4,4,8,13,9,7,14,2,15,5,1,10,6,11,3,12$1.0
1535$4,4,8,13,9,7,14,2,15,5,1,10,6,11,3,12$1.0
1536$1,4,8,16,9,7,14,2,15,5,1,10,6,11,3,12$1.0
1537$15,4,8,13,9,7,14,2,15,5,1,10,6,11,3,12$1.0
1538$1,4,8,13,9,7,14,2,15,5,1,10,6,11,3,12$1.0
1539$1,4,8,13,9,7,14,2,15,5,1,10,6,11,3,12$1.0
1540$1,4,8,16,9,7,14,2,15,13,1,10,6,11,3,12$1.0
1541$1,4,8,16,9,7,14,2,15,5,1,10,6,11,3,12$1.0
1542$15,4,8,16,9,7,14,2,15,5,1,10,6,11,3,12$1.0
1543$1,4,8,16,9,7,14,2,15,5,1,10,6,11,3,12$1.0
1544$1,4,8,16,9,7,14,2,15,5,1,10,6,11,3,12$1.0
1545$4,4,8,16,9,7,14,2,15,5,1,10,6,11,3,12$1.0
1546$15,4,8,13,9,7,14,2,15,5,1,10,6,11,3,12$1.0
1547$15,4,8,16,9,7,14,2,15,5,1,10,6,11,3,12$1.0
1548$1,4,8,16,9,7,14,2,15,5,1,10,6,11,3,12$1.0
1549$1,4,8,16,9,7,14,2,15,5,1,10,6,11,3,12$1.0
1550$1,4,8,16,9,7,14,2,15,5,1,10,6,11,3,12$1.0
1551$15,4,8,16,9,7,14,2,15,5,1,10,6,11,3,12$1.0
1552$1,4,8,16,9,7,14,2,15,5,1,10,6,11,3,12$1.0
1553$15,4,8,16,9,7,14,2,15,5,1,10,6,11,3,12$1.0
1554$4,4,8,16,9,7,14,2,15,5,1,10,6,11,3,12$1.0
1555$1,4,8,16,9,7,14,2,15,5,1,10,6,11,3,12$1.0
1556$4,4,8,16,9,7,14,2,15,5,1,10,6,11,3,12$1.0
1557$15,4,8,16,9,7,14,2,15,5,1,10,6,11,3,12$1.0
1558$15,4,8,16,9,7,14,2,15,5,1,10,6,11,3,12$1.0
1559$1,4,8,16,9,7,14,2,15,5,1,10,6,11,3,12$1.0
1560$1,4,8,16,9,7,14,2,15,5,1,10,6,11,3,12$1.0
1561$4,4,8,16,9,7,14,2,15,5,1,10,6,11,3,12$1.0
1562$1,4,8,13,9,7,14,2,15,5,1,10,6,11,3,12$1.0
1563$1,4,8,16,9,7,14,2,15,5,1,10,6,11,3,12$1.0
1564$15,4,8,13,9,7,14,2,15,5,1,10,6,11,3,12$1.0
1565$4,4,8,16,9,7,14,2,15,5,1,10,6,11,3,12$1.0
1566$1,4,8,13,9,7,14,2,15,5,1,10,6,11,3,12$1.0
1567$4,4,8,16,9,7,14,2,15,5,1,10,6,11,3,12$1.0
1568$1,4,8,16,9,7,14,2,15,5,1,10,6,11,3,12$1.0
1569$4,1,13,16,9,7,14,2,15,5,1,10,6,11,3,12$1.0
1570$4,4,8,16,9,7,14,2,15,5,1,10,6,11,3,12$1.0
1571$1,4,8,16,9,7,14,2,15,13,1,10,6,11,3,12$1.0
1572$1,4,8,16,9,7,14,2,15,5,1,10,6,11,3,12$1.0
1573$4,4,8,16,9,7,14,2,15,5,1,10,6,11,3,12$1.0
1574$4,4,8,16,9,7,14,2,15,5,1,10,6,11,3,12$1.0
1575$4,4,8,16,9,7,14,2,15,5,1,10,6,11,3,12$1.0
1576$1,4,8,16,9,7,14,2,15,5,1,10,6,11,3,12$1.0
1577$4,4,8,16,9,7,14,2,15,5,1,10,6,11,3,12$1.0
1578$4,2,8,16,9,7,14,2,15,5,1,10,6,11,3,12$1.0
1579$1,4,8,16,9,7,14,2,15,5,1,10,6,11,3,12$1.0
1580$1,4,8,16,9,7,14,2,15,5,1,10,6,11,3,12$1.0
1581$1,4,8,16,9,7,14,2,15,5,1,10,6,11,3,12$1.0
1582$1,4,8,16,9,7,14,2,15,5,1,10,6,11,3,12$1.0
1583$1,4,8,16,9,7,14,2,15,5,1,10,6,11,3,12$1.0
1584$1,4,8,13,9,7,14,2,15,5,1,10,6,11,3,12$1.0
1585$4,4,8,16,9,7,14,2,15,5,1,10,6,11,3,12$1.0
1586$4,4,8,16,9,7,14,2,15,5,1,10,6,11,3,12$1.0
1587$1,4,8,13,9,7,14,2,15,5,1,10,6,11,3,12$1.0
1588$4,4,8,16,9,7,14,2,15,5,1,10,6,11,3,12$1.0
1589$4,2,8,16,9,7,14,2,15,5,1,10,6,11,3,12$1.0
1590$1,4,8,16,9,7,14,2,15,5,1,10,6,11,3,12$1.0
1591$15,4,8,16,9,7,14,2,15,5,1,10,6,11,3,12$1.0
1592$4,4,8,16,9,7,14,2,15,5,1,10,6,11,3,12$1.0
1593$1,4,8,16,9,7,14,2,15,5,1,10,6,11,3,12$1.0
1594$1,4,8,16,9,7,14,2,15,5,1,10,6,11,3,12$1.0
1595$1,4,8,16,9,7,14,2,15,5,1,10,6,11,3,12$1.0
1596$1,4,8,16,9,7,14,2,15,5,1,10,6,11,3,12$1.0
1597$1,4,8,16,9,7,14,2,15,5,1,10,6,11,3,12$1.0
1598$1,4,8,16,9,7,14,2,15,5,1,10,6,11,3,12$1.0
1599$1,4,8,16,9,7,14,2,15,5,1,10,6,11,3,12$1.0
1600$1,4,8,16,9,7,14,2,15,5,1,10,6,11,3,12$1.0
1601$1,4,8,16,9,7,14,2,15,5,1,10,6,11,3,12$1.0
1602$1,4,8,16,9,7,14,2,15,5,1,10,6,11,3,12$1.0
1603$1,4,8,16,9,7,14,2,15,5,1,10,6,11,3,12$1.0
1604$1,4,8,16,9,7,14,2,15,5,1,10,6,11,3,12$1.0
1605$1,4,8,16,9,7,14,2,15,5,1,10,6,11,3,12$1.0
1606$1,4,8,16,9,7,14,2,15,5,1,10,6,11,3,12$1.0
1607$1,4,8,16,9,7,14,2,15,5,1,10,6,11,3,12$1.0
1608$1,4,8,16,9,7,14,2,15,5,1,10,6,11,3,12$1.0
1609$1,4,8,16,9,7,14,2,15,5,1,10,6,11,3,12$1.0
1610$1,4,8,16,9,7,14,2,15,5,1,10,6,11,3,12$1.0
1611$1,4,8,16,9,7,14,2,15,13,1,10,6,11,3,12$1.0
1612$1,4,8,16,9,7,14,2,15,5,1,10,6,11,3,12$1.0
1613$1,4,8,16,9,7,14,2,15,5,1,10,6,11,3,12$1.0
1614$1,4,8,16,9,7,14,2,15,5,1,10,6,11,3,12$1.0
1615$1,4,8,16,9,7,14,2,15,5,1,10,6,11,3,12$1.0
1616$1,4,8,16,9,7,14,2,15,5,1,10,6,11,3,12$1.0
1617$1,4,8,16,9,7,14,2,15,5,1,10,6,11,3,12$1.0
1618$1,4,8,16,9,7,14,2,15,5,1,10,6,11,3,12$1.0
1619$15,4,8,16,9,7,14,2,15,5,1,10,6,11,3,12$1.0
1620$1,4,8,16,9,7,14,2,15,5,1,10,6,11,3,12$1.0
1621$1,4,8,16,9,7,14,2,15,5,1,10,6,11,3,12$1.0
1622$1,4,8,16,9,7,14,2,15,5,1,10,6,11,3,12$1.0
1623$1,4,8,16,9,7,14,2,15,5,1,10,6,11,3,12$1.0
1624$1,4,8,16,9,7,14,2,15,5,1,10,6,11,3,12$1.0
1625$15,4,8,16,9,7,14,2,15,5,1,10,6,11,3,12$1.0
1626$1,4,8,16,9,7,14,2,15,5,1,10,6,11,3,12$1.0
1627$1,4,8,16,9,7,14,2,15,5,1,10,6,11,3,12$1.0
1628$1,4,8,16,9,7,14,2,15,5,1,10,6,11,3,12$1.0
1629$1,4,8,16,9,7,14,2,15,5,1,10,6,11,3,12$1.0
1630$1,4,8,16,9,7,14,2,15,5,1,10,6,11,3,12$1.0
1631$1,4,8,16,9,7,14,2,15,5,1,10,6,11,3,12$1.0
1632$1,4,8,16,9,7,14,2,15,5,1,10,6,11,3,12$1.0
1633$1,4,8,16,9,7,14,2,15,5,1,10,6,11,3,12$1.0
1634$1,4,8,16,9,7,14,2,15,5,1,10,6,11,3,12$1.0
1635$1,4,8,16,9,7,14,2,15,5,1,10,6,11,3,12$1.0
1636$15,4,8,16,9,7,14,2,15,5,1,10,6,11,3,12$1.0
1637$1,4,8,16,9,7,14,2,15,5,1,10,6,11,3,12$1.0
1638$1,4,8,16,9,7,14,2,15,5,1,10,6,11,3,12$1.0
1639$1,4,8,16,9,7,14,2,15,5,1,10,6,11,3,12$1.0
1640$1,4,8,16,9,7,14,2,15,5,1,10,6,11,3,12$1.0
1641$1,4,8,16,9,7,14,2,15,5,1,10,6,11,3,12$1.0
1642$1,4,8,16,9,7,14,2,15,5,1,10,6,11,3,12$1.0
1643$15,4,8,16,9,7,14,2,15,5,1,10,6,11,3,12$1.0
1644$1,4,8,13,9,7,14,2,15,5,1,10,6,11,3,12$1.0
1645$15,4,8,16,9,7,14,2,15,5,1,10,6,11,3,12$1.0
1646$1,4,8,16,9,7,14,2,15,13,1,10,6,11,3,12$1.0
1647$1,4,8,16,9,7,14,2,15,5,1,10,6,11,3,12$1.0
1648$15,4,8,16,9,7,14,2,15,5,1,10,6,11,3,12$1.0
1649$1,4,8,16,9,7,14,2,15,5,1,10,6,11,3,12$1.0
1650$15,4,8,16,9,7,14,2,15,13,1,10,6,11,3,12$1.0
1651$1,4,8,16,9,7,14,2,15,13,1,10,6,11,3,12$1.0
1652$1,4,8,16,9,7,14,2,15,5,1,10,6,11,3,12$1.0
1653$1,4,8,16,9,7,14,2,15,5,1,10,6,11,3,12$1.0
1654$1,4,8,16,9,7,14,2,15,5,1,10,6,11,3,12$1.0
1655$1,4,8,16,9,7,14,2,15,5,1,10,6,11,3,12$1.0
1656$1,4,8,16,9,7,14,2,15,5,1,10,6,11,3,12$1.0
1657$1,4,8,16,9,7,14,2,15,5,1,10,6,11,3,12$1.0
1658$15,4,8,16,9,7,14,2,15,5,1,10,6,13,3,12$1.0
1659$1,4,8,16,9,7,14,2,15,5,1,10,6,11,3,12$1.0
1660$15,4,8,16,9,7,14,2,15,5,1,10,6,11,3,12$1.0
1661$15,4,8,16,9,7,14,2,15,5,1,10,6,11,3,12$1.0
1662$15,4,8,16,9,7,14,2,15,5,1,10,6,11,3,12$1.0
1663$1,4,8,16,9,7,14,2,15,5,1,10,6,11,3,12$1.0
1664$1,4,8,16,9,7,14,2,15,5,1,10,6,11,3,12$1.0
1665$15,4,8,16,9,7,14,2,15,5,1,10,6,11,3,12$1.0
1666$1,4,8,16,9,7,14,2,15,5,1,10,6,11,3,12$1.0
1667$1,4,8,16,9,7,14,2,15,5,1,10,6,11,3,12$1.0
1668$16,4,8,16,9,7,14,2,15,5,1,10,6,13,3,12$1.0
1669$16,4,8,16,9,7,14,2,15,5,1,10,6,11,3,12$1.0
1670$1,4,8,16,9,7,14,2,15,5,1,10,6,13,3,12$1.0
1671$15,4,8,16,9,7,14,2,15,5,1,10,6,11,3,12$1.0
1672$15,4,8,16,9,7,14,2,15,5,1,10,6,11,3,12$1.0
1673$1,4,8,16,9,7,14,2,15,5,1,10,6,13,3,12$1.0
1674$1,4,8,16,9,7,14,2,15,13,1,10,6,11,3,12$1.0
1675$1,4,8,16,9,7,14,2,15,5,1,10,6,11,3,12$1.0
1676$1,4,8,16,9,7,14,2,15,13,1,10,6,11,3,12$1.0
1677$1,4,8,16,9,7,14,2,15,13,1,10,6,11,3,12$1.0
1678$1,4,8,16,9,7,14,2,15,5,1,10,6,13,3,12$1.0
1679$15,4,8,16,9,7,14,2,15,13,1,10,6,11,3,12$1.0
1680$1,4,8,16,9,7,14,2,15,13,1,10,6,11,3,12$1.0
1681$15,4,8,16,9,7,14,2,15,13,1,10,6,11,3,12$1.0
1682$1,4,8,16,9,7,14,2,15,5,1,10,6,11,3,12$1.0
1683$15,4,8,16,9,7,14,2,15,13,1,10,6,11,3,12$1.0
1684$15,4,8,16,9,7,14,2,15,13,1,10,6,11,3,12$1.0
1685$15,4,8,16,9,7,14,2,15,13,1,10,6,11,3,12$1.0
1686$15,4,8,16,9,7,14,2,15,13,1,10,6,11,3,12$1.0
1687$1,4,8,16,9,7,14,2,15,5,1,10,6,11,3,12$1.0
1688$15,4,8,16,9,7,14,2,15,13,1,10,6,11,3,12$1.0
1689$15,4,8,16,9,7,14,2,15,13,1,10,6,11,3,12$1.0
1690$1,4,8,16,9,7,14,2,15,5,1,10,6,11,3,12$1.0
1691$1,4,8,16,9,7,14,2,15,13,1,10,6,11,3,12$1.0
1692$15,4,8,16,9,7,14,2,15,5,1,10,6,11,3,12$1.0
1693$15,4,8,16,9,7,14,2,15,5,1,10,6,11,3,12$1.0
1694$1,4,8,16,9,7,14,2,15,13,1,10,6,11,3,12$1.0
1695$15,4,8,16,9,7,14,2,15,13,1,10,6,11,3,12$1.0
1696$15,4,8,16,9,7,14,2,15,5,1,10,6,11,3,12$1.0
1697$15,4,8,16,9,7,14,2,15,13,1,10,6,11,3,12$1.0
1698$15,4,8,16,9,7,14,2,15,13,1,10,6,11,3,12$1.0
1699$15,4,8,16,9,7,14,2,15,13,1,10,6,11,3,12$1.0
1700$15,4,8,16,9,7,14,2,15,5,1,10,6,11,3,12$1.0
1701$15,4,8,16,9,7,14,2,15,13,1,10,6,11,3,12$1.0
1702$15,4,8,16,9,7,14,2,15,13,1,10,6,11,3,12$1.0
1703$15,4,8,16,9,7,14,2,15,5,1,10,6,11,3,12$1.0
1704$4,4,8,16,9,7,14,2,15,5,1,10,6,11,3,12$1.0
1705$15,4,8,16,9,7,14,2,15,5,1,10,6,11,3,12$1.0
1706$15,4,8,16,9,7,14,2,15,5,1,10,6,11,3,12$1.0
1707$15,4,8,16,9,7,14,2,15,13,1,10,6,11,3,12$1.0
1708$15,4,8,13,9,7,14,2,15,5,1,10,6,11,3,12$1.0
1709$15,4,8,16,9,7,14,2,15,13,1,10,6,11,3,12$1.0
1710$15,4,8,13,9,7,14,2,15,5,1,10,6,11,3,12$1.0
1711$15,4,8,13,9,7,14,2,15,5,1,10,6,11,3,12$1.0
1712$15,4,8,16,9,7,14,2,15,5,1,10,6,11,3,12$1.0
1713$15,4,8,16,9,7,14,2,15,5,1,10,6,11,3,12$1.0
1714$15,4,8,16,9,7,14,2,15,5,1,10,6,11,3,12$1.0
1715$15,4,8,16,9,7,14,2,15,13,1,10,6,11,3,12$1.0
1716$15,4,8,16,9,7,14,2,15,5,1,10,6,11,3,12$1.0
1717$15,4,8,13,9,7,14,2,15,5,1,10,6,11,3,12$1.0
1718$15,4,8,16,9,7,14,2,15,5,1,10,6,11,3,12$1.0
1719$15,4,8,16,9,7,14,2,15,5,1,10,13,11,3,12$1.0
1720$15,4,8,16,9,7,14,2,15,5,1,10,6,11,3,12$1.0
1721$15,4,8,16,9,7,14,2,15,5,1,10,13,11,3,12$1.0
1722$15,4,8,16,9,7,14,2,15,5,1,10,6,11,3,12$1.0
1723$15,4,8,16,9,7,14,2,15,13,1,10,6,11,3,12$1.0
1724$15,4,8,16,9,7,14,2,15,5,1,10,6,11,3,12$1.0
1725$15,4,8,13,9,7,14,2,15,5,1,10,6,11,3,12$1.0
1726$15,4,8,16,9,7,14,2,15,5,1,10,6,11,3,12$1.0
1727$15,4,8,13,9,7,14,2,15,5,1,10,6,11,3,16$1.0
1728$15,4,8,16,9,7,14,2,15,5,1,10,6,11,3,12$1.0
1729$15,4,8,16,9,7,14,2,15,5,1,10,6,11,3,12$1.0
1730$16,4,8,16,9,7,14,2,15,5,1,10,13,11,3,12$1.0
1731$15,4,8,16,9,7,14,2,15,5,1,10,6,11,3,12$1.0
1732$15,4,8,16,9,7,14,2,15,5,1,10,6,11,3,12$1.0
1733$15,4,8,16,9,7,14,2,15,13,1,10,6,11,3,12$1.0
1734$15,4,8,16,9,7,14,2,15,5,1,10,6,11,3,12$1.0
1735$15,4,8,16,9,7,14,2,15,13,1,10,6,11,3,12$1.0
1736$16,4,8,16,9,7,14,2,15,5,1,10,13,11,3,12$1.0
1737$15,4,8,16,9,7,14,2,15,5,1,10,6,11,3,12$1.0
1738$15,4,8,16,9,7,14,2,15,5,1,10,6,11,3,12$1.0
1739$15,4,8,16,9,7,14,2,15,5,1,10,6,11,3,12$1.0
1740$1,4,8,16,9,7,14,2,15,13,1,10,6,11,3,12$1.0
1741$15,4,8,16,9,7,14,2,15,5,1,10,13,11,3,12$1.0
1742$15,4,8,16,9,7,14,2,8,5,1,10,6,11,3,12$1.0
1743$15,4,8,16,9,7,14,2,8,5,1,10,6,11,3,12$1.0
1744$15,4,8,16,9,7,14,2,8,5,1,10,6,11,3,12$1.0
1745$1,4,8,16,9,7,14,2,15,5,1,10,6,11,3,12$1.0
1746$1,4,8,16,9,7,14,2,15,13,1,10,6,11,3,12$1.0
1747$15,4,8,16,9,7,14,2,15,13,1,10,6,11,3,12$1.0
1748$15,4,8,16,9,7,14,2,15,5,1,10,6,11,3,12$1.0
1749$15,4,6,16,9,7,14,2,8,5,1,10,13,11,3,12$0.0
1749$15,4,6,16,9,7,14,2,8,5,1,10,13,11,3,12$0.0
