16
0$9,13,2,4,15,12,3,6,12,3,8,6,14,4,10,8$13.0
0$5,6,11,16,4,1,13,2,16,5,9,3,11,7,3,15$20.0
0$6,1,13,12,16,15,8,5,11,16,16,3,4,8,9,16$19.0
0$9,13,2,4,15,12,3,6,12,3,8,6,14,4,10,8$13.0
1$6,11,13,15,9,12,16,3,7,11,10,14,4,4,2,16$13.0
2$14,3,10,16,2,16,5,3,1,12,12,11,11,7,15,10$13.0
3$5,10,10,16,16,2,9,6,8,3,8,6,14,4,10,8$12.0
3$5,10,10,16,16,2,9,6,8,3,8,6,14,4,10,8$12.0
4$9,2,16,4,3,11,16,1,10,1,13,6,12,2,7,11$10.0
4$9,2,16,4,3,11,16,1,10,1,13,6,12,2,7,11$10.0
5$9,2,16,10,3,11,16,1,10,1,13,6,12,2,7,11$7.0
5$9,2,16,10,3,11,16,1,10,1,13,6,12,2,7,11$7.0
6$15,2,16,1,8,11,16,7,10,1,13,6,12,2,7,11$11.0
7$14,5,11,12,3,15,13,1,10,1,13,6,12,2,7,11$8.0
8$14,5,11,12,3,15,13,3,1,14,11,6,6,4,2,15$9.0
9$10,3,10,16,9,6,10,1,6,5,13,6,12,2,7,11$10.0
10$14,3,10,7,2,16,12,4,7,16,13,6,12,3,7,11$8.0
11$9,2,16,1,8,11,16,4,7,16,13,6,12,3,7,11$7.0
12$9,2,16,1,8,12,16,1,6,14,13,4,12,15,3,11$9.0
13$13,5,16,1,6,11,16,4,7,16,13,6,12,2,7,11$9.0
14$9,11,8,1,9,2,5,4,7,16,13,6,12,3,7,11$9.0
15$10,2,11,1,8,11,16,4,7,14,13,4,12,15,3,11$10.0
16$9,5,16,10,16,11,16,15,15,1,9,6,13,2,7,13$10.0
17$9,2,8,1,8,11,16,4,7,5,13,6,12,14,16,3$6.0
17$9,2,8,1,8,11,16,4,7,5,13,6,12,14,16,3$6.0
18$9,5,16,10,10,6,4,1,11,3,13,6,12,2,13,5$8.0
19$9,5,16,10,3,14,16,4,13,7,13,6,12,2,7,11$7.0
20$9,1,16,10,3,13,16,4,2,7,13,6,12,2,7,11$8.0
21$9,2,8,10,3,13,10,1,6,11,13,6,12,2,7,11$5.0
21$9,2,8,10,3,13,10,1,6,11,13,6,12,2,7,11$5.0
22$9,2,8,10,14,15,10,4,7,3,13,6,12,2,7,11$7.0
23$3,5,16,1,9,11,16,4,7,16,13,6,12,15,15,11$7.0
24$3,5,16,1,9,11,16,1,7,16,13,6,12,15,15,11$8.0
25$9,2,4,1,8,14,16,4,13,1,13,6,12,3,7,11$7.0
26$12,3,16,2,9,3,16,4,15,1,13,6,12,6,15,11$7.0
27$12,3,16,2,9,3,16,4,15,1,13,6,12,2,7,11$6.0
28$9,6,8,11,14,3,10,1,11,16,16,6,12,2,13,5$7.0
29$5,12,16,9,3,14,8,4,2,7,13,6,12,6,15,11$4.0
29$5,12,16,9,3,14,8,4,2,7,13,6,12,6,15,11$4.0
30$8,3,16,1,3,14,16,4,15,1,13,6,12,2,7,11$7.0
31$9,2,16,1,3,16,8,4,14,1,13,6,12,2,7,11$5.0
32$9,16,16,10,3,16,8,4,2,7,13,6,12,6,15,11$6.0
33$9,2,16,10,3,16,8,4,7,1,13,6,12,6,15,11$6.0
34$9,2,16,1,3,16,8,4,2,7,13,6,12,6,15,11$7.0
35$9,9,16,5,3,16,10,4,2,7,13,6,12,6,15,11$7.0
36$5,2,16,10,3,16,8,4,2,7,13,6,12,6,15,11$5.0
37$1,5,16,10,3,11,8,4,13,1,13,6,12,2,7,11$5.0
38$9,12,16,1,3,11,8,4,15,1,13,6,12,2,7,11$5.0
39$9,12,16,1,3,9,14,4,13,8,13,5,12,6,15,11$5.0
40$9,2,16,10,3,9,14,4,13,1,13,6,12,15,5,14$5.0
41$9,12,16,1,8,11,14,4,15,1,13,6,12,2,7,11$5.0
42$9,3,16,1,8,11,2,4,13,16,13,6,12,6,15,7$5.0
43$9,12,16,1,8,11,2,4,13,16,13,6,12,6,15,7$4.0
44$9,2,16,10,8,11,14,4,15,1,13,6,12,2,7,11$6.0
45$9,3,16,10,3,9,14,5,13,1,13,6,12,6,15,11$4.0
46$9,2,16,10,3,11,14,4,13,1,13,6,12,15,5,14$4.0
47$9,12,16,1,8,11,2,4,7,1,13,6,10,13,15,6$5.0
48$9,12,16,1,8,11,2,4,7,1,13,6,10,13,15,6$5.0
49$9,12,16,1,8,11,2,4,7,1,13,6,10,13,15,6$5.0
50$9,5,16,10,3,11,8,4,13,1,13,6,12,2,7,11$4.0
51$9,5,16,10,3,11,8,4,13,1,13,6,12,2,7,11$4.0
52$9,5,16,10,3,11,8,4,13,1,13,6,12,2,7,11$4.0
53$9,5,16,10,3,11,8,4,13,1,13,6,12,2,7,11$4.0
54$9,3,16,10,3,11,2,4,13,1,13,6,12,7,15,11$5.0
55$9,5,16,9,3,3,8,4,13,1,13,6,12,6,15,11$4.0
56$9,14,16,10,3,11,8,4,13,1,13,9,12,6,15,11$3.0
56$9,14,16,10,3,11,8,4,13,1,13,9,12,6,15,11$3.0
57$9,12,16,1,8,11,2,4,13,1,13,6,12,15,5,14$3.0
58$9,12,16,1,8,11,2,4,13,1,13,6,12,6,15,5$4.0
59$9,14,16,10,3,11,8,4,13,1,13,6,12,6,15,5$2.0
59$9,14,16,10,3,11,8,4,13,1,13,6,12,6,15,5$2.0
60$9,14,16,10,3,11,8,4,13,1,13,6,12,6,15,5$2.0
61$9,14,16,10,3,11,8,4,13,1,13,6,12,6,15,5$2.0
62$9,5,16,10,3,11,8,4,13,1,13,6,12,6,15,11$3.0
63$9,14,16,10,3,11,8,4,13,1,13,6,12,6,15,11$3.0
64$9,14,16,10,3,11,8,4,13,1,13,6,12,6,15,5$2.0
65$9,14,16,10,3,11,8,4,13,1,13,6,12,6,15,5$2.0
66$9,14,16,10,3,11,8,4,13,1,13,6,12,6,15,5$2.0
67$9,14,16,10,3,11,8,4,13,1,13,6,12,6,15,5$2.0
68$9,14,16,10,3,11,8,4,13,1,13,6,12,6,15,5$2.0
69$9,14,16,10,3,11,8,4,13,1,13,6,12,6,15,5$2.0
70$9,14,16,10,3,11,8,4,13,1,13,6,12,6,15,11$3.0
71$9,14,16,10,3,11,8,4,13,1,13,6,12,6,15,5$2.0
72$9,14,16,10,3,11,8,4,4,1,13,6,12,6,15,5$2.0
73$9,14,16,10,3,11,8,4,13,1,13,6,12,6,15,5$2.0
74$9,14,16,10,3,11,8,4,13,1,13,6,12,6,15,5$2.0
75$9,14,16,10,3,11,8,4,13,1,13,6,12,9,15,5$2.0
76$9,5,16,10,3,11,8,4,13,1,13,6,12,2,15,11$2.0
77$9,14,16,10,3,11,8,4,13,1,13,6,12,6,15,5$2.0
78$9,14,16,10,3,11,8,4,13,1,13,6,12,6,15,5$2.0
79$9,14,16,10,3,11,8,4,13,1,13,6,12,6,15,5$2.0
80$4,14,16,10,3,11,8,5,13,1,13,6,12,9,15,5$2.0
81$9,14,16,10,3,11,8,4,13,1,13,6,12,9,15,5$2.0
82$9,14,16,10,3,11,8,4,13,1,13,6,12,9,15,5$2.0
83$9,14,16,10,3,11,8,4,13,1,13,6,12,9,15,5$2.0
84$9,14,16,10,3,11,8,4,13,1,13,6,12,9,15,5$2.0
85$9,14,16,10,3,11,8,4,13,1,13,6,12,9,15,5$2.0
86$9,5,16,10,3,11,8,4,13,1,13,6,12,6,15,11$3.0
87$9,14,16,10,3,11,8,4,13,1,13,6,12,9,15,5$2.0
88$9,14,16,10,3,11,8,4,13,1,13,6,12,6,15,5$2.0
89$12,14,16,10,3,11,8,4,13,1,13,6,12,9,15,5$2.0
90$9,14,16,10,3,11,8,4,13,1,13,6,12,9,15,5$2.0
91$9,14,16,10,3,11,8,4,13,1,13,6,12,9,15,5$2.0
92$12,14,16,10,3,11,8,4,13,1,13,6,12,9,15,5$2.0
93$9,14,16,10,3,11,8,4,13,1,13,6,12,9,15,5$2.0
94$9,14,16,10,3,11,8,4,13,1,13,6,12,9,15,5$2.0
95$9,14,16,10,3,11,8,4,13,1,13,6,12,9,15,5$2.0
96$12,14,16,10,3,11,8,4,13,1,13,6,12,9,15,5$2.0
97$9,14,16,10,3,11,8,4,13,1,13,6,12,9,15,5$2.0
98$9,14,16,10,3,11,8,4,13,1,13,6,12,9,15,5$2.0
99$9,14,16,10,3,11,8,4,13,1,13,6,12,9,15,5$2.0
100$12,14,2,10,3,11,8,4,13,1,13,6,16,9,15,5$1.0
100$12,14,2,10,3,11,8,4,13,1,13,6,16,9,15,5$1.0
101$9,14,16,10,3,11,8,4,13,1,13,6,12,9,15,5$2.0
102$9,14,2,10,3,11,8,4,13,1,13,6,16,9,15,5$2.0
103$9,14,16,10,3,11,8,4,13,1,13,6,12,9,15,5$2.0
104$9,14,16,10,3,11,8,4,13,1,13,6,12,9,15,5$2.0
105$9,14,16,10,3,11,8,4,13,1,13,6,12,9,15,5$2.0
106$9,14,16,10,3,11,8,4,13,1,13,6,12,9,15,5$2.0
107$9,14,16,10,3,11,8,4,13,1,13,6,12,9,15,5$2.0
108$9,14,16,10,3,11,8,4,13,1,13,6,12,9,15,5$2.0
109$9,14,16,10,3,11,8,4,13,1,13,6,12,9,15,5$2.0
110$9,14,16,10,3,11,8,4,13,1,13,6,12,9,15,5$2.0
111$9,14,16,10,3,11,8,4,13,1,13,6,12,9,15,5$2.0
112$9,14,16,10,3,11,8,4,13,1,13,6,12,9,15,5$2.0
113$9,14,16,10,3,11,8,4,13,1,13,6,12,9,15,5$2.0
114$9,14,16,10,3,11,8,4,13,1,13,6,12,9,15,5$2.0
115$9,14,16,10,3,11,8,4,13,1,13,6,12,9,15,5$2.0
116$9,14,16,10,3,11,8,4,13,1,13,6,12,9,15,5$2.0
117$9,14,16,10,3,11,8,4,13,1,13,6,12,9,15,5$2.0
118$9,14,16,10,3,11,8,4,13,1,13,6,12,9,15,5$2.0
119$9,14,16,10,3,11,8,4,13,1,13,6,12,9,15,5$2.0
120$9,14,16,10,3,11,8,4,13,1,13,6,12,6,15,5$2.0
121$9,14,16,10,3,11,8,4,13,1,13,6,12,9,15,5$2.0
122$9,14,16,10,3,11,8,4,13,1,13,6,12,9,15,5$2.0
123$9,14,16,10,3,11,8,4,13,1,13,6,12,9,15,5$2.0
124$9,14,16,10,3,11,8,4,13,1,13,6,12,9,15,5$2.0
125$9,14,16,10,3,11,8,4,13,1,13,6,12,9,15,5$2.0
126$9,14,16,10,3,11,8,4,13,1,13,6,12,9,15,5$2.0
127$9,14,16,10,3,11,8,4,13,1,13,6,12,9,15,5$2.0
128$9,14,16,10,3,11,8,4,13,1,13,6,12,6,15,5$2.0
129$9,14,16,10,3,11,8,4,13,1,13,6,12,9,15,5$2.0
130$9,14,16,10,3,11,8,4,13,1,13,6,12,9,15,5$2.0
131$9,14,16,10,3,11,8,4,13,1,13,6,12,9,15,5$2.0
132$8,14,16,10,3,11,8,4,13,1,13,6,12,9,15,5$2.0
133$9,14,16,10,3,11,8,4,13,1,13,6,12,9,15,5$2.0
134$9,14,16,10,3,11,8,4,13,1,13,6,12,9,15,5$2.0
135$9,14,16,10,3,11,8,4,13,1,13,6,12,9,15,5$2.0
136$9,14,16,10,3,11,8,4,13,1,13,6,12,9,15,5$2.0
137$9,14,16,10,3,11,8,4,13,1,13,6,12,9,15,5$2.0
138$9,14,16,10,3,11,8,4,13,1,13,6,12,9,15,5$2.0
139$9,14,16,10,3,11,8,4,13,1,13,6,12,9,15,5$2.0
140$9,14,16,10,3,11,8,4,13,1,13,6,12,6,15,5$2.0
141$9,14,16,10,3,11,8,4,13,1,13,6,12,9,15,5$2.0
142$8,14,16,10,3,11,8,4,13,1,13,6,12,9,15,5$2.0
143$9,14,16,10,3,11,8,4,13,1,13,6,12,9,15,5$2.0
144$9,14,16,10,3,11,8,4,13,1,13,6,12,9,15,5$2.0
145$9,14,16,10,3,11,8,4,13,1,13,6,12,9,15,5$2.0
146$9,14,16,10,3,11,8,4,13,1,13,6,12,9,15,5$2.0
147$12,14,16,10,3,11,8,4,13,1,13,6,12,9,15,5$2.0
148$12,14,16,10,3,11,8,4,13,1,13,6,12,9,15,5$2.0
149$9,14,16,10,2,11,8,4,13,1,13,6,12,9,15,5$2.0
150$12,14,16,10,3,11,8,4,13,1,13,6,12,9,15,5$2.0
151$12,14,16,10,3,11,8,4,13,1,13,6,12,9,15,5$2.0
152$9,14,16,10,3,11,8,4,13,1,13,6,12,9,15,5$2.0
153$9,14,16,10,3,11,8,4,13,1,13,6,12,9,15,5$2.0
154$9,14,16,10,3,11,8,4,13,1,13,6,12,9,15,5$2.0
155$4,14,16,10,3,11,8,4,13,1,13,6,12,9,15,5$2.0
156$12,14,16,10,3,11,8,4,13,1,13,6,12,9,15,5$2.0
157$9,14,16,10,2,11,8,4,13,1,13,6,12,9,15,5$2.0
158$9,14,16,10,3,11,8,4,13,1,13,6,12,9,15,5$2.0
159$9,14,16,10,3,11,8,4,13,1,13,6,12,9,15,5$2.0
160$8,14,16,10,3,11,8,4,13,1,13,6,12,9,15,5$2.0
161$8,14,16,10,3,11,8,4,13,1,13,6,12,9,15,5$2.0
162$12,14,16,10,3,11,8,4,13,1,13,6,12,9,15,5$2.0
163$12,14,16,10,3,11,8,4,13,1,13,6,12,9,15,5$2.0
164$9,14,16,10,2,11,8,4,13,1,13,6,12,9,15,5$2.0
165$8,14,16,10,3,11,8,4,13,1,13,6,12,9,15,5$2.0
166$8,14,16,10,3,11,8,4,13,1,13,6,12,9,15,5$2.0
167$12,14,16,10,3,11,8,4,13,1,13,6,12,9,15,5$2.0
168$9,14,16,10,3,11,8,4,13,1,13,6,12,9,15,5$2.0
169$9,14,16,10,3,11,8,4,13,1,13,6,12,9,15,5$2.0
170$12,14,16,10,3,11,8,4,13,1,13,6,12,9,15,5$2.0
171$12,14,16,10,3,11,8,4,13,1,13,6,12,9,15,5$2.0
172$9,14,16,10,3,11,8,4,13,1,13,6,12,9,15,5$2.0
173$9,14,16,10,3,11,8,4,13,1,13,6,12,9,15,5$2.0
174$12,14,16,10,3,11,8,4,13,1,13,6,12,9,15,5$2.0
175$9,14,16,10,3,11,8,4,13,1,13,6,12,9,15,5$2.0
176$12,14,16,10,3,11,8,4,13,1,13,6,12,9,15,5$2.0
177$12,14,16,10,3,11,8,4,13,1,13,6,12,9,15,5$2.0
178$12,14,16,10,3,11,8,4,13,1,13,6,12,9,15,5$2.0
179$9,14,16,10,3,11,8,4,13,1,13,6,12,9,15,5$2.0
180$12,14,16,10,3,11,8,4,13,1,13,6,12,9,15,5$2.0
181$12,14,16,10,3,11,8,4,13,1,13,6,12,9,15,5$2.0
182$9,14,16,10,3,11,8,4,13,1,13,6,12,9,15,5$2.0
183$12,14,16,10,3,11,8,4,13,1,13,6,12,9,15,5$2.0
184$12,14,16,10,3,11,8,4,13,1,13,6,12,9,15,5$2.0
185$12,14,16,10,3,11,8,4,13,1,13,6,12,9,15,5$2.0
186$9,14,16,10,3,11,8,4,13,1,13,6,12,9,15,5$2.0
187$12,14,16,10,3,11,8,4,13,1,13,6,12,9,15,5$2.0
188$12,14,16,10,3,11,8,4,13,1,13,6,12,9,15,5$2.0
189$12,14,16,10,3,11,8,4,13,1,13,6,12,9,15,5$2.0
190$12,14,16,10,3,11,8,4,13,1,13,6,12,9,15,5$2.0
191$12,14,16,10,3,11,8,4,13,1,13,6,12,9,15,5$2.0
192$9,14,16,10,3,11,8,4,13,1,13,6,12,9,15,5$2.0
193$12,14,16,10,3,11,8,4,13,1,13,6,12,9,15,5$2.0
194$12,14,16,10,2,11,8,4,13,1,13,6,12,9,15,5$2.0
195$12,14,16,10,3,11,8,4,13,1,13,6,12,9,15,5$2.0
196$12,14,16,10,2,11,8,4,13,1,13,6,16,9,15,5$2.0
197$9,14,16,10,3,11,8,4,13,1,13,6,12,9,15,5$2.0
198$12,14,16,10,3,11,8,4,13,1,13,6,12,9,15,5$2.0
199$12,14,16,10,3,11,8,4,13,1,13,6,12,9,15,5$2.0
200$9,14,16,10,3,11,8,4,13,1,13,6,12,9,15,5$2.0
201$12,14,16,10,3,11,8,4,13,1,13,6,12,9,15,5$2.0
202$9,14,16,10,3,11,8,4,13,1,13,6,12,9,15,5$2.0
203$12,14,16,10,3,11,8,4,13,1,13,6,12,9,15,5$2.0
204$9,14,16,10,3,11,8,4,13,1,13,6,12,9,15,5$2.0
205$9,14,16,10,3,11,8,4,13,1,13,6,12,9,15,5$2.0
206$9,14,16,10,3,11,8,4,13,1,13,6,12,9,15,5$2.0
207$12,14,16,10,3,11,8,4,13,1,13,6,12,9,15,5$2.0
208$8,14,16,10,3,11,8,4,13,1,13,6,12,9,15,5$2.0
209$9,14,16,10,3,11,8,4,13,1,13,6,12,9,15,5$2.0
210$9,14,16,10,3,11,8,4,13,1,13,6,12,9,15,5$2.0
211$9,14,16,10,3,11,8,4,13,1,13,6,12,9,15,5$2.0
212$12,14,16,10,3,11,8,4,13,1,13,6,12,9,15,5$2.0
213$9,14,16,10,3,11,8,4,13,1,13,6,12,9,15,5$2.0
214$12,14,16,10,3,11,8,4,13,1,13,6,12,9,15,5$2.0
215$4,14,16,10,3,11,8,4,13,1,13,6,12,9,15,5$2.0
216$12,14,16,10,3,11,8,4,13,1,13,6,12,9,15,5$2.0
217$9,14,16,10,3,11,8,4,13,1,13,6,12,9,15,5$2.0
218$12,14,16,10,3,11,8,4,13,1,13,6,12,9,15,5$2.0
219$4,14,16,10,3,11,8,4,13,1,13,6,12,9,15,5$2.0
220$12,14,16,10,3,11,8,4,13,1,13,6,12,9,15,5$2.0
221$12,14,16,10,3,11,8,4,13,1,13,6,12,9,15,5$2.0
222$9,14,16,10,3,11,8,4,13,1,13,6,12,9,15,5$2.0
223$9,14,16,10,3,11,8,4,13,1,13,6,12,9,15,5$2.0
224$9,14,16,10,3,11,8,4,13,1,13,6,12,9,15,5$2.0
225$12,14,16,10,3,11,8,4,13,1,13,6,12,9,15,5$2.0
226$9,14,16,10,3,11,8,4,13,1,13,6,12,9,15,5$2.0
227$9,14,16,10,3,11,8,4,13,1,13,6,12,9,15,5$2.0
228$12,14,16,10,3,11,8,4,13,1,13,6,12,9,15,5$2.0
229$9,14,16,10,3,11,8,4,13,1,13,6,12,9,15,5$2.0
230$12,14,16,10,3,11,8,4,13,1,13,6,12,9,15,5$2.0
231$12,14,16,10,3,11,8,4,13,1,13,6,16,9,15,5$2.0
232$9,14,16,10,3,11,8,4,13,1,13,6,12,9,15,5$2.0
233$12,14,16,10,2,11,8,4,13,1,13,6,12,9,15,5$2.0
234$9,14,16,10,3,11,8,4,13,1,13,6,12,9,15,5$2.0
235$9,14,16,10,3,11,8,4,13,1,13,6,12,6,15,5$2.0
236$9,14,16,10,3,11,8,4,13,1,13,6,12,9,15,5$2.0
237$12,14,16,10,3,11,8,4,13,1,13,6,12,9,15,5$2.0
238$12,14,16,10,3,11,8,4,13,1,13,6,12,9,15,5$2.0
239$12,14,16,10,3,11,8,4,13,1,13,6,12,9,15,5$2.0
240$9,14,16,10,3,11,8,4,13,1,13,6,12,9,15,5$2.0
241$9,14,16,10,3,11,8,4,13,1,13,6,12,9,15,5$2.0
242$9,14,16,10,3,11,8,4,13,1,13,6,12,9,15,5$2.0
243$9,14,16,10,3,11,8,4,13,1,13,6,12,9,15,5$2.0
244$9,14,16,10,3,11,8,4,13,1,13,6,12,9,15,5$2.0
245$9,14,16,10,3,11,8,4,13,1,13,6,12,9,15,5$2.0
246$9,14,16,10,3,11,8,4,13,1,13,6,12,9,15,5$2.0
247$9,14,16,10,3,11,8,4,13,1,13,6,12,9,15,5$2.0
248$12,14,16,10,3,11,8,4,13,1,13,6,12,9,15,5$2.0
249$9,14,16,10,3,11,8,4,13,1,13,6,12,9,15,5$2.0
250$9,14,16,10,3,11,8,4,13,1,13,6,12,9,15,5$2.0
251$9,14,16,10,3,11,8,4,13,1,13,6,12,9,15,5$2.0
252$9,14,16,10,3,11,8,4,13,1,13,6,12,9,15,5$2.0
253$12,14,16,10,3,11,8,4,13,1,13,6,12,9,15,5$2.0
254$9,14,16,10,3,11,8,4,13,1,13,6,12,9,15,5$2.0
255$4,14,16,10,3,11,8,4,13,1,13,6,12,9,15,5$2.0
256$9,14,16,10,3,11,8,4,13,1,13,6,12,9,15,5$2.0
257$9,14,16,10,3,11,8,4,13,1,13,6,12,9,15,5$2.0
258$9,14,16,10,3,11,8,4,13,1,13,6,12,9,15,5$2.0
259$9,14,16,10,3,11,8,4,13,1,13,6,12,9,15,5$2.0
260$9,14,16,10,3,11,8,4,13,1,13,6,12,9,15,5$2.0
261$9,14,16,10,3,11,8,4,13,1,13,6,12,9,15,5$2.0
262$12,14,16,10,3,11,8,4,13,1,13,6,12,9,15,5$2.0
263$9,14,16,10,3,11,8,4,13,1,13,6,12,9,15,5$2.0
264$12,14,16,10,3,11,8,4,13,1,13,6,12,9,15,5$2.0
265$9,14,16,10,3,11,8,4,13,1,13,6,12,9,15,5$2.0
266$4,14,16,10,3,11,8,4,13,1,13,6,12,9,15,5$2.0
267$9,14,16,10,3,11,8,4,13,1,13,6,12,9,15,5$2.0
268$4,14,16,10,3,11,8,4,13,1,13,6,12,9,15,5$2.0
269$8,14,16,10,3,11,8,4,13,1,13,6,12,9,15,5$2.0
270$4,14,16,10,3,11,8,4,13,1,13,6,12,9,15,5$2.0
271$8,14,16,10,3,11,8,4,13,1,13,6,12,9,15,5$2.0
272$8,14,16,10,3,11,8,4,13,1,13,6,12,9,15,5$2.0
273$8,14,16,10,3,11,8,4,13,1,13,6,12,9,15,5$2.0
274$8,14,16,10,3,11,8,4,13,1,13,6,12,9,15,5$2.0
275$4,14,16,10,3,11,8,4,13,1,13,6,12,9,15,5$2.0
276$9,14,16,10,3,11,8,4,13,1,13,6,12,9,15,5$2.0
277$4,14,16,10,3,11,8,4,13,1,13,6,12,9,15,5$2.0
278$9,14,16,10,3,11,8,4,13,1,13,6,12,9,15,5$2.0
279$4,14,16,10,3,11,8,4,13,1,13,6,12,9,15,5$2.0
280$8,14,16,10,3,11,8,4,13,1,13,6,12,9,15,5$2.0
281$4,14,16,10,3,11,8,4,13,1,13,6,12,9,15,5$2.0
282$4,14,16,10,3,11,8,4,1,1,13,6,12,9,15,5$2.0
283$9,14,16,10,3,11,8,4,13,1,13,6,12,9,15,5$2.0
284$8,14,16,10,3,11,8,4,1,1,13,6,12,9,15,5$2.0
285$8,14,16,10,3,11,8,4,1,1,13,6,12,9,15,5$2.0
286$4,14,16,10,3,11,8,4,1,1,13,6,12,9,15,5$2.0
287$12,14,16,10,3,11,8,4,1,1,13,6,12,9,15,5$2.0
288$8,14,16,10,3,11,8,4,1,1,13,6,12,9,15,5$2.0
289$4,14,16,10,3,11,8,4,13,1,13,6,12,9,15,5$2.0
290$12,14,16,10,3,11,8,4,13,1,13,6,12,9,15,5$2.0
291$4,14,16,10,3,11,8,4,13,1,13,6,12,9,15,5$2.0
292$12,14,16,10,3,11,8,4,1,1,13,6,12,9,15,5$2.0
293$12,14,16,10,3,11,8,4,1,1,13,6,12,9,15,5$2.0
294$12,14,16,10,3,11,8,4,13,1,13,6,12,9,15,5$2.0
295$12,14,16,10,3,11,8,4,13,1,13,6,12,9,15,5$2.0
296$4,14,16,10,3,11,8,4,13,1,13,6,12,9,15,5$2.0
297$12,14,16,10,3,11,8,4,13,1,13,6,12,9,15,5$2.0
298$12,14,16,10,3,11,8,4,13,1,13,6,12,9,15,5$2.0
299$12,14,16,10,3,11,8,4,13,1,13,6,12,9,15,5$2.0
300$12,14,16,10,3,11,8,4,13,1,13,6,12,9,15,5$2.0
301$12,14,16,10,3,11,8,4,13,1,13,6,12,9,15,5$2.0
302$8,14,16,10,3,11,8,4,1,1,13,6,12,9,15,5$2.0
303$12,14,16,10,3,11,8,4,13,1,13,6,12,9,15,5$2.0
304$4,14,16,10,3,11,8,4,13,1,13,6,12,9,15,5$2.0
305$12,14,16,10,3,11,8,4,1,1,13,6,12,9,15,5$2.0
306$12,14,16,10,3,11,8,4,13,1,13,6,12,9,15,5$2.0
307$12,14,16,10,3,11,8,4,13,1,13,6,12,9,15,5$2.0
308$9,14,16,10,3,11,8,4,13,1,13,6,12,9,15,5$2.0
309$12,14,16,10,3,11,8,4,13,1,13,6,12,9,15,5$2.0
310$12,14,16,10,3,11,8,4,13,1,13,6,12,9,15,5$2.0
311$12,14,16,10,3,11,8,4,13,1,13,6,12,9,15,5$2.0
312$12,14,16,10,3,11,8,4,13,1,13,6,12,9,15,5$2.0
313$12,14,16,10,3,11,8,4,13,1,13,6,12,9,15,5$2.0
314$12,14,16,10,3,11,8,4,13,1,13,6,12,9,15,5$2.0
315$12,14,16,10,3,11,8,4,13,1,13,6,12,9,15,5$2.0
316$12,14,16,10,3,11,8,4,13,1,13,6,12,9,15,5$2.0
317$12,14,16,10,3,11,8,4,13,1,13,6,12,9,15,5$2.0
318$12,14,16,10,3,11,8,4,13,1,13,6,12,9,15,5$2.0
319$12,14,16,10,3,11,8,4,13,1,13,6,12,9,15,5$2.0
320$12,14,16,10,3,11,8,4,13,1,13,6,12,9,15,5$2.0
321$12,14,16,10,3,11,8,4,13,1,13,6,12,9,15,5$2.0
322$12,14,16,10,3,11,8,4,13,1,13,6,12,9,15,5$2.0
323$12,14,16,10,3,11,8,4,13,1,13,6,12,9,15,5$2.0
324$12,14,16,10,3,11,8,4,13,1,13,6,12,9,15,5$2.0
325$12,14,16,10,3,11,8,4,13,1,13,6,12,9,15,5$2.0
326$12,14,16,10,3,11,8,4,13,1,13,6,12,9,15,5$2.0
327$8,14,16,10,3,11,8,4,13,1,13,6,12,9,15,5$2.0
328$12,14,16,10,3,11,8,4,13,1,13,6,12,9,15,5$2.0
329$12,14,16,10,3,11,8,4,1,1,13,6,12,9,15,5$2.0
330$4,14,16,10,3,11,8,4,13,1,13,6,12,9,15,5$2.0
331$12,14,16,10,3,11,8,4,1,1,13,6,12,9,15,5$2.0
332$12,14,16,10,2,11,8,4,1,1,13,6,12,9,15,5$2.0
333$9,14,16,10,3,11,8,4,13,1,13,6,12,9,15,5$2.0
334$12,14,16,10,3,11,8,4,1,1,13,6,12,9,15,5$2.0
335$12,14,16,10,3,11,8,4,13,1,13,6,12,9,15,5$2.0
336$12,14,16,10,3,11,8,4,1,1,13,6,12,9,15,5$2.0
337$8,14,16,10,2,11,8,4,13,1,13,6,12,9,15,5$2.0
338$12,14,16,10,3,11,8,4,1,1,13,6,16,9,15,5$2.0
339$12,14,16,10,3,11,8,4,13,1,13,6,12,9,15,5$2.0
340$12,14,16,10,3,11,8,4,13,1,13,6,12,9,15,5$2.0
341$12,14,16,10,3,11,8,4,1,1,13,6,12,9,15,5$2.0
342$8,14,16,10,3,11,8,4,1,3,13,6,12,9,15,5$2.0
343$8,14,16,10,3,11,8,4,13,1,13,6,12,9,15,5$2.0
344$8,14,16,10,2,11,8,4,1,3,13,6,12,9,15,5$1.0
345$8,14,16,10,2,11,8,4,1,3,13,6,12,9,15,5$1.0
346$8,14,16,10,2,11,8,4,1,3,13,6,12,9,15,5$1.0
347$8,14,16,10,2,11,8,4,1,3,13,6,12,9,15,6$2.0
348$8,14,16,10,2,11,8,4,1,3,13,6,12,9,15,5$1.0
349$5,14,16,10,3,11,8,4,1,3,13,6,12,9,15,6$2.0
350$8,14,16,10,2,11,8,4,1,3,13,6,12,9,15,5$1.0
351$5,14,16,10,2,11,8,4,1,3,13,6,12,9,15,5$1.0
352$5,14,16,10,2,11,8,4,1,3,13,6,12,9,15,5$1.0
353$5,14,16,10,2,11,8,4,1,3,13,6,12,9,15,5$1.0
354$5,14,16,10,2,11,8,4,1,3,13,6,12,9,15,5$1.0
355$8,14,16,10,2,11,8,4,1,3,13,6,12,9,15,5$1.0
356$8,14,16,10,2,11,8,4,1,3,13,6,12,9,15,5$1.0
357$8,14,16,10,2,11,8,4,1,1,13,6,12,9,15,5$2.0
358$8,14,16,10,2,11,15,4,1,1,13,6,12,9,5,5$2.0
359$8,14,16,10,2,11,8,4,1,3,13,6,12,9,15,5$1.0
360$8,14,16,7,2,11,15,4,1,3,13,6,12,9,15,5$1.0
361$8,14,16,10,3,11,8,4,1,1,13,6,12,9,15,5$2.0
362$8,14,16,10,2,11,8,4,1,3,13,6,12,9,15,5$1.0
363$8,14,16,10,3,11,8,4,1,1,13,6,12,9,15,5$2.0
364$8,14,16,10,3,11,8,4,1,1,13,6,12,9,15,5$2.0
365$8,14,16,10,2,11,8,4,1,1,13,6,12,9,15,5$2.0
366$5,14,16,10,3,11,8,4,1,1,13,6,12,9,15,5$2.0
367$8,14,16,10,2,11,8,4,1,1,13,6,12,9,15,5$2.0
368$8,14,16,10,3,11,8,4,1,1,13,6,12,9,15,5$2.0
369$8,14,16,10,3,11,8,4,1,1,13,6,12,9,15,5$2.0
370$5,14,16,10,3,11,8,4,1,1,13,6,12,9,15,5$2.0
371$5,14,16,10,3,11,8,4,1,1,13,6,12,9,15,5$2.0
372$5,14,16,10,2,11,8,4,1,1,13,6,12,9,15,5$2.0
373$8,14,16,10,3,11,8,4,1,1,13,6,12,9,15,5$2.0
374$8,14,16,10,2,11,8,4,1,1,13,6,12,9,15,5$2.0
375$8,14,16,10,3,11,8,4,1,1,13,6,12,9,15,5$2.0
376$8,14,16,10,3,11,8,4,1,1,13,6,12,9,15,5$2.0
377$8,14,16,10,2,11,8,4,1,1,13,6,12,9,15,5$2.0
378$8,14,16,10,2,11,8,4,1,1,13,6,12,9,15,5$2.0
379$5,14,16,10,3,11,8,4,1,1,13,6,12,9,15,5$2.0
380$8,14,16,10,2,11,8,4,1,1,13,6,12,9,15,5$2.0
381$4,14,16,10,2,11,8,4,1,1,13,6,12,9,15,5$2.0
382$8,14,16,10,2,11,8,4,1,1,13,6,12,9,15,5$2.0
383$8,14,16,10,2,11,8,4,1,1,13,6,12,9,15,5$2.0
384$8,14,16,10,2,11,8,4,1,1,13,6,12,9,15,5$2.0
385$8,14,16,10,3,11,8,4,1,1,13,6,12,9,15,5$2.0
386$8,14,16,10,2,11,8,4,1,1,13,6,12,9,15,5$2.0
387$8,14,16,10,3,11,8,4,1,1,13,6,12,9,15,5$2.0
388$8,14,16,10,2,11,8,4,1,1,13,6,12,9,15,5$2.0
389$8,14,16,10,2,11,8,4,1,1,13,6,12,9,15,5$2.0
390$8,14,16,10,2,11,8,4,1,1,13,6,12,9,15,5$2.0
391$8,14,16,10,2,11,8,4,1,1,13,6,12,9,15,5$2.0
392$8,14,16,10,2,11,8,4,1,1,13,6,12,9,15,5$2.0
393$8,14,16,10,2,11,8,4,1,1,13,6,12,9,15,5$2.0
394$8,14,16,10,2,11,8,4,1,1,13,6,12,9,15,5$2.0
395$8,14,16,10,2,11,8,4,1,1,13,6,12,9,15,5$2.0
396$8,14,16,10,2,11,8,4,1,1,13,6,12,9,15,5$2.0
397$8,14,16,10,2,11,8,4,1,1,13,6,12,9,15,5$2.0
398$8,14,16,10,2,11,8,4,1,1,13,6,12,9,15,5$2.0
399$12,14,16,10,2,11,8,4,1,1,13,6,12,9,15,5$2.0
400$8,14,16,10,2,11,8,4,1,1,13,6,12,9,15,5$2.0
401$8,14,16,10,3,11,15,4,1,1,13,6,12,9,15,5$2.0
402$8,14,16,10,2,11,8,4,1,1,13,6,12,9,15,5$2.0
403$8,14,16,10,2,11,8,4,1,1,13,6,12,9,15,5$2.0
404$8,14,16,10,2,11,8,4,1,1,13,6,12,9,15,5$2.0
405$8,14,16,10,3,11,15,4,1,1,13,6,12,9,15,5$2.0
406$8,14,16,10,3,11,15,4,1,1,13,6,12,9,15,5$2.0
407$8,14,16,10,2,11,15,4,1,1,13,6,12,9,15,5$2.0
408$8,14,16,10,2,11,15,4,1,1,13,6,12,9,15,5$2.0
409$8,14,16,10,2,11,15,4,1,1,13,6,12,9,15,5$2.0
410$8,14,16,10,2,11,8,4,1,1,13,6,12,9,15,5$2.0
411$8,14,16,10,2,11,15,4,1,1,13,6,12,9,15,5$2.0
412$8,14,16,10,2,11,8,4,1,3,13,6,12,9,15,5$1.0
413$8,14,16,10,2,11,8,4,1,3,13,6,12,9,15,5$1.0
414$8,14,16,10,2,11,15,4,1,3,13,6,12,9,15,5$1.0
415$8,14,16,10,2,11,15,4,1,3,13,6,12,9,15,5$1.0
416$8,14,16,10,2,11,8,4,1,1,13,6,12,9,15,5$2.0
417$8,14,16,10,2,11,15,4,1,3,13,6,12,9,15,5$1.0
418$8,14,16,10,2,11,15,4,1,3,13,6,12,9,15,5$1.0
419$8,14,16,7,2,11,15,4,1,3,13,6,12,9,15,5$1.0
420$8,14,16,10,2,11,15,4,1,3,13,6,12,9,15,5$1.0
421$8,14,16,10,2,11,15,4,1,3,13,6,12,9,15,5$1.0
422$8,14,16,10,2,11,15,4,1,3,13,6,12,9,15,5$1.0
423$8,14,16,10,2,11,15,4,1,3,13,6,12,9,15,5$1.0
424$8,14,16,10,2,11,15,4,1,3,13,6,12,9,15,5$1.0
425$8,14,16,10,2,11,15,4,1,3,13,6,12,9,15,5$1.0
426$8,14,16,10,2,11,15,4,1,3,13,6,12,9,15,5$1.0
427$8,14,16,10,2,11,15,4,1,3,13,6,12,9,15,5$1.0
428$10,14,16,10,2,11,8,4,1,3,13,6,12,9,15,5$1.0
429$8,14,16,10,2,11,15,4,1,3,13,6,12,9,15,5$1.0
430$8,14,16,10,2,11,15,4,1,3,13,6,12,9,15,5$1.0
431$8,14,16,10,2,11,15,4,1,3,13,6,12,9,15,5$1.0
432$8,14,16,10,2,11,15,4,1,3,13,6,12,9,15,5$1.0
433$8,14,16,10,2,11,15,4,1,3,13,6,12,9,15,5$1.0
434$8,14,16,10,2,11,15,4,1,3,13,6,12,9,15,5$1.0
435$8,14,16,10,2,11,15,4,1,3,13,6,12,9,15,5$1.0
436$8,14,16,10,2,11,15,4,1,3,13,6,12,9,15,5$1.0
437$8,14,16,10,2,11,15,4,1,3,13,6,12,9,15,5$1.0
438$8,14,16,10,2,11,15,4,1,3,13,6,12,9,15,5$1.0
439$8,14,16,10,2,11,15,4,1,3,13,6,12,9,15,5$1.0
440$8,14,16,10,2,11,15,4,1,3,13,6,12,9,15,5$1.0
441$8,14,16,10,2,11,15,4,1,3,13,6,12,9,15,5$1.0
442$8,14,16,10,2,11,15,4,1,3,13,6,12,9,15,5$1.0
443$8,14,16,10,2,11,15,4,1,3,13,6,12,9,15,5$1.0
444$8,14,16,10,2,11,15,4,1,3,13,6,12,9,15,5$1.0
445$8,14,16,10,2,11,15,4,1,3,13,6,12,9,15,5$1.0
446$8,14,16,10,2,11,15,4,1,3,13,6,12,9,15,5$1.0
447$8,14,16,10,2,11,15,4,1,3,13,6,12,9,15,5$1.0
448$8,14,16,10,2,11,15,4,1,3,13,6,12,9,15,5$1.0
449$8,14,16,10,2,11,15,4,1,3,13,6,12,9,15,5$1.0
450$8,14,16,10,2,11,15,4,1,3,13,6,12,9,15,5$1.0
451$8,14,16,10,2,11,15,4,1,3,13,6,12,9,15,5$1.0
452$8,14,16,10,2,11,15,4,1,3,13,6,12,9,15,5$1.0
453$8,14,16,10,2,11,15,4,1,3,13,6,12,9,15,5$1.0
454$8,14,16,10,2,11,15,4,1,3,13,6,12,9,15,5$1.0
455$8,14,16,10,2,11,15,4,1,3,13,6,12,9,15,5$1.0
456$8,14,16,10,2,11,15,4,1,3,13,6,12,9,15,5$1.0
457$8,14,16,10,2,11,15,4,1,3,13,6,12,9,15,5$1.0
458$8,14,16,10,2,11,15,4,1,3,13,6,12,9,15,5$1.0
459$8,14,16,10,2,11,15,4,1,3,13,6,12,9,15,5$1.0
460$8,14,16,10,2,11,15,4,1,3,13,6,12,9,15,5$1.0
461$8,14,16,10,2,11,15,4,1,3,13,6,12,9,15,5$1.0
462$8,14,16,10,2,11,15,4,1,3,13,6,12,9,15,5$1.0
463$8,14,16,10,2,11,15,4,1,3,13,6,12,9,15,5$1.0
464$8,14,16,10,2,11,15,4,1,3,13,6,12,9,15,5$1.0
465$8,14,16,10,2,11,15,4,1,3,13,6,12,9,15,5$1.0
466$8,14,16,10,2,11,15,4,1,3,13,6,12,9,15,5$1.0
467$8,14,16,10,2,11,15,4,1,3,13,6,12,9,15,5$1.0
468$8,14,16,10,2,11,15,4,1,3,13,6,12,9,15,5$1.0
469$8,14,16,10,2,11,15,4,1,3,13,6,12,9,15,5$1.0
470$8,14,16,10,2,11,15,4,1,3,13,6,12,9,15,5$1.0
471$8,14,16,10,2,11,15,4,1,3,13,6,12,9,15,5$1.0
472$8,14,16,10,2,11,8,4,1,3,13,6,12,9,15,5$1.0
473$8,14,16,10,2,11,15,4,1,3,13,6,12,9,15,5$1.0
474$8,14,16,10,2,11,15,4,1,3,13,6,12,9,15,5$1.0
475$8,14,16,10,2,11,15,4,1,3,13,6,12,9,15,5$1.0
476$8,14,16,10,2,11,15,4,1,3,13,6,12,9,15,5$1.0
477$8,14,16,10,2,11,15,4,1,3,13,6,12,9,15,5$1.0
478$8,14,16,10,2,11,15,4,1,3,13,6,12,9,15,5$1.0
479$8,14,16,10,2,11,15,4,1,3,13,6,12,9,15,5$1.0
480$8,14,16,10,2,11,15,4,1,3,13,6,12,9,15,5$1.0
481$8,14,16,10,2,11,15,4,1,3,13,6,12,9,15,5$1.0
482$8,14,16,10,2,11,15,4,1,3,13,6,12,9,15,5$1.0
483$8,14,16,10,2,11,15,4,1,3,13,6,12,9,15,5$1.0
484$8,14,16,10,2,11,15,4,1,3,13,6,12,9,15,5$1.0
485$8,14,16,10,2,11,15,4,1,3,13,6,12,9,15,5$1.0
486$8,14,16,10,2,11,15,4,1,3,13,6,12,9,15,5$1.0
487$8,14,16,10,2,11,15,4,1,3,13,6,12,9,15,5$1.0
488$8,14,16,7,2,11,15,4,1,3,13,6,12,9,15,5$1.0
489$8,14,16,7,2,11,13,4,1,3,13,6,12,9,15,5$1.0
490$8,14,16,10,2,11,15,4,1,3,13,6,12,9,15,5$1.0
491$8,14,16,10,2,11,15,4,1,3,13,6,12,9,15,5$1.0
492$8,14,16,7,2,11,15,4,1,3,13,6,12,9,15,5$1.0
493$8,14,16,10,2,11,15,4,1,3,13,6,12,9,15,5$1.0
494$8,14,16,10,2,11,15,4,1,3,13,6,12,9,15,5$1.0
495$8,14,16,10,2,11,15,4,1,3,13,6,12,9,15,5$1.0
496$8,14,16,10,2,11,15,4,1,3,13,6,12,9,15,5$1.0
497$8,14,16,10,2,11,15,4,1,3,13,6,12,9,15,5$1.0
498$8,14,16,10,2,11,15,4,1,3,13,6,12,9,15,5$1.0
499$8,14,16,7,2,11,15,4,1,3,13,6,12,9,15,5$1.0
500$8,14,16,10,2,11,15,4,1,3,13,6,12,9,15,5$1.0
501$8,14,16,7,2,11,15,4,1,3,13,6,12,9,15,5$1.0
502$8,14,16,10,2,11,8,4,1,3,13,6,12,9,15,5$1.0
503$8,14,16,10,2,11,15,4,1,3,13,6,12,9,5,5$1.0
504$8,14,16,10,2,11,15,4,1,3,13,6,12,9,15,5$1.0
505$8,14,16,10,2,11,15,4,1,3,13,6,12,9,15,5$1.0
506$8,14,16,10,2,11,15,4,1,3,13,6,12,9,15,5$1.0
507$8,14,16,10,2,11,15,4,1,3,13,6,12,9,15,5$1.0
508$8,14,16,10,2,11,15,4,1,3,13,6,12,9,15,5$1.0
509$8,14,16,10,2,11,15,4,1,3,13,6,12,9,15,5$1.0
510$8,14,16,10,2,11,15,4,1,3,13,6,12,9,15,5$1.0
511$8,14,16,7,2,11,15,4,1,3,13,6,12,9,15,5$1.0
512$5,14,16,10,2,11,8,4,1,3,13,6,12,9,15,5$1.0
513$8,14,16,10,2,11,8,4,1,3,13,6,12,9,15,5$1.0
514$8,14,16,7,2,11,15,4,1,3,13,6,12,9,15,5$1.0
515$8,14,16,10,2,11,15,4,1,3,13,6,12,9,15,5$1.0
516$8,14,16,10,2,11,15,4,1,3,13,6,12,9,15,5$1.0
517$8,14,16,7,2,11,15,4,1,3,13,6,12,9,15,5$1.0
518$8,14,16,10,2,11,15,4,1,3,13,6,12,9,15,5$1.0
519$8,14,16,10,2,11,15,4,1,3,13,6,12,9,15,5$1.0
520$8,14,16,7,2,11,15,4,1,3,13,6,12,9,15,5$1.0
521$8,14,16,10,2,11,15,4,1,3,13,6,12,9,15,5$1.0
522$8,14,16,7,2,11,15,4,1,3,13,6,12,9,15,5$1.0
523$8,14,16,10,2,11,15,4,1,3,13,6,12,9,15,5$1.0
524$8,14,16,10,2,11,15,4,1,3,13,6,12,9,15,5$1.0
525$8,14,16,10,2,11,15,4,1,3,13,6,12,9,15,5$1.0
526$8,14,16,7,2,11,15,4,1,3,13,6,12,9,15,5$1.0
527$8,14,16,10,2,11,15,4,1,3,13,6,12,9,15,5$1.0
528$8,14,16,10,2,11,15,4,1,3,13,6,12,9,15,5$1.0
529$8,14,16,10,2,11,15,4,1,3,13,6,12,9,15,5$1.0
530$8,14,16,10,2,11,15,4,1,3,13,6,12,9,15,5$1.0
531$8,14,16,10,2,11,8,4,1,3,13,6,12,9,15,5$1.0
532$8,14,16,10,2,11,15,4,1,3,13,6,12,9,15,5$1.0
533$8,14,16,10,2,11,15,4,1,3,13,6,12,9,15,5$1.0
534$10,14,16,10,2,11,8,4,1,3,13,6,12,9,15,5$1.0
535$8,14,16,10,2,11,15,4,1,3,13,6,12,9,16,5$1.0
536$10,14,16,10,2,11,8,4,1,3,13,6,12,9,15,5$1.0
537$8,14,16,10,2,11,15,4,1,3,13,6,12,9,15,5$1.0
538$8,14,16,10,2,11,15,4,1,3,13,6,12,9,15,5$1.0
539$8,14,16,10,2,11,15,4,1,3,13,6,12,9,15,5$1.0
540$8,14,16,10,2,11,15,4,1,3,13,6,12,9,15,5$1.0
541$8,14,16,10,2,11,15,4,1,3,13,6,12,9,15,5$1.0
542$8,14,16,10,2,11,15,4,1,3,13,6,12,9,15,5$1.0
543$8,14,16,10,2,11,8,4,1,3,13,6,12,9,15,5$1.0
544$8,14,16,10,2,11,8,4,1,3,13,6,12,9,15,5$1.0
545$8,14,16,7,2,11,8,4,1,3,13,6,12,9,15,5$1.0
546$8,14,16,7,2,11,8,4,1,3,13,6,12,9,15,5$1.0
547$8,14,16,10,2,11,15,4,1,3,13,6,12,9,15,5$1.0
548$8,14,16,10,2,11,15,4,1,3,13,6,12,9,15,5$1.0
549$8,14,16,7,2,11,8,4,1,3,13,6,12,9,15,5$1.0
550$8,14,16,7,2,11,15,4,1,3,13,6,12,9,5,5$1.0
551$8,14,16,7,2,11,15,4,1,3,13,6,12,9,5,5$1.0
552$8,14,16,7,2,11,8,4,1,3,13,6,12,9,15,5$1.0
553$8,14,16,10,2,11,15,4,1,3,13,6,12,9,15,5$1.0
554$8,14,16,10,2,11,15,4,1,3,13,6,12,9,15,5$1.0
555$8,14,16,7,2,11,15,4,1,3,13,6,12,9,15,5$1.0
556$8,14,16,10,2,11,15,4,1,3,13,6,12,9,5,5$1.0
557$8,14,16,7,2,11,15,4,1,3,13,6,12,9,5,5$1.0
558$8,14,16,7,2,11,15,4,1,3,13,6,12,9,5,5$1.0
559$8,14,16,7,2,11,15,4,1,3,13,6,12,9,15,5$1.0
560$8,14,16,10,2,11,15,4,1,3,13,6,12,9,15,5$1.0
561$8,14,16,10,2,11,15,4,1,3,13,6,12,9,5,5$1.0
562$8,14,16,10,2,11,15,4,1,3,13,6,12,9,15,5$1.0
563$8,14,16,10,2,11,15,4,1,3,13,6,12,9,15,5$1.0
564$8,14,16,10,2,11,15,4,1,3,13,6,12,9,15,5$1.0
565$8,14,16,10,2,11,15,4,1,3,13,6,12,9,15,5$1.0
566$8,14,16,10,2,11,15,4,1,3,13,6,12,9,15,5$1.0
567$8,14,16,10,2,11,15,4,1,3,13,6,12,9,15,5$1.0
568$8,14,16,10,2,11,15,4,1,3,13,6,12,9,15,5$1.0
569$8,14,16,10,2,11,15,4,1,3,13,6,12,9,15,5$1.0
570$8,14,16,10,2,11,15,4,1,3,13,6,12,9,15,5$1.0
571$8,14,16,10,2,11,15,4,1,3,13,6,12,9,15,5$1.0
572$8,14,16,10,2,11,15,4,1,3,13,6,12,9,15,5$1.0
573$8,14,16,10,2,11,15,4,1,3,13,6,12,9,15,5$1.0
574$8,14,16,10,2,11,15,4,1,3,13,6,12,9,15,5$1.0
575$8,14,16,10,2,11,15,4,1,3,13,6,12,9,15,5$1.0
576$8,14,16,10,2,11,15,4,1,3,13,6,12,9,15,5$1.0
577$8,14,16,10,2,11,15,4,1,3,13,6,12,9,5,5$1.0
578$8,14,16,10,2,11,15,4,1,3,13,6,12,9,15,5$1.0
579$8,14,16,10,2,11,15,4,1,3,13,6,12,9,15,5$1.0
580$8,14,16,10,2,11,8,4,1,3,13,6,12,9,15,5$1.0
581$8,14,16,10,2,11,15,4,1,3,13,6,12,9,15,5$1.0
582$8,14,16,10,2,11,15,4,1,3,13,6,12,9,15,5$1.0
583$8,14,16,10,2,11,15,4,1,3,13,6,12,9,5,5$1.0
584$8,14,16,10,2,11,15,4,1,3,13,6,12,9,15,5$1.0
585$8,14,16,10,2,11,15,4,1,3,13,6,12,9,5,5$1.0
586$8,14,16,10,2,11,8,4,1,3,13,6,12,9,15,5$1.0
587$8,14,16,10,2,11,15,4,1,3,13,6,12,9,15,5$1.0
588$8,14,16,10,2,11,15,4,1,3,13,6,12,9,15,5$1.0
589$8,14,16,10,2,11,8,4,1,3,13,6,12,9,15,5$1.0
590$8,14,16,10,2,11,15,4,1,3,13,6,12,9,15,5$1.0
591$8,14,16,10,2,11,15,4,1,3,13,6,12,9,15,5$1.0
592$8,14,16,10,2,11,15,4,1,3,13,6,12,9,5,5$1.0
593$8,14,16,10,2,11,15,4,1,3,13,6,12,9,15,5$1.0
594$8,14,16,10,2,11,15,4,1,3,13,6,12,9,15,5$1.0
595$8,14,16,10,2,11,15,4,1,3,13,6,12,9,5,14$1.0
596$8,14,16,10,2,11,15,4,1,3,13,6,12,9,16,5$1.0
597$8,14,16,10,2,11,15,4,1,3,13,6,12,9,15,5$1.0
598$8,14,16,10,2,11,15,4,1,3,13,6,12,9,5,5$1.0
599$8,14,16,10,2,11,15,4,1,3,13,6,12,9,15,5$1.0
600$8,14,16,10,2,11,15,4,1,3,13,6,12,9,15,5$1.0
601$8,14,16,10,2,11,15,4,1,3,13,6,12,9,15,5$1.0
602$8,14,16,10,2,11,15,4,1,3,13,6,12,9,15,5$1.0
603$8,14,16,10,2,11,15,4,1,3,13,6,12,9,15,5$1.0
604$8,14,16,10,2,11,15,4,1,3,13,6,12,9,15,5$1.0
605$8,14,16,10,2,11,15,4,1,3,13,6,12,9,15,5$1.0
606$8,14,16,10,2,11,15,4,1,3,13,6,12,9,15,5$1.0
607$8,14,16,10,2,11,15,4,1,3,13,6,12,9,15,5$1.0
608$8,14,16,10,2,11,15,4,1,3,13,6,12,9,15,5$1.0
609$8,14,16,10,2,11,15,4,1,3,13,6,12,9,15,5$1.0
610$8,14,16,10,2,11,15,4,1,3,13,6,12,9,15,5$1.0
611$8,14,16,10,2,11,15,4,1,3,13,6,12,9,15,5$1.0
612$8,14,16,10,2,11,15,4,1,3,13,6,12,9,15,5$1.0
613$8,14,16,10,2,11,15,4,1,3,13,6,12,9,15,5$1.0
614$8,14,16,10,2,11,15,4,1,3,13,6,12,9,13,5$1.0
615$8,14,16,10,2,11,15,4,1,3,13,6,12,9,15,5$1.0
616$8,14,16,10,2,11,15,4,1,3,13,6,12,9,15,5$1.0
617$8,14,16,10,2,11,15,4,1,3,13,6,12,9,15,5$1.0
618$8,14,16,10,2,11,15,4,1,3,13,6,12,9,15,5$1.0
619$8,14,16,10,2,11,15,4,1,3,13,6,12,9,15,5$1.0
620$8,14,16,10,2,11,15,4,1,3,13,6,12,9,15,5$1.0
621$8,14,16,10,2,11,15,4,1,3,13,6,12,9,15,5$1.0
622$8,14,16,10,2,11,15,4,1,3,13,6,12,9,13,5$1.0
623$8,14,16,10,2,11,15,4,1,3,13,6,12,9,13,5$1.0
624$8,14,16,10,2,11,15,4,1,3,13,6,12,9,13,5$1.0
625$8,14,16,10,2,11,15,4,1,3,13,6,12,9,13,5$1.0
626$8,14,16,10,2,11,15,4,1,3,13,6,12,9,13,5$1.0
627$8,14,16,10,2,11,15,4,1,3,13,6,12,9,5,5$1.0
628$8,14,16,10,2,11,15,4,1,3,13,6,12,9,13,5$1.0
629$8,14,16,10,2,11,15,4,1,3,13,6,12,9,13,5$1.0
630$8,14,16,10,2,11,15,4,1,3,13,6,12,9,15,5$1.0
631$8,14,16,10,2,11,15,4,1,3,13,6,12,9,16,5$1.0
632$8,14,16,10,2,11,15,4,1,3,13,6,12,9,13,5$1.0
633$8,14,16,10,2,11,15,4,1,3,13,6,12,9,5,16$1.0
634$8,14,16,10,2,11,15,4,1,3,13,6,12,9,13,5$1.0
635$8,14,16,10,2,11,15,4,1,3,13,6,12,9,13,5$1.0
636$8,14,16,10,2,11,15,4,1,3,13,6,12,9,13,5$1.0
637$8,14,16,10,2,11,15,4,1,3,13,6,12,9,16,5$1.0
638$8,14,16,10,2,11,15,4,1,3,13,6,12,9,5,5$1.0
639$8,14,16,10,2,11,15,4,1,3,13,6,12,9,13,5$1.0
640$8,14,16,10,2,11,15,4,1,3,13,6,12,9,16,5$1.0
641$8,14,16,10,2,11,15,4,1,3,13,6,12,9,13,5$1.0
642$8,14,12,10,2,11,15,4,1,3,13,6,12,9,16,5$1.0
643$8,14,16,10,2,11,15,4,1,3,13,6,12,9,16,5$1.0
644$8,14,12,10,2,11,15,4,1,3,13,6,12,9,16,5$1.0
645$8,14,12,10,2,11,15,4,1,3,13,6,12,9,16,5$1.0
646$8,14,16,10,2,11,15,4,1,3,13,6,12,9,16,5$1.0
647$8,14,16,10,2,11,15,4,1,3,13,6,12,9,16,5$1.0
648$8,14,16,10,2,11,15,4,1,3,15,6,12,9,13,5$1.0
649$8,14,16,10,2,11,15,4,1,3,15,6,12,9,13,5$1.0
650$8,14,16,10,2,11,15,4,1,3,13,6,12,9,13,5$1.0
651$8,14,16,10,2,11,15,4,1,3,13,6,12,9,13,5$1.0
652$8,14,16,10,2,11,15,4,1,3,15,6,12,9,13,5$1.0
653$8,14,16,10,2,11,15,4,1,3,13,6,12,9,13,5$1.0
654$8,14,16,7,2,11,15,4,1,3,13,6,12,9,13,5$1.0
655$8,14,16,10,2,11,15,4,1,3,15,6,12,9,13,5$1.0
656$8,14,16,10,2,11,15,4,1,3,13,6,12,9,13,5$1.0
657$8,14,16,7,2,11,15,4,1,10,13,6,12,9,16,5$1.0
658$8,14,16,10,2,11,15,4,1,3,13,6,12,9,16,5$1.0
659$8,14,16,10,2,11,15,4,1,3,13,6,12,9,16,5$1.0
660$8,14,16,7,2,11,15,4,1,10,13,3,12,9,16,5$1.0
661$8,14,16,10,2,11,15,4,1,3,13,6,12,9,5,5$1.0
662$8,14,16,7,2,11,15,4,1,10,13,3,12,9,13,5$1.0
663$8,14,16,10,2,11,15,4,1,3,13,6,12,9,16,5$1.0
664$8,14,16,10,2,11,15,4,1,3,13,6,12,9,16,5$1.0
665$8,14,16,10,2,11,15,4,1,3,13,6,12,9,16,5$1.0
666$8,14,16,10,2,11,15,4,1,3,13,6,12,9,13,5$1.0
667$8,14,16,10,2,11,15,4,1,3,13,6,12,9,13,5$1.0
668$8,14,16,10,2,11,15,4,1,3,13,6,12,9,13,5$1.0
669$8,14,16,10,2,11,15,4,1,3,13,6,12,9,13,5$1.0
670$8,14,16,10,2,11,15,4,1,3,15,6,12,9,13,5$1.0
671$8,14,16,10,2,11,15,4,1,3,13,6,12,9,13,5$1.0
672$8,14,16,7,2,11,15,4,1,3,15,6,12,9,13,5$1.0
673$8,14,16,7,2,11,15,4,1,3,13,6,12,9,13,5$1.0
674$8,14,16,7,2,11,15,4,1,3,13,6,12,9,13,5$1.0
675$8,14,16,7,2,11,15,4,1,3,13,6,12,9,5,5$1.0
676$8,14,16,10,2,11,15,4,1,3,13,6,12,9,13,5$1.0
677$8,14,16,10,2,11,15,4,1,3,15,6,12,9,13,5$1.0
678$8,14,16,7,2,11,15,4,1,3,13,6,12,9,13,5$1.0
679$8,14,16,10,2,11,15,4,1,3,13,6,12,9,13,5$1.0
680$8,14,16,10,2,11,15,4,1,3,13,6,12,9,13,5$1.0
681$8,14,16,7,2,11,15,4,1,3,15,6,12,9,13,5$1.0
682$8,14,16,10,2,11,15,4,1,3,13,6,12,9,13,5$1.0
683$8,14,16,10,2,11,15,4,1,3,13,6,12,9,5,5$1.0
684$8,14,16,10,2,11,15,4,1,3,13,6,12,9,13,5$1.0
685$8,14,16,7,2,11,15,4,1,3,15,6,12,9,13,5$1.0
686$8,14,16,10,2,11,15,4,1,3,13,6,12,9,13,5$1.0
687$8,14,16,7,2,11,15,4,1,3,13,6,12,9,13,5$1.0
688$8,14,16,10,2,11,15,4,1,3,13,6,12,9,5,5$1.0
689$8,14,16,10,2,11,15,4,1,3,13,6,12,9,13,5$1.0
690$8,14,16,10,2,11,15,4,1,3,13,6,12,9,13,5$1.0
691$8,14,16,7,2,11,15,4,1,3,13,6,12,9,13,5$1.0
692$8,14,16,10,2,11,15,4,1,3,13,6,12,9,13,5$1.0
693$8,14,16,10,2,11,15,4,1,3,13,6,12,9,13,5$1.0
694$8,14,16,10,2,11,15,4,1,3,13,6,12,9,13,5$1.0
695$8,14,16,10,2,11,15,4,1,3,13,6,12,9,13,5$1.0
696$8,14,16,10,2,11,15,4,1,3,13,6,12,9,5,5$1.0
697$8,14,16,10,2,11,15,4,1,3,13,6,12,9,13,5$1.0
698$8,14,16,10,2,11,15,4,1,3,13,6,12,9,13,5$1.0
699$8,14,16,10,2,11,15,4,1,3,13,6,12,9,13,5$1.0
700$8,14,16,10,2,11,15,4,1,3,13,6,12,9,13,5$1.0
701$8,14,16,10,2,11,15,4,1,3,13,6,12,9,16,5$1.0
702$8,14,16,10,2,11,15,4,1,3,13,6,12,9,5,5$1.0
703$8,14,16,10,2,11,15,4,1,3,13,6,12,9,5,5$1.0
704$8,14,16,10,2,11,15,4,1,3,13,6,12,9,13,5$1.0
705$8,14,16,10,2,11,15,4,1,3,13,6,12,9,13,5$1.0
706$8,14,16,10,2,11,15,4,1,3,13,6,12,9,5,5$1.0
707$8,14,16,10,2,11,15,4,1,3,13,6,12,9,5,5$1.0
708$8,14,16,10,2,11,15,4,1,3,13,6,12,9,5,5$1.0
709$8,14,16,10,2,11,15,4,1,3,13,6,12,9,5,5$1.0
710$8,14,16,10,2,11,15,4,1,3,13,6,12,9,13,5$1.0
711$8,14,16,10,2,11,15,4,1,3,13,6,12,9,5,5$1.0
712$8,14,16,10,2,11,15,4,1,3,13,6,12,9,13,5$1.0
713$8,14,16,10,2,11,15,4,1,3,13,6,12,9,13,5$1.0
714$8,14,16,10,2,11,15,4,1,3,13,6,12,9,5,5$1.0
715$8,14,16,10,2,11,15,4,1,3,13,6,12,9,16,5$1.0
716$8,14,16,10,2,11,15,4,1,3,13,6,12,9,5,5$1.0
717$8,14,16,10,2,11,15,4,1,3,13,6,12,9,13,5$1.0
718$8,14,16,10,2,11,15,4,1,3,13,6,12,9,5,5$1.0
719$8,14,16,10,2,11,15,4,1,3,13,6,12,9,13,5$1.0
720$8,14,16,10,2,11,15,4,1,3,13,6,12,9,13,5$1.0
721$8,14,16,10,2,11,15,4,1,3,13,6,12,9,13,5$1.0
722$8,14,16,10,2,11,15,4,1,3,13,6,12,9,5,5$1.0
723$8,14,16,10,2,11,15,4,1,3,13,6,12,9,5,5$1.0
724$8,14,16,10,2,11,15,4,1,3,13,6,12,9,13,5$1.0
725$8,14,16,10,2,11,15,4,1,3,13,6,12,9,5,5$1.0
726$8,14,16,10,2,11,15,4,1,3,13,6,12,9,5,5$1.0
727$8,14,16,10,2,11,15,4,1,3,13,6,12,9,13,5$1.0
728$8,14,16,10,2,11,15,4,1,3,13,6,12,9,5,5$1.0
729$8,14,16,10,2,11,15,4,1,3,13,6,12,9,5,5$1.0
730$8,14,16,10,2,11,15,4,1,3,13,6,12,9,13,5$1.0
731$8,14,16,10,2,11,15,4,1,3,13,6,12,9,13,5$1.0
732$8,14,16,10,2,11,15,4,1,3,13,6,12,9,5,5$1.0
733$8,14,16,10,2,11,15,4,1,3,13,6,12,9,13,5$1.0
734$8,14,16,10,2,11,15,4,1,3,13,6,12,9,13,5$1.0
735$8,14,16,10,2,11,15,4,1,3,13,6,12,9,5,5$1.0
736$8,14,16,10,2,11,15,4,1,3,13,6,12,9,5,5$1.0
737$8,14,16,7,2,11,15,4,1,3,13,6,12,9,5,5$1.0
738$8,14,16,10,2,11,15,4,1,3,13,6,12,9,5,5$1.0
739$8,14,16,10,2,11,15,4,1,3,13,6,12,9,5,5$1.0
740$8,14,16,10,2,11,15,4,1,3,13,6,12,9,5,5$1.0
741$8,14,16,10,2,11,15,4,1,3,13,6,12,9,5,5$1.0
742$8,14,16,10,2,11,15,4,1,3,13,6,12,9,5,5$1.0
743$8,14,16,10,2,11,15,4,1,3,13,6,12,9,5,16$1.0
744$8,14,16,10,2,11,15,4,1,3,13,6,12,9,13,5$1.0
745$8,14,16,10,2,11,15,4,1,3,13,6,12,9,5,5$1.0
746$8,14,16,10,2,11,15,4,1,3,13,6,12,9,5,5$1.0
747$8,14,16,10,2,11,15,4,1,3,13,6,12,9,5,5$1.0
748$8,14,16,10,2,11,15,4,1,3,13,6,12,9,5,5$1.0
749$8,14,16,10,2,11,15,4,1,3,13,6,12,9,5,5$1.0
750$8,14,16,10,2,11,15,4,1,3,13,6,12,9,5,5$1.0
751$8,14,16,10,2,11,15,4,1,3,13,6,12,9,5,5$1.0
752$8,14,16,10,2,11,15,4,1,3,13,6,12,9,5,5$1.0
753$8,14,16,10,2,11,15,4,1,3,13,6,12,9,5,5$1.0
754$8,14,16,10,2,11,15,4,1,3,13,6,12,9,5,5$1.0
755$8,14,16,10,2,11,15,4,1,3,13,6,12,9,5,5$1.0
756$8,14,16,10,2,11,15,4,1,3,13,6,12,9,5,14$1.0
757$8,14,16,10,2,11,15,4,1,3,13,6,12,9,5,5$1.0
758$8,14,16,10,2,11,15,4,1,3,13,6,12,9,5,5$1.0
759$8,14,16,10,2,11,15,4,1,3,13,6,12,9,5,5$1.0
760$8,14,16,10,2,11,15,4,1,3,13,6,12,9,5,5$1.0
761$8,14,16,10,2,11,15,4,1,3,13,6,12,9,5,5$1.0
762$8,14,16,10,2,11,15,4,1,3,13,6,12,9,5,5$1.0
763$8,14,16,10,2,11,15,4,1,3,13,6,12,9,5,5$1.0
764$8,14,16,10,2,11,15,4,1,3,13,6,12,9,5,5$1.0
765$8,14,16,10,2,11,15,4,1,3,13,6,12,9,5,5$1.0
766$8,14,16,10,2,11,15,4,1,3,13,6,12,9,5,14$1.0
767$8,14,16,10,2,11,15,4,1,3,13,6,12,9,5,5$1.0
768$8,14,16,10,2,11,15,4,1,3,13,6,12,9,13,5$1.0
769$8,14,16,10,2,11,15,4,1,3,13,6,12,9,5,5$1.0
770$8,14,16,10,2,11,15,4,1,3,13,6,12,9,5,5$1.0
771$8,14,16,10,2,11,15,4,1,3,13,6,12,9,16,5$1.0
772$8,14,16,10,2,11,15,4,1,3,13,6,12,9,5,5$1.0
773$8,14,16,7,2,11,15,4,1,3,13,6,12,9,5,5$1.0
774$8,14,16,10,2,11,15,4,1,3,13,6,12,9,5,16$1.0
775$8,14,16,10,2,11,15,4,1,3,13,6,12,9,5,14$1.0
776$8,14,16,10,2,11,15,4,1,3,13,6,12,9,5,5$1.0
777$8,14,16,10,2,11,15,4,1,3,13,6,12,9,5,5$1.0
778$8,14,16,10,2,11,15,4,1,3,13,6,12,9,5,5$1.0
779$8,14,16,10,2,11,15,4,1,3,13,6,12,9,5,5$1.0
780$8,14,16,7,2,11,15,4,1,3,13,6,12,9,5,14$1.0
781$8,14,16,10,2,11,15,4,1,3,13,6,12,9,5,5$1.0
782$8,14,16,10,2,11,15,4,1,3,13,6,12,9,5,5$1.0
783$8,14,16,10,2,11,15,4,1,3,13,6,12,9,5,5$1.0
784$8,14,16,10,2,11,15,4,1,3,13,6,12,9,5,14$1.0
785$8,14,16,10,2,11,15,4,1,3,13,6,12,9,5,14$1.0
786$8,14,16,10,2,11,15,4,1,3,13,6,12,9,5,5$1.0
787$8,14,16,10,2,11,15,4,1,3,13,6,12,9,5,5$1.0
788$8,14,16,10,2,11,15,4,1,3,13,6,12,9,5,14$1.0
789$8,14,16,10,2,11,15,4,1,3,13,6,12,9,5,14$1.0
790$8,14,16,10,2,11,15,4,1,3,13,6,12,9,5,14$1.0
791$8,14,16,10,2,11,15,4,1,3,13,6,12,9,5,14$1.0
792$8,14,16,10,2,11,15,4,1,3,13,6,12,9,5,14$1.0
793$8,14,16,10,2,11,15,4,1,3,13,6,12,9,5,5$1.0
794$8,14,16,7,2,11,15,4,1,3,13,6,12,9,5,5$1.0
795$8,14,16,10,2,11,15,4,1,3,13,6,12,9,5,5$1.0
796$8,14,16,10,2,11,15,4,1,3,13,6,12,9,5,5$1.0
797$8,14,16,10,2,11,15,4,1,3,13,6,12,9,5,14$1.0
798$8,14,16,7,2,11,15,4,1,3,13,6,12,9,5,5$1.0
799$8,14,16,10,2,11,15,4,1,3,13,6,12,9,5,5$1.0
800$8,14,16,10,2,11,15,4,1,3,13,6,12,9,5,5$1.0
801$8,14,16,10,2,11,15,4,1,3,13,6,12,9,5,14$1.0
802$8,14,16,7,2,11,15,4,1,3,13,6,12,9,5,14$1.0
803$8,14,16,7,2,11,15,4,1,3,13,6,12,9,5,5$1.0
804$8,14,16,10,2,11,15,4,1,3,13,6,12,9,13,5$1.0
805$8,14,16,10,2,11,15,4,1,3,13,6,12,9,5,5$1.0
806$8,14,16,7,2,11,15,4,1,3,13,6,12,9,5,5$1.0
807$8,14,16,7,2,11,15,4,1,3,13,6,12,9,5,5$1.0
808$8,14,16,10,2,11,15,4,1,3,13,6,12,9,5,5$1.0
809$8,14,16,10,2,11,15,4,1,3,13,6,12,9,5,5$1.0
810$8,14,16,7,2,11,15,4,1,3,13,6,12,9,5,5$1.0
811$8,14,16,7,2,11,15,4,1,3,13,6,12,9,5,5$1.0
812$8,14,16,7,2,11,15,4,1,3,13,6,12,9,5,5$1.0
813$8,14,16,7,2,11,15,4,1,3,13,6,12,9,5,5$1.0
814$8,14,16,7,2,11,15,4,1,3,13,6,12,9,5,5$1.0
815$8,14,16,7,2,11,15,4,1,3,13,6,12,9,5,5$1.0
816$8,14,16,7,2,11,15,4,1,3,13,6,12,9,5,5$1.0
817$8,14,16,10,2,11,15,4,1,3,13,6,12,9,5,5$1.0
818$8,14,16,7,2,11,15,4,1,3,13,6,12,9,5,16$1.0
819$8,14,16,7,2,11,15,4,1,3,13,6,12,9,5,14$1.0
820$8,14,16,7,2,11,15,4,1,3,13,6,12,9,5,5$1.0
821$8,14,16,10,2,11,15,4,1,3,13,6,12,9,5,5$1.0
822$8,14,16,7,2,11,15,4,1,3,13,6,12,9,5,14$1.0
823$8,14,16,7,2,11,15,4,1,3,13,6,12,9,5,5$1.0
824$8,14,16,10,2,11,15,4,1,3,13,6,12,9,5,5$1.0
825$8,14,16,7,2,11,15,4,1,3,13,6,12,9,5,14$1.0
826$8,14,16,10,2,11,15,4,1,3,13,6,12,9,5,14$1.0
827$8,14,16,7,2,11,15,4,1,3,13,6,12,9,5,5$1.0
828$8,14,16,10,2,11,15,4,1,3,13,6,12,9,5,14$1.0
829$8,14,16,10,2,11,15,4,1,3,13,6,12,9,5,5$1.0
830$8,14,16,7,2,11,15,4,1,3,13,6,12,9,5,14$1.0
831$8,14,16,7,2,11,15,4,1,3,13,6,12,9,5,5$1.0
832$8,14,16,7,2,11,15,4,1,3,13,6,12,9,5,14$1.0
833$8,14,16,10,2,11,15,4,1,3,13,6,12,9,5,14$1.0
834$8,14,16,7,2,11,15,4,1,3,13,6,12,9,5,5$1.0
835$8,14,16,10,2,11,15,4,1,3,13,6,12,9,5,5$1.0
836$8,14,16,7,2,11,15,4,1,3,13,6,12,9,5,5$1.0
837$8,14,16,7,2,11,15,4,1,3,13,6,12,9,5,5$1.0
838$8,14,16,10,2,11,15,4,1,3,13,6,12,9,5,14$1.0
839$8,14,16,10,2,11,15,4,1,3,13,6,12,9,5,14$1.0
840$8,14,16,7,2,11,15,4,1,3,13,6,12,9,5,5$1.0
841$8,14,16,7,2,11,15,4,1,3,13,6,12,9,5,14$1.0
842$8,14,16,10,2,11,15,4,1,3,13,6,12,9,5,5$1.0
843$8,14,16,10,2,11,15,4,1,3,13,6,12,9,5,5$1.0
844$8,14,16,7,2,11,15,4,1,3,13,6,12,9,5,5$1.0
845$8,14,16,10,2,11,15,4,1,3,13,6,12,9,5,14$1.0
846$8,14,16,10,2,11,15,4,1,3,13,6,12,9,5,14$1.0
847$8,14,16,10,2,11,15,4,1,3,13,6,12,9,5,5$1.0
848$8,14,16,10,2,11,15,4,1,3,13,6,12,9,5,14$1.0
849$8,14,16,10,2,11,15,4,1,3,13,6,12,9,5,14$1.0
850$8,14,16,7,2,11,15,4,1,3,13,6,12,9,5,14$1.0
851$8,14,16,7,2,11,15,4,1,3,13,6,12,9,5,14$1.0
852$8,14,16,7,2,11,15,4,1,3,13,6,12,9,5,14$1.0
853$8,14,16,10,2,11,15,4,1,3,13,6,12,9,5,14$1.0
854$8,14,16,7,2,11,15,4,1,3,13,6,12,9,5,14$1.0
855$8,14,16,10,2,11,15,4,1,3,13,6,12,9,5,14$1.0
856$8,14,16,7,2,11,15,4,1,3,13,6,12,9,5,14$1.0
857$8,14,16,10,2,11,15,4,1,3,13,6,12,9,5,5$1.0
858$8,14,16,10,2,11,15,4,1,3,13,6,12,9,5,5$1.0
859$8,14,16,7,2,11,15,4,1,3,13,6,12,9,5,14$1.0
860$8,14,16,10,2,11,15,4,1,3,13,6,12,9,5,5$1.0
861$8,14,16,10,2,11,15,4,1,3,13,6,12,9,5,14$1.0
862$8,14,1,10,2,11,15,4,1,3,13,6,12,9,5,16$1.0
863$8,14,16,10,2,11,15,4,1,3,13,6,12,9,5,5$1.0
864$8,14,16,7,2,11,15,4,1,3,13,6,12,9,5,14$1.0
865$8,14,16,7,2,11,15,4,1,3,13,6,12,9,5,14$1.0
866$8,14,16,10,2,11,15,4,1,3,13,6,12,9,5,14$1.0
867$8,14,16,7,2,11,15,4,1,3,13,6,12,9,5,14$1.0
868$8,14,16,10,2,11,15,4,1,3,13,6,12,9,5,5$1.0
869$8,14,16,10,2,11,15,4,1,3,13,6,12,9,5,14$1.0
870$8,14,16,10,2,11,15,4,1,3,13,6,12,9,5,5$1.0
871$8,14,16,10,2,11,15,4,1,3,13,6,12,9,5,5$1.0
872$8,14,16,10,2,11,15,4,1,3,13,6,12,9,5,5$1.0
873$8,14,16,10,2,11,15,4,1,3,13,6,12,9,5,5$1.0
874$8,14,16,10,2,11,15,4,1,3,13,6,12,9,5,5$1.0
875$8,14,16,10,2,11,15,4,1,3,13,6,12,9,5,5$1.0
876$8,14,16,10,2,11,15,4,1,3,13,6,12,9,5,5$1.0
877$8,14,16,10,2,11,15,4,1,3,13,6,12,9,5,5$1.0
878$8,14,16,10,2,11,15,4,1,3,13,6,12,9,5,5$1.0
879$8,14,16,10,2,11,15,4,1,3,13,6,12,9,5,5$1.0
880$8,14,16,10,2,11,15,4,1,3,13,6,12,9,5,5$1.0
881$8,14,16,10,2,11,15,4,1,3,13,6,12,9,16,5$1.0
882$8,14,16,10,2,11,15,4,1,3,13,6,12,9,5,5$1.0
883$8,14,16,10,2,11,15,4,1,3,13,6,12,9,5,5$1.0
884$8,14,16,10,2,11,15,4,1,3,13,6,12,9,5,5$1.0
885$8,14,16,10,2,11,15,4,1,3,13,6,12,9,5,14$1.0
886$8,14,16,7,2,11,15,4,1,3,13,6,12,9,5,14$1.0
887$8,14,16,10,2,11,15,4,1,3,13,6,12,9,5,5$1.0
888$8,14,16,10,2,11,15,4,1,3,13,6,12,9,5,5$1.0
889$8,14,16,10,2,11,15,4,1,3,13,6,12,9,5,5$1.0
890$8,14,16,10,2,11,15,4,1,3,13,6,12,9,5,5$1.0
891$8,14,16,7,2,11,15,4,1,3,13,6,12,9,5,5$1.0
892$8,14,16,10,2,11,15,4,1,3,13,6,12,9,5,5$1.0
893$8,14,16,10,2,11,15,4,1,3,13,6,12,9,5,5$1.0
894$8,14,16,10,2,11,15,4,1,3,13,6,12,9,5,5$1.0
895$8,14,16,10,2,11,15,4,1,3,13,6,12,9,5,5$1.0
896$8,14,16,10,2,11,15,4,1,3,13,6,12,9,5,5$1.0
897$8,14,16,10,2,11,15,4,1,3,13,6,12,9,5,5$1.0
898$8,14,16,10,2,11,15,4,1,3,13,6,12,9,5,5$1.0
899$8,14,16,10,2,11,15,4,1,3,13,6,12,9,5,5$1.0
900$8,14,16,10,2,11,15,4,1,3,13,6,12,9,5,5$1.0
901$8,14,16,10,2,11,15,4,1,3,13,6,12,9,5,5$1.0
902$8,14,16,10,2,11,15,4,1,3,13,6,12,9,5,5$1.0
903$8,14,16,10,2,11,15,4,1,3,13,6,12,9,5,5$1.0
904$8,14,16,10,2,11,15,4,1,3,13,6,12,9,5,5$1.0
905$8,14,16,10,2,11,15,4,1,3,13,6,12,9,5,5$1.0
906$8,14,16,10,2,11,15,4,1,3,13,6,12,9,5,5$1.0
907$8,14,16,10,2,11,15,4,1,3,13,6,12,9,5,14$1.0
908$8,14,16,10,2,11,15,4,1,3,13,6,12,9,15,5$1.0
909$8,14,16,10,2,11,15,4,1,3,13,6,12,9,15,5$1.0
910$8,14,16,10,2,11,15,4,1,3,13,6,12,9,5,5$1.0
911$8,14,16,10,2,11,15,4,1,3,13,6,12,9,16,5$1.0
912$8,14,16,10,2,11,15,4,1,3,13,6,12,9,5,5$1.0
913$8,14,16,10,2,11,15,4,1,3,13,6,12,9,15,5$1.0
914$8,14,16,10,2,11,15,4,1,3,13,6,12,9,5,14$1.0
915$8,14,16,10,2,11,15,4,1,3,13,6,12,9,5,5$1.0
916$8,14,16,10,2,11,15,4,1,3,13,6,12,9,5,5$1.0
917$8,14,16,10,2,11,15,4,1,3,13,6,12,9,15,5$1.0
918$8,14,16,10,2,11,15,4,1,3,13,6,12,9,15,5$1.0
919$8,14,16,10,2,11,15,4,1,3,13,6,12,9,5,14$1.0
920$8,14,16,10,2,11,15,4,1,3,13,6,12,9,5,14$1.0
921$8,14,16,10,2,11,15,4,1,3,13,6,12,9,5,14$1.0
922$8,14,16,10,2,11,15,4,1,3,13,6,12,9,5,5$1.0
923$8,14,16,10,2,11,15,4,1,3,13,6,12,9,5,14$1.0
924$8,3,16,10,2,11,15,4,1,3,13,6,12,9,5,14$1.0
925$8,14,16,7,2,11,15,4,1,3,13,6,12,9,5,5$1.0
926$8,14,16,10,2,11,15,4,1,3,13,6,12,9,5,14$1.0
927$8,13,16,10,2,11,15,4,1,3,13,6,12,9,5,14$1.0
928$8,14,16,10,2,11,15,4,1,3,13,6,12,9,5,14$1.0
929$8,14,16,10,2,11,15,4,1,3,13,6,12,9,5,5$1.0
930$8,3,16,10,2,11,15,4,1,3,13,6,12,9,5,14$1.0
931$8,14,16,10,2,11,15,4,1,3,13,6,12,9,5,5$1.0
932$8,14,16,10,2,11,15,4,1,3,13,6,12,9,5,14$1.0
933$8,13,16,10,2,11,15,4,1,3,13,6,12,9,5,14$1.0
934$8,14,16,10,2,11,15,4,1,3,13,6,12,9,5,14$1.0
935$8,14,16,10,2,11,15,4,1,3,13,6,12,9,5,5$1.0
936$8,14,16,10,2,11,15,4,1,3,13,6,12,9,5,5$1.0
937$8,14,16,10,2,11,15,4,1,3,13,6,12,9,5,5$1.0
938$8,14,16,10,2,11,15,4,1,3,13,6,12,9,5,14$1.0
939$8,14,16,10,2,11,15,4,1,3,13,6,12,9,5,14$1.0
940$8,14,16,10,2,11,15,4,1,3,13,6,12,9,5,14$1.0
941$8,14,16,10,2,11,15,4,1,3,13,6,12,9,5,5$1.0
942$8,14,16,10,2,11,15,4,1,3,13,6,12,9,5,5$1.0
943$8,14,16,10,2,11,15,4,1,3,13,6,12,9,5,5$1.0
944$8,14,16,10,2,11,15,4,1,3,13,6,12,9,5,5$1.0
945$8,14,16,10,2,11,15,4,1,3,13,6,12,9,5,16$1.0
946$8,14,16,10,2,11,15,4,1,3,13,6,12,9,5,16$1.0
947$8,14,16,10,2,11,15,4,1,3,13,6,12,9,5,16$1.0
948$8,14,16,10,2,11,15,4,1,3,13,6,12,9,5,16$1.0
949$8,14,16,10,2,11,15,4,1,3,13,6,12,9,5,5$1.0
950$8,14,16,10,2,11,15,4,1,3,13,6,12,9,5,5$1.0
951$8,14,16,10,2,11,15,4,1,3,13,6,12,9,5,5$1.0
952$8,14,16,10,2,11,15,4,1,3,13,6,12,9,5,16$1.0
953$8,14,16,10,2,11,15,4,1,3,13,6,12,9,5,16$1.0
954$8,14,16,10,2,11,15,4,1,3,13,6,12,9,5,5$1.0
955$8,14,16,10,2,11,15,4,1,3,13,6,12,9,5,5$1.0
956$8,14,16,10,2,11,15,4,1,3,13,6,12,9,5,5$1.0
957$8,14,16,10,2,11,15,4,1,3,13,6,12,9,5,5$1.0
958$8,14,16,10,2,11,15,4,1,3,13,6,12,9,5,16$1.0
959$8,14,16,10,2,11,15,4,1,3,13,6,12,9,5,5$1.0
960$8,14,16,10,2,11,15,4,1,3,13,6,12,9,5,5$1.0
961$8,14,16,10,2,11,15,4,1,3,13,6,12,9,5,5$1.0
962$8,14,16,10,2,11,15,4,1,3,13,6,12,9,5,5$1.0
963$8,14,16,10,2,11,15,4,1,3,13,6,12,9,5,5$1.0
964$8,14,16,10,2,11,15,4,1,3,13,6,12,9,5,5$1.0
965$8,14,16,10,2,11,15,4,1,3,13,6,12,9,5,5$1.0
966$8,14,16,10,2,11,15,4,1,3,13,6,12,9,5,5$1.0
967$8,14,16,10,2,11,15,4,1,3,13,6,8,12,5,7$1.0
968$8,14,16,10,2,11,15,4,1,3,13,6,12,9,5,5$1.0
969$8,14,16,10,2,11,15,4,1,3,13,6,12,9,5,14$1.0
970$8,14,16,10,2,11,15,4,1,3,13,6,12,9,5,5$1.0
971$8,14,16,10,2,11,15,4,1,3,13,6,12,9,5,5$1.0
972$8,14,16,10,2,11,15,4,1,3,13,6,12,9,5,5$1.0
973$8,14,16,10,2,11,15,4,1,3,13,6,12,9,5,5$1.0
974$8,14,16,10,2,11,15,4,1,3,13,6,12,9,5,5$1.0
975$8,14,16,10,2,11,15,4,1,3,13,6,12,9,5,5$1.0
976$8,14,16,10,2,11,15,4,1,3,13,6,12,9,5,5$1.0
977$8,14,16,10,2,11,15,4,1,3,13,6,12,9,15,5$1.0
978$8,14,16,10,2,11,15,4,1,3,13,6,12,9,5,5$1.0
979$8,14,16,10,2,11,15,4,1,3,13,6,12,9,5,16$1.0
980$8,14,16,10,2,11,15,4,1,3,13,6,12,9,5,5$1.0
981$8,14,12,10,2,11,15,4,1,3,13,6,12,9,5,16$1.0
982$8,14,16,10,2,11,15,4,1,3,13,6,12,9,15,5$1.0
983$8,14,16,10,2,11,15,4,1,3,13,6,12,9,5,16$1.0
984$8,14,16,10,2,11,15,4,1,3,13,6,12,9,5,16$1.0
985$8,14,16,10,2,11,15,4,1,3,13,6,12,9,15,5$1.0
986$8,14,16,10,2,11,15,4,1,3,13,6,12,9,5,16$1.0
987$8,14,16,10,2,11,15,4,1,3,13,6,12,9,5,5$1.0
988$8,14,16,7,2,11,15,4,1,3,13,6,12,9,5,16$1.0
989$8,14,16,7,2,11,15,4,1,3,13,6,12,9,5,16$1.0
990$8,14,16,10,2,11,15,4,1,3,13,6,12,9,15,5$1.0
991$8,14,16,10,2,11,15,4,1,3,13,6,12,9,15,5$1.0
992$8,14,16,10,2,11,15,4,1,3,13,6,12,9,5,5$1.0
993$8,14,16,10,2,11,15,4,1,3,13,6,12,9,5,16$1.0
994$8,14,16,10,2,11,15,4,1,3,13,6,12,9,5,5$1.0
995$8,14,16,7,2,11,15,4,1,3,13,6,12,9,5,16$1.0
996$8,14,16,10,2,11,15,4,1,3,13,6,12,9,5,16$1.0
997$8,14,16,10,2,11,15,4,1,3,13,6,12,9,5,16$1.0
998$8,14,16,10,2,11,15,4,1,3,13,6,12,9,5,16$1.0
999$8,14,16,10,2,11,15,4,1,3,13,6,12,9,5,16$1.0
1000$8,14,16,7,2,11,15,4,1,3,13,6,12,9,5,16$1.0
1001$8,14,16,10,2,11,15,4,1,3,13,6,12,9,5,16$1.0
1002$8,14,16,7,2,11,15,4,1,3,13,6,12,9,5,16$1.0
1003$8,14,16,7,2,11,15,4,1,3,13,6,12,9,5,16$1.0
1004$8,14,16,7,2,11,15,4,1,3,13,6,12,9,5,5$1.0
1005$8,14,16,7,2,11,15,4,1,3,13,6,12,9,5,14$1.0
1006$8,14,16,7,2,11,15,4,1,3,13,6,12,9,5,16$1.0
1007$8,14,16,10,2,11,15,4,1,3,13,6,12,9,5,16$1.0
1008$8,14,16,7,2,11,15,4,1,3,13,6,12,9,5,5$1.0
1009$8,14,16,7,2,11,15,4,1,3,13,6,12,9,5,16$1.0
1010$8,14,16,7,2,11,15,4,1,3,13,6,12,9,5,16$1.0
1011$8,14,16,7,2,11,15,4,1,3,13,6,12,9,5,14$1.0
1012$8,14,16,7,2,11,15,4,1,3,13,6,12,9,5,16$1.0
1013$8,14,16,7,2,11,15,4,1,3,13,6,12,9,5,16$1.0
1014$8,14,16,7,2,11,15,4,1,3,13,6,12,9,5,16$1.0
1015$8,14,16,7,2,11,15,4,1,3,13,6,12,9,5,16$1.0
1016$8,14,16,7,2,11,15,4,1,3,13,6,12,9,5,14$1.0
1017$8,14,16,7,2,11,15,4,1,3,13,6,12,9,5,14$1.0
1018$8,14,16,7,2,11,15,4,1,3,13,6,12,9,5,16$1.0
1019$8,14,16,7,2,11,15,4,1,3,13,6,12,9,5,14$1.0
1020$8,14,16,7,2,11,15,4,1,3,13,6,12,9,5,14$1.0
1021$8,14,16,7,2,11,15,4,1,3,13,6,12,9,5,14$1.0
1022$8,14,16,7,2,11,15,4,1,3,13,6,12,9,5,14$1.0
1023$8,14,16,7,2,11,15,4,1,3,13,6,12,9,5,14$1.0
1024$8,3,16,7,2,11,15,4,1,3,13,6,12,9,5,14$1.0
1025$8,14,16,7,2,11,15,4,1,3,13,6,12,9,5,16$1.0
1026$8,14,16,7,2,11,15,4,1,3,13,6,12,9,5,14$1.0
1027$8,14,16,7,2,11,15,4,1,3,13,6,12,9,5,14$1.0
1028$8,14,16,7,2,11,15,4,1,3,13,6,12,9,5,14$1.0
1029$8,14,16,7,2,11,15,4,1,3,13,6,12,9,16,5$1.0
1030$8,14,16,7,2,11,15,4,1,3,13,6,12,9,5,14$1.0
1031$8,14,16,7,2,11,15,4,1,3,13,6,12,9,16,5$1.0
1032$8,14,16,7,2,11,15,4,1,3,13,6,12,9,5,14$1.0
1033$8,14,16,7,2,11,15,4,1,3,13,6,12,9,5,14$1.0
1034$8,14,16,7,2,11,15,4,1,3,13,6,12,9,5,14$1.0
1035$8,2,16,7,2,11,15,4,1,3,13,6,12,9,5,14$1.0
1036$8,14,16,7,2,11,15,4,1,3,13,6,12,9,5,16$1.0
1037$8,3,16,7,2,11,15,4,1,3,13,6,12,9,5,14$1.0
1038$8,14,16,7,2,11,15,4,1,3,13,6,12,9,5,14$1.0
1039$8,6,16,7,2,11,15,4,1,3,13,6,12,9,5,14$1.0
1040$8,14,16,7,2,11,15,4,1,3,13,6,12,9,5,14$1.0
1041$8,14,16,7,2,11,15,4,1,3,13,6,12,9,5,14$1.0
1042$8,14,16,7,2,11,15,4,1,3,13,6,12,9,5,14$1.0
1043$8,2,16,7,9,11,15,4,1,3,13,6,12,9,5,14$1.0
1044$8,3,16,7,2,11,15,4,1,3,13,6,12,9,5,14$1.0
1045$8,14,16,7,2,11,15,4,1,3,13,6,12,9,5,16$1.0
1046$8,14,16,7,2,11,15,4,1,3,13,6,12,9,5,16$1.0
1047$8,3,16,7,2,11,15,4,1,3,13,6,12,9,5,14$1.0
1048$8,14,16,7,2,11,15,4,1,3,13,6,12,9,5,16$1.0
1049$8,14,16,7,2,11,15,4,1,3,13,6,12,9,5,14$1.0
1050$8,3,16,7,2,11,15,4,1,3,13,6,12,9,5,14$1.0
1051$8,3,16,7,2,11,15,4,1,3,13,6,12,9,5,14$1.0
1052$8,3,16,7,2,11,15,4,1,3,13,6,12,9,5,14$1.0
1053$8,3,16,7,2,11,15,4,1,3,13,6,12,9,5,14$1.0
1054$8,14,16,7,2,11,15,4,1,3,13,6,12,9,5,14$1.0
1055$8,12,16,7,2,11,15,4,1,3,13,6,12,9,5,14$1.0
1056$8,3,16,7,2,11,15,4,1,3,13,6,12,9,5,14$1.0
1057$8,3,16,7,2,11,15,4,1,3,13,6,12,9,5,14$1.0
1058$8,3,16,7,2,11,15,4,1,3,13,6,12,9,5,14$1.0
1059$8,3,16,7,2,11,15,4,1,3,13,6,12,9,5,14$1.0
1060$8,6,16,7,2,11,15,4,1,3,13,6,12,9,5,14$1.0
1061$8,6,16,7,2,11,15,4,1,3,13,6,12,9,5,14$1.0
1062$8,3,16,7,2,11,15,4,1,3,13,6,12,9,5,14$1.0
1063$8,14,16,7,2,11,15,4,1,3,13,6,12,9,5,16$1.0
1064$8,6,16,7,2,11,15,4,1,3,13,6,12,9,5,14$1.0
1065$8,6,16,7,2,11,15,4,1,3,13,6,12,9,5,14$1.0
1066$8,6,16,7,2,11,15,4,1,3,13,6,12,9,5,14$1.0
1067$8,3,16,7,2,11,15,4,1,3,13,6,12,9,5,14$1.0
1068$8,3,16,7,2,11,15,4,1,3,13,6,12,9,5,14$1.0
1069$8,3,16,7,2,11,15,4,1,3,13,6,12,9,5,14$1.0
1070$8,3,16,7,2,11,15,4,1,3,13,6,12,9,5,14$1.0
1071$8,3,16,7,2,11,15,4,1,3,13,6,12,9,5,14$1.0
1072$8,14,16,7,2,11,15,4,1,3,13,6,12,9,5,14$1.0
1073$8,6,16,7,2,11,15,4,1,3,13,6,12,9,5,14$1.0
1074$8,6,16,7,2,11,15,4,1,3,13,6,12,9,5,14$1.0
1075$8,13,16,7,2,11,15,4,1,3,13,6,12,9,5,14$1.0
1076$8,3,16,7,2,11,15,4,1,3,13,6,12,9,5,14$1.0
1077$8,14,3,7,2,11,15,4,1,16,13,6,12,9,5,14$1.0
1078$8,3,16,7,2,11,15,4,1,3,13,6,12,9,5,14$1.0
1079$8,6,16,7,2,11,15,4,1,3,13,6,12,9,5,14$1.0
1080$8,13,16,7,2,11,15,4,1,3,13,6,12,9,5,14$1.0
1081$8,14,16,7,2,11,15,4,1,3,13,6,12,9,5,14$1.0
1082$8,14,16,7,2,11,15,4,1,3,13,6,12,9,5,14$1.0
1083$8,14,16,7,2,11,15,4,1,3,13,6,12,9,5,14$1.0
1084$8,13,16,7,2,11,15,4,1,3,13,6,12,9,5,14$1.0
1085$8,3,16,7,2,11,15,4,1,16,13,6,12,9,5,14$1.0
1086$8,14,16,7,2,11,15,4,1,3,13,6,12,9,5,14$1.0
1087$8,14,16,7,2,11,15,4,1,3,13,6,12,9,5,14$1.0
1088$8,13,16,7,2,11,15,4,1,3,13,6,12,9,5,14$1.0
1089$8,14,16,7,2,11,15,4,1,3,13,6,12,9,5,14$1.0
1090$8,14,16,7,2,11,15,4,1,3,13,6,12,9,5,16$1.0
1091$8,14,16,7,2,11,15,4,1,3,13,6,12,9,5,14$1.0
1092$8,14,16,7,2,11,15,4,1,3,13,6,12,9,5,16$1.0
1093$8,14,16,7,2,11,15,4,1,3,13,6,12,9,5,14$1.0
1094$8,14,16,7,2,11,15,4,1,3,13,6,12,9,5,16$1.0
1095$8,2,16,7,2,11,15,4,1,3,13,6,12,9,5,14$1.0
1096$8,2,16,7,2,11,15,4,1,3,13,6,12,9,5,14$1.0
1097$8,14,16,7,2,11,15,4,1,3,13,6,12,9,5,14$1.0
1098$8,14,16,7,2,11,15,4,1,3,13,6,12,9,5,14$1.0
1099$8,14,16,7,2,11,15,4,1,3,13,6,12,9,5,14$1.0
1100$8,13,16,7,2,11,15,4,1,3,13,6,12,9,5,14$1.0
1101$8,14,16,7,2,11,15,4,1,3,13,6,12,9,5,14$1.0
1102$8,14,16,7,2,11,15,4,1,3,13,6,12,9,5,14$1.0
1103$8,14,16,7,2,11,15,4,1,3,13,6,12,9,5,14$1.0
1104$8,14,16,7,2,11,15,4,1,3,13,6,12,9,5,14$1.0
1105$8,14,16,7,2,11,15,4,1,3,13,6,12,9,5,14$1.0
1106$8,14,16,7,2,11,15,4,1,3,13,6,12,9,5,16$1.0
1107$8,14,16,7,2,11,15,4,1,3,13,6,12,9,5,14$1.0
1108$8,14,16,7,2,11,15,4,1,3,13,6,12,9,5,16$1.0
1109$8,3,16,7,2,11,15,4,1,3,13,6,12,9,5,14$1.0
1110$8,14,16,7,2,11,15,4,1,3,13,6,12,9,5,16$1.0
1111$8,14,16,7,2,11,15,4,1,3,13,6,12,9,5,14$1.0
1112$8,14,16,7,2,11,15,4,1,3,13,6,12,9,5,16$1.0
1113$8,14,16,7,2,11,15,4,1,3,13,6,12,9,5,16$1.0
1114$8,14,16,7,2,11,15,4,1,3,13,6,12,9,5,14$1.0
1115$8,14,16,7,2,11,15,4,1,3,13,6,12,9,5,16$1.0
1116$8,14,16,7,2,11,15,4,1,3,13,6,12,9,5,16$1.0
1117$8,14,16,7,2,11,15,4,1,3,13,6,12,9,5,16$1.0
1118$8,14,16,7,2,11,15,4,1,3,13,6,12,9,5,14$1.0
1119$8,14,16,7,2,11,15,4,1,3,13,6,12,9,5,16$1.0
1120$8,14,16,7,2,11,15,4,1,3,13,6,12,9,5,5$1.0
1121$8,14,16,7,2,11,15,4,1,3,13,6,12,9,5,16$1.0
1122$8,14,16,7,2,11,15,4,1,3,13,6,12,9,5,16$1.0
1123$8,14,16,7,2,11,15,4,1,3,13,6,12,9,5,14$1.0
1124$8,14,16,10,2,11,15,4,1,3,13,6,12,9,5,16$1.0
1125$8,14,16,7,2,11,15,4,1,3,13,6,12,9,5,14$1.0
1126$8,14,16,7,2,11,15,4,1,3,13,6,12,9,5,16$1.0
1127$8,14,16,7,2,11,15,4,1,3,13,6,12,9,5,16$1.0
1128$8,14,16,7,2,11,15,4,1,3,13,6,12,9,5,14$1.0
1129$8,14,16,7,2,11,15,4,1,3,13,6,12,9,5,14$1.0
1130$8,14,16,7,2,11,15,4,1,3,13,6,12,9,5,14$1.0
1131$8,14,16,7,2,11,15,4,1,3,13,6,12,9,5,14$1.0
1132$8,14,16,7,2,11,15,4,1,3,13,6,12,9,5,14$1.0
1133$8,14,16,7,2,11,15,4,1,3,13,6,12,9,5,14$1.0
1134$8,14,16,7,2,11,15,4,1,3,13,6,12,9,5,14$1.0
1135$8,14,16,7,2,11,15,4,1,3,13,6,12,9,5,14$1.0
1136$8,14,16,7,2,11,15,4,1,3,13,6,12,9,5,14$1.0
1137$8,14,16,7,2,11,15,4,1,3,13,6,12,9,5,14$1.0
1138$8,14,16,7,2,11,15,4,1,3,13,6,12,9,5,14$1.0
1139$8,13,16,7,2,11,15,4,1,3,13,6,12,9,5,14$1.0
1140$8,14,16,7,2,11,15,4,1,3,13,6,12,9,5,14$1.0
1141$8,14,16,7,2,11,15,4,1,3,13,6,12,9,5,14$1.0
1142$8,14,16,7,2,11,15,4,1,3,13,6,12,9,5,14$1.0
1143$8,14,16,7,2,11,15,4,1,3,13,6,12,9,5,14$1.0
1144$8,14,16,7,2,11,15,4,1,3,13,6,12,9,5,14$1.0
1145$8,14,16,10,2,11,15,4,1,3,13,6,12,9,5,14$1.0
1146$8,14,16,7,2,11,15,4,1,3,13,6,12,9,5,14$1.0
1147$8,14,16,7,2,11,15,4,1,3,13,6,12,9,5,14$1.0
1148$8,14,16,7,2,11,15,4,1,3,13,6,12,9,5,14$1.0
1149$8,14,16,7,2,11,15,4,1,3,13,6,12,9,5,14$1.0
1150$8,14,16,7,2,11,15,4,1,3,13,6,12,9,5,14$1.0
1151$8,14,16,7,2,11,15,4,1,3,13,6,12,9,5,14$1.0
1152$8,14,16,10,2,11,15,4,1,3,13,6,12,9,5,14$1.0
1153$8,14,16,7,2,11,15,4,1,3,13,6,12,9,5,14$1.0
1154$8,14,16,7,2,11,15,4,1,3,13,6,12,9,5,14$1.0
1155$8,14,16,7,2,11,15,4,1,3,13,6,12,9,5,16$1.0
1156$8,14,16,7,2,11,15,4,1,3,13,6,12,9,5,14$1.0
1157$8,14,16,7,2,11,15,4,1,3,13,6,12,9,5,14$1.0
1158$8,14,16,7,2,11,15,4,1,3,13,6,12,9,5,14$1.0
1159$8,14,16,7,2,11,15,4,1,3,13,6,12,9,5,14$1.0
1160$8,14,16,7,2,11,15,4,1,3,13,6,12,9,5,14$1.0
1161$8,14,16,7,2,11,15,4,1,3,13,6,12,9,5,14$1.0
1162$8,14,16,7,2,11,15,4,1,3,13,6,12,9,5,14$1.0
1163$8,14,16,7,2,11,15,4,1,3,13,6,12,9,5,14$1.0
1164$8,14,16,7,2,11,15,4,1,3,13,6,12,9,5,14$1.0
1165$8,14,16,7,2,11,15,4,1,3,13,6,12,9,5,14$1.0
1166$8,14,16,7,2,11,15,4,1,3,13,6,12,9,5,14$1.0
1167$8,14,16,7,2,11,15,4,1,3,13,6,12,9,5,14$1.0
1168$8,14,16,7,2,11,15,4,1,3,13,6,12,9,5,14$1.0
1169$8,14,16,7,2,11,15,4,1,3,13,6,12,9,5,14$1.0
1170$8,14,16,7,2,11,15,4,1,3,13,6,12,9,5,14$1.0
1171$8,14,16,7,2,11,15,4,1,3,13,6,12,9,5,14$1.0
1172$8,13,16,7,2,11,15,4,1,3,13,6,12,9,5,14$1.0
1173$8,2,16,7,2,11,15,4,1,3,13,6,12,9,5,14$1.0
1174$8,14,16,7,2,11,15,4,1,3,13,6,12,9,5,14$1.0
1175$8,13,16,7,2,10,15,4,1,3,13,6,12,9,5,14$1.0
1176$8,3,16,7,2,11,15,4,1,3,13,6,12,9,5,14$1.0
1177$8,13,16,7,2,11,15,4,1,3,13,6,12,9,5,14$1.0
1178$8,13,16,7,2,11,15,4,1,3,13,6,12,9,5,14$1.0
1179$8,3,16,7,2,11,15,4,1,3,13,6,12,9,5,14$1.0
1180$8,14,16,7,2,11,15,4,1,3,13,6,12,9,5,14$1.0
1181$8,3,16,7,2,11,15,4,1,3,13,6,12,9,5,14$1.0
1182$8,13,16,7,2,11,15,4,1,3,13,6,12,9,5,14$1.0
1183$8,13,16,7,2,11,15,4,1,3,13,6,12,9,5,14$1.0
1184$8,13,16,7,2,11,15,4,1,3,13,6,12,9,5,14$1.0
1185$8,3,16,7,2,11,15,4,1,3,13,6,12,9,5,14$1.0
1186$8,3,16,7,2,11,15,4,1,3,13,6,12,9,5,14$1.0
1187$8,12,16,7,2,11,15,4,1,3,13,6,12,9,5,14$1.0
1188$8,14,16,7,2,11,15,4,1,3,13,6,12,9,5,14$1.0
1189$8,3,16,7,2,11,15,4,1,3,13,6,12,9,5,14$1.0
1190$8,2,16,7,2,11,15,4,1,3,13,6,12,9,5,14$1.0
1191$8,14,16,10,2,11,15,4,1,3,13,6,12,9,5,14$1.0
1192$8,14,16,7,2,11,15,4,1,3,13,6,12,9,5,14$1.0
1193$8,13,16,7,2,11,15,4,1,3,13,6,12,9,5,14$1.0
1194$8,14,16,7,2,11,15,4,1,3,13,6,12,9,5,14$1.0
1195$8,12,16,7,2,11,15,4,1,3,13,6,12,9,5,14$1.0
1196$8,3,16,7,2,11,15,4,1,3,13,6,12,9,5,14$1.0
1197$8,3,16,7,2,11,15,4,1,3,13,6,12,9,5,14$1.0
1198$8,13,16,7,2,11,15,4,1,3,13,6,12,9,5,14$1.0
1199$8,3,16,7,2,11,15,4,1,3,13,6,12,9,5,14$1.0
1200$8,2,16,7,2,11,15,4,1,3,13,6,12,9,5,14$1.0
1201$8,2,16,7,2,11,15,4,1,3,13,6,12,9,5,14$1.0
1202$8,3,16,7,2,11,15,4,1,3,13,6,12,9,5,14$1.0
1203$8,3,16,7,2,11,15,4,1,3,13,6,12,9,5,14$1.0
1204$8,3,16,7,2,11,15,4,1,3,13,6,12,9,5,14$1.0
1205$8,3,16,7,2,11,15,4,1,3,13,6,12,9,5,14$1.0
1206$8,3,16,7,2,11,15,4,1,3,13,6,12,9,5,14$1.0
1207$8,3,16,7,2,11,15,4,1,3,13,6,12,9,5,14$1.0
1208$8,3,16,7,2,11,15,4,1,3,13,6,12,9,5,14$1.0
1209$8,3,16,7,2,11,15,4,1,3,13,6,12,9,5,14$1.0
1210$8,3,16,7,2,11,15,4,1,3,13,6,12,9,5,14$1.0
1211$8,12,16,7,2,11,15,4,1,3,13,6,12,9,5,14$1.0
1212$8,3,16,7,2,11,15,4,1,3,13,6,12,9,5,14$1.0
1213$8,3,16,7,2,11,15,4,1,3,13,6,12,9,5,14$1.0
1214$8,13,16,7,2,11,15,4,1,3,13,6,12,9,5,14$1.0
1215$8,6,16,7,2,11,15,4,1,3,13,6,12,9,5,14$1.0
1216$8,14,16,7,2,11,15,4,1,3,13,6,12,9,5,14$1.0
1217$8,13,16,7,2,11,15,4,1,3,13,6,12,9,5,14$1.0
1218$8,3,16,7,2,11,15,4,1,3,13,6,12,9,5,14$1.0
1219$8,14,16,7,2,11,15,4,1,3,13,6,12,9,5,14$1.0
1220$8,14,16,7,2,11,15,4,1,3,13,6,12,9,5,14$1.0
1221$8,3,16,7,2,11,15,4,1,3,13,6,12,9,5,14$1.0
1222$8,6,16,7,2,11,15,4,1,3,13,6,12,9,5,14$1.0
1223$8,3,16,7,2,11,15,4,1,3,13,6,12,9,5,14$1.0
1224$8,3,16,7,2,11,15,4,1,3,13,6,12,9,5,14$1.0
1225$8,14,16,7,2,11,15,4,1,3,13,6,12,9,5,14$1.0
1226$8,3,16,7,2,11,15,4,1,3,13,6,12,9,5,14$1.0
1227$8,14,16,7,2,11,15,4,1,3,13,6,12,9,5,14$1.0
1228$8,14,16,7,2,11,15,4,1,3,13,6,12,9,5,14$1.0
1229$8,14,16,7,2,11,15,4,1,3,13,6,12,9,5,14$1.0
1230$8,14,16,7,2,11,15,4,1,3,13,6,12,9,5,14$1.0
1231$8,3,16,7,2,11,15,4,1,3,13,6,12,9,5,14$1.0
1232$8,3,16,7,2,11,15,4,1,3,13,6,12,9,5,14$1.0
1233$8,14,16,7,2,11,15,4,1,3,13,6,12,9,5,14$1.0
1234$8,14,16,7,2,11,15,4,1,3,13,6,12,9,5,14$1.0
1235$8,14,16,7,2,11,15,4,1,3,13,6,12,9,5,14$1.0
1236$8,14,16,7,2,11,15,4,1,3,13,6,12,9,5,14$1.0
1237$8,14,16,7,2,11,15,4,1,3,13,6,12,9,5,14$1.0
1238$8,3,16,7,2,11,15,4,1,3,13,6,12,9,5,14$1.0
1239$8,14,16,7,2,11,15,4,1,3,13,6,12,9,5,14$1.0
1240$8,3,16,7,2,11,15,4,1,3,13,6,12,9,5,14$1.0
1241$8,14,16,7,2,11,15,4,1,3,13,6,12,9,5,14$1.0
1242$8,14,16,10,2,11,15,4,1,3,13,6,12,9,5,14$1.0
1243$8,14,16,10,2,11,15,4,1,3,13,6,12,9,5,14$1.0
1244$8,14,16,7,2,11,15,4,1,3,13,6,12,9,5,14$1.0
1245$8,14,16,7,2,11,15,4,1,3,13,6,12,9,5,14$1.0
1246$8,3,16,7,2,11,15,4,1,3,13,6,12,9,5,14$1.0
1247$8,3,16,7,2,11,15,4,1,3,13,6,12,9,5,14$1.0
1248$8,14,16,7,2,11,15,4,1,3,13,6,12,9,5,14$1.0
1249$8,3,16,7,2,11,15,4,1,3,13,6,12,9,5,14$1.0
1250$8,14,16,10,2,11,15,4,1,3,13,6,12,9,5,14$1.0
1251$8,14,16,7,2,11,15,4,1,3,13,6,12,9,5,14$1.0
1252$8,14,16,7,2,11,15,4,1,3,13,6,12,9,5,14$1.0
1253$8,3,16,7,2,11,15,4,1,3,13,6,12,9,5,14$1.0
1254$8,14,16,7,2,11,15,4,1,3,13,6,12,9,5,14$1.0
1255$8,14,16,7,2,11,15,4,1,3,13,6,12,9,5,16$1.0
1256$8,14,16,7,2,11,15,4,1,3,13,6,12,9,5,14$1.0
1257$8,14,16,7,2,11,15,4,1,3,13,6,12,9,5,14$1.0
1258$8,14,16,7,2,11,15,4,1,3,13,6,12,9,5,14$1.0
1259$8,14,16,7,2,11,15,4,1,3,13,6,12,9,5,14$1.0
1260$8,3,16,10,2,11,15,4,1,3,13,6,12,9,5,14$1.0
1261$8,3,16,7,2,11,15,4,1,3,13,6,12,9,5,14$1.0
1262$8,14,16,7,2,11,15,4,1,3,13,6,12,9,5,14$1.0
1263$8,3,16,7,2,11,15,4,1,3,13,6,12,9,5,14$1.0
1264$8,3,16,7,2,11,15,4,1,3,13,6,12,9,5,14$1.0
1265$8,14,16,10,2,11,15,4,1,3,13,6,12,9,5,14$1.0
1266$8,3,16,7,2,11,15,4,1,3,13,6,12,9,5,14$1.0
1267$8,3,16,7,2,11,15,4,1,3,13,6,12,9,5,14$1.0
1268$8,3,16,7,2,11,15,4,1,3,13,6,12,9,5,14$1.0
1269$8,3,16,10,2,11,15,4,1,3,13,6,12,9,5,14$1.0
1270$8,3,16,7,2,11,15,4,1,3,13,6,12,9,5,14$1.0
1271$8,3,16,7,2,11,15,4,1,3,13,6,12,9,5,14$1.0
1272$8,3,16,7,2,11,15,4,1,3,13,6,12,9,5,14$1.0
1273$8,6,16,7,2,11,15,4,1,3,13,6,12,9,5,14$1.0
1274$8,3,16,7,2,11,15,4,1,3,13,6,12,9,5,14$1.0
1275$8,3,16,7,2,11,15,4,1,3,13,6,12,9,5,14$1.0
1276$8,3,16,7,2,11,15,4,1,3,13,6,12,9,5,14$1.0
1277$8,3,16,7,2,11,15,4,1,3,13,6,12,9,5,14$1.0
1278$8,3,16,10,2,11,15,4,1,3,13,6,12,9,5,14$1.0
1279$8,3,16,7,2,11,15,4,1,3,13,6,12,9,5,14$1.0
1280$8,3,16,7,2,11,15,4,1,3,13,6,12,9,5,14$1.0
1281$8,3,16,7,2,11,15,4,1,3,13,6,12,9,5,14$1.0
1282$8,3,16,7,2,11,15,4,1,3,13,6,12,9,5,14$1.0
1283$8,3,16,10,2,11,15,4,1,3,13,6,12,9,5,14$1.0
1284$8,3,16,7,2,11,15,4,1,3,13,6,12,9,5,14$1.0
1285$8,3,16,7,2,11,15,4,1,3,13,6,12,9,5,14$1.0
1286$8,12,16,7,2,11,15,4,1,3,13,6,13,9,5,14$1.0
1287$8,12,16,7,2,11,15,4,1,3,13,6,12,9,5,14$1.0
1288$8,12,16,7,2,11,15,4,1,3,13,6,2,9,5,14$1.0
1289$8,3,16,7,2,11,15,4,1,3,13,6,12,9,5,14$1.0
1290$8,3,16,7,2,11,15,4,1,3,13,6,12,9,5,14$1.0
1291$8,12,16,7,2,11,15,4,1,3,13,6,12,9,5,14$1.0
1292$8,3,16,10,2,11,15,4,1,3,13,6,12,9,5,14$1.0
1293$8,3,16,7,2,11,15,4,1,3,13,6,12,9,5,14$1.0
1294$8,12,16,7,2,11,15,4,1,3,13,6,12,9,5,14$1.0
1295$8,3,16,7,2,11,15,4,1,3,13,6,12,9,5,14$1.0
1296$8,3,16,7,2,11,15,4,1,3,13,6,12,9,5,14$1.0
1297$8,3,16,7,2,11,15,4,1,3,13,6,12,9,5,14$1.0
1298$8,12,16,7,2,11,15,4,1,3,13,6,12,9,5,14$1.0
1299$8,12,16,7,2,11,15,4,1,3,13,6,12,9,5,14$1.0
1300$8,12,16,7,2,11,15,4,1,3,13,6,13,9,5,14$1.0
1301$8,3,16,7,2,11,15,4,1,3,13,6,12,9,5,14$1.0
1302$8,3,16,7,2,11,15,4,1,3,13,6,12,9,5,14$1.0
1303$8,6,16,7,2,11,15,4,1,3,13,6,12,9,5,14$1.0
1304$8,3,16,7,2,11,15,4,1,3,13,6,12,9,5,14$1.0
1305$8,3,16,7,2,11,15,4,1,3,13,6,12,9,5,14$1.0
1306$8,3,16,7,2,11,15,4,1,3,13,6,12,9,5,14$1.0
1307$8,12,16,7,2,11,15,4,1,3,13,6,12,9,5,14$1.0
1308$8,2,16,7,2,11,15,4,1,3,13,6,12,9,5,14$1.0
1309$8,3,16,7,2,11,15,4,1,3,13,6,12,9,5,14$1.0
1310$8,2,16,7,2,11,15,4,1,3,13,6,12,9,5,14$1.0
1311$8,3,16,7,2,11,15,4,1,3,13,6,12,9,5,14$1.0
1312$8,13,16,7,2,11,15,4,1,3,13,6,12,9,5,14$1.0
1313$8,3,16,7,2,11,15,4,1,3,13,6,12,9,5,14$1.0
1314$8,13,16,7,2,11,15,4,1,3,13,6,12,9,5,14$1.0
1315$8,12,16,7,2,11,15,4,1,3,13,6,12,9,5,14$1.0
1316$8,3,16,7,2,11,15,4,1,3,13,6,12,9,5,14$1.0
1317$8,13,16,7,2,11,15,4,1,3,13,6,12,9,5,14$1.0
1318$8,13,16,7,2,11,15,4,1,3,13,6,12,9,5,14$1.0
1319$8,3,16,7,2,11,15,4,1,3,13,6,12,9,5,14$1.0
1320$8,13,16,7,2,11,15,4,1,3,13,6,12,9,5,14$1.0
1321$8,3,16,7,2,11,15,4,1,3,13,6,12,9,5,14$1.0
1322$8,12,16,7,2,11,15,4,1,3,13,6,12,9,5,14$1.0
1323$8,12,16,7,2,11,15,4,1,3,13,6,12,9,5,14$1.0
1324$8,3,16,7,2,11,15,4,1,16,13,6,12,9,5,14$1.0
1325$8,3,16,7,2,11,15,4,1,16,13,6,12,9,5,14$1.0
1326$8,3,16,7,2,11,15,4,1,16,13,6,12,9,5,14$1.0
1327$8,12,16,7,2,11,15,4,1,3,13,6,12,9,5,14$1.0
1328$8,12,16,7,2,11,15,4,1,3,13,6,12,9,5,14$1.0
1329$8,3,16,7,2,11,15,4,1,3,13,6,12,9,5,14$1.0
1330$8,2,16,7,2,11,15,4,1,3,13,6,12,9,5,14$1.0
1331$8,3,16,7,2,11,15,4,1,3,13,6,12,9,5,14$1.0
1332$8,3,16,7,2,11,15,4,1,3,13,6,12,9,5,14$1.0
1333$8,12,16,7,2,11,15,4,1,3,13,6,12,9,5,14$1.0
1334$8,12,16,7,2,11,15,4,1,3,13,6,12,9,5,14$1.0
1335$8,12,16,7,2,11,15,4,1,3,13,6,12,9,5,14$1.0
1336$8,12,16,7,2,11,15,4,1,3,13,6,12,9,5,14$1.0
1337$8,12,16,7,2,11,15,4,1,3,13,6,12,9,5,14$1.0
1338$8,3,16,7,2,11,15,4,1,3,13,6,12,9,5,14$1.0
1339$8,12,16,7,2,11,15,4,1,3,13,6,12,9,5,14$1.0
1340$8,12,16,7,2,11,15,4,1,3,13,6,12,9,5,14$1.0
1341$8,12,16,7,2,11,15,4,1,3,13,6,12,9,5,14$1.0
1342$8,12,16,7,2,11,15,4,1,3,13,6,12,9,5,14$1.0
1343$8,14,16,7,2,11,15,4,1,3,13,6,12,9,5,14$1.0
1344$8,12,16,7,2,11,15,4,1,3,13,6,12,9,5,14$1.0
1345$8,12,16,7,2,11,15,4,1,3,13,6,12,9,5,14$1.0
1346$8,14,16,7,2,11,15,4,1,3,13,6,12,9,5,14$1.0
1347$8,12,16,7,2,11,15,4,1,3,13,6,12,9,5,14$1.0
1348$8,12,16,7,2,11,15,4,1,3,13,6,12,9,5,14$1.0
1349$8,14,16,7,2,11,15,4,1,3,13,6,12,9,5,14$1.0
1350$8,13,16,10,2,11,15,4,1,3,13,6,12,9,5,14$1.0
1351$8,12,16,7,2,11,15,4,1,3,13,6,12,9,5,14$1.0
1352$8,3,16,7,2,11,15,4,1,3,13,6,12,9,5,14$1.0
1353$8,3,16,7,2,11,15,4,1,3,13,6,12,9,5,14$1.0
1354$8,3,16,7,2,11,15,4,1,3,13,6,12,9,5,14$1.0
1355$8,12,16,7,2,11,15,4,1,3,13,6,12,9,5,14$1.0
1356$8,13,16,7,2,11,15,4,1,3,13,6,12,9,5,14$1.0
1357$8,12,16,7,2,11,15,4,1,3,13,6,12,9,5,14$1.0
1358$8,12,16,7,2,11,15,4,1,3,13,6,12,9,5,14$1.0
1359$8,13,16,7,2,11,15,4,1,3,13,6,12,9,5,14$1.0
1360$8,12,16,7,2,11,15,4,1,3,13,6,12,9,5,14$1.0
1361$8,12,16,7,2,11,15,4,1,3,13,6,12,9,5,14$1.0
1362$8,13,16,7,2,11,15,4,1,3,13,6,12,9,5,14$1.0
1363$8,13,16,7,2,11,15,4,1,3,13,6,12,9,5,14$1.0
1364$8,12,16,7,2,11,15,4,1,3,13,6,12,9,5,14$1.0
1365$8,13,16,7,2,11,15,4,1,3,13,6,12,9,5,14$1.0
1366$8,12,16,7,2,11,15,4,1,3,13,6,12,9,5,14$1.0
1367$8,12,16,7,2,11,15,4,1,3,13,6,12,9,5,14$1.0
1368$8,12,16,7,2,10,15,4,1,3,13,6,14,9,5,14$1.0
1369$8,12,16,7,2,10,15,4,1,3,13,6,14,9,5,14$1.0
1370$8,12,16,7,2,11,15,4,1,3,13,6,12,9,5,14$1.0
1371$8,12,16,7,2,10,15,4,1,3,13,6,12,9,5,14$1.0
1372$8,12,16,7,2,11,15,4,1,3,13,6,12,9,5,14$1.0
1373$8,12,16,7,2,11,15,4,1,3,13,6,12,9,5,14$1.0
1374$8,3,16,7,2,10,15,4,1,3,13,6,12,9,5,14$1.0
1375$8,12,16,7,2,10,15,4,1,3,13,6,14,9,5,14$1.0
1376$8,12,16,7,2,11,15,4,1,3,13,6,12,9,5,14$1.0
1377$8,12,16,7,2,11,15,4,1,3,13,6,12,9,5,14$1.0
1378$8,13,16,7,2,11,15,4,1,3,13,6,12,9,5,14$1.0
1379$8,13,16,7,2,11,15,4,1,3,13,6,12,9,5,14$1.0
1380$8,6,16,7,2,11,15,4,1,3,13,6,12,9,5,14$1.0
1381$8,13,16,7,2,11,15,4,1,3,13,6,12,9,5,14$1.0
1382$8,13,16,7,2,11,15,4,1,3,13,6,12,9,5,14$1.0
1383$8,13,16,7,2,10,15,4,1,3,13,6,12,9,5,14$1.0
1384$8,13,16,7,2,10,15,4,1,3,13,6,12,9,5,14$1.0
1385$8,6,16,7,2,11,15,4,1,3,13,6,12,9,5,14$1.0
1386$8,6,16,7,2,11,15,4,1,3,13,6,12,9,5,14$1.0
1387$8,13,16,7,2,11,15,4,1,3,13,6,12,9,5,14$1.0
1388$8,13,16,7,2,11,15,4,1,3,13,6,12,9,5,14$1.0
1389$8,6,16,7,2,11,15,4,1,3,13,6,12,9,5,14$1.0
1390$8,6,16,7,2,11,15,4,1,3,13,6,12,9,5,14$1.0
1391$8,6,16,7,2,11,15,4,1,3,13,6,12,9,5,14$1.0
1392$8,6,16,7,2,11,15,4,1,3,13,6,12,9,5,14$1.0
1393$8,6,16,7,2,11,15,4,1,3,13,6,12,9,5,14$1.0
1394$8,12,16,7,2,11,15,4,1,3,13,6,12,9,5,14$1.0
1395$8,6,16,7,2,11,15,4,1,3,13,6,12,9,5,14$1.0
1396$8,13,16,7,2,11,15,4,1,3,13,6,12,9,5,14$1.0
1397$8,6,16,7,2,11,15,4,1,3,13,6,12,9,5,14$1.0
1398$8,6,16,7,2,11,15,4,1,3,13,6,12,9,5,14$1.0
1399$8,2,16,7,2,11,15,4,1,3,13,6,12,9,5,14$1.0
1400$8,13,16,7,2,11,15,4,1,3,13,6,12,9,5,14$1.0
1401$8,12,16,7,2,11,15,4,1,3,13,6,12,9,5,14$1.0
1402$8,6,16,7,2,11,15,4,1,3,13,6,12,9,5,14$1.0
1403$8,12,16,7,2,11,15,4,1,3,13,6,12,9,5,14$1.0
1404$8,12,16,7,2,11,15,4,1,3,13,6,14,9,5,14$1.0
1405$8,3,16,7,2,11,15,4,1,3,13,6,12,9,5,14$1.0
1406$8,6,16,7,2,11,15,4,1,3,13,6,12,9,5,14$1.0
1407$8,12,16,7,2,11,15,4,1,3,13,6,12,9,5,14$1.0
1408$8,12,16,7,2,11,15,4,1,3,13,6,14,9,5,15$1.0
1409$8,12,16,7,2,11,15,4,1,3,13,6,14,9,5,15$1.0
1410$8,12,16,7,2,11,15,4,1,3,13,6,12,9,5,14$1.0
1411$8,14,16,7,2,11,15,4,1,3,13,6,12,9,5,14$1.0
1412$8,14,16,10,2,11,15,4,1,3,13,6,12,9,5,14$1.0
1413$8,12,16,7,2,11,15,4,1,3,13,6,12,9,5,14$1.0
1414$8,12,16,7,2,11,15,4,1,3,13,6,12,9,5,14$1.0
1415$8,12,16,7,2,11,15,4,1,3,13,6,12,9,5,14$1.0
1416$8,12,16,7,2,11,15,4,1,3,13,6,12,9,5,14$1.0
1417$8,12,16,7,2,11,15,4,1,3,13,6,12,9,5,14$1.0
1418$8,12,16,7,2,11,15,4,1,3,13,6,12,9,5,14$1.0
1419$8,12,16,7,2,11,15,4,1,3,13,6,12,9,5,14$1.0
1420$8,12,16,7,2,11,15,4,1,3,13,6,12,9,5,14$1.0
1421$8,12,16,7,2,11,15,4,1,3,13,6,14,9,5,14$1.0
1422$8,14,16,7,2,11,15,4,1,3,13,6,12,9,5,14$1.0
1423$8,12,16,7,2,11,15,4,1,3,13,6,12,9,5,14$1.0
1424$8,14,16,7,2,11,15,4,1,3,13,6,12,9,5,14$1.0
1425$8,12,16,7,2,11,15,4,1,3,13,6,12,9,5,14$1.0
1426$8,12,16,7,2,11,15,4,1,3,13,6,12,9,5,14$1.0
1427$8,12,16,7,2,11,15,4,1,3,13,6,13,9,5,14$1.0
1428$8,12,16,7,2,11,15,4,1,3,13,6,12,9,5,14$1.0
1429$8,12,16,7,2,11,15,4,1,3,13,6,12,9,5,14$1.0
1430$8,2,16,7,2,11,15,4,1,3,13,6,12,9,5,14$1.0
1431$8,12,16,7,2,11,15,4,1,3,13,6,12,9,5,14$1.0
1432$8,2,16,7,2,11,15,4,1,3,13,6,12,9,5,14$1.0
1433$8,2,16,7,2,11,15,4,1,3,13,6,12,9,5,14$1.0
1434$8,14,16,7,2,11,15,4,1,3,13,6,12,9,5,14$1.0
1435$8,2,16,7,2,11,15,4,1,3,13,6,12,9,5,14$1.0
1436$8,2,16,7,2,11,15,4,1,3,13,6,12,9,5,14$1.0
1437$8,2,16,7,2,11,15,4,1,3,13,6,12,9,5,14$1.0
1438$8,2,16,7,2,11,15,4,1,3,13,6,12,9,5,14$1.0
1439$8,2,16,7,2,11,15,4,1,3,13,6,12,9,5,14$1.0
1440$8,12,16,7,2,11,15,4,1,3,13,6,12,9,5,14$1.0
1441$8,12,16,7,2,11,15,4,1,3,13,6,14,9,5,14$1.0
1442$8,12,16,7,2,11,15,4,1,3,13,6,12,9,5,14$1.0
1443$8,12,16,7,2,10,15,4,1,3,13,6,14,9,5,14$1.0
1444$8,12,16,7,2,11,15,4,1,3,13,6,14,9,5,14$1.0
1445$8,12,16,7,2,11,15,4,1,3,13,6,12,9,5,14$1.0
1446$8,12,16,7,2,11,15,4,1,3,13,6,12,9,5,14$1.0
1447$8,14,16,10,2,11,15,4,1,3,13,6,12,9,5,14$1.0
1448$8,12,16,7,2,11,15,4,1,3,13,6,12,9,5,14$1.0
1449$8,2,16,7,2,11,15,4,1,3,13,6,12,9,5,14$1.0
1450$8,12,16,7,2,11,15,4,1,3,13,6,12,9,5,14$1.0
1451$8,12,16,7,2,10,15,4,1,3,13,6,12,9,5,14$1.0
1452$8,14,16,7,2,11,15,4,1,3,13,6,12,9,5,14$1.0
1453$8,14,16,10,2,11,15,4,1,3,13,6,12,9,5,5$1.0
1454$8,12,16,7,2,10,15,4,1,3,13,6,12,9,5,14$1.0
1455$8,12,16,7,2,11,15,4,1,3,13,6,12,9,5,14$1.0
1456$8,12,16,7,2,11,15,4,1,3,13,6,12,9,5,14$1.0
1457$8,12,16,7,2,11,15,4,1,3,13,6,12,9,5,14$1.0
1458$8,12,16,7,16,11,15,4,1,3,13,6,2,9,5,14$1.0
1459$8,12,16,7,2,10,15,4,1,3,13,6,12,9,5,14$1.0
1460$8,12,16,7,2,11,15,4,1,3,13,6,12,9,5,14$1.0
1461$8,12,16,7,2,11,15,4,1,3,13,6,12,9,5,14$1.0
1462$8,12,16,7,2,11,15,4,1,3,13,6,12,9,5,14$1.0
1463$8,12,16,7,2,11,15,4,1,3,13,6,12,9,5,14$1.0
1464$8,12,16,7,2,10,15,4,1,3,13,6,12,9,5,14$1.0
1465$8,12,16,7,2,11,15,4,1,3,13,6,12,9,5,14$1.0
1466$8,6,16,7,2,11,15,4,1,3,13,6,12,9,5,14$1.0
1467$8,14,16,7,2,11,15,4,1,3,13,6,12,9,5,14$1.0
1468$8,12,16,7,2,11,15,4,1,3,13,6,12,9,5,14$1.0
1469$8,12,16,7,2,11,15,4,1,3,13,6,12,9,5,14$1.0
1470$8,12,16,7,2,11,15,4,1,3,13,6,12,9,5,14$1.0
1471$8,12,16,7,2,10,15,4,1,3,13,6,12,9,5,14$1.0
1472$8,12,16,7,2,11,15,4,1,3,13,6,12,9,5,14$1.0
1473$8,12,16,7,2,11,15,4,1,3,13,6,12,9,5,14$1.0
1474$8,12,16,7,2,11,15,4,1,3,13,6,12,9,5,14$1.0
1475$8,12,16,7,2,11,15,4,1,3,13,6,12,9,5,14$1.0
1476$8,13,16,7,2,11,15,4,1,3,13,6,12,9,5,14$1.0
1477$8,12,16,7,2,11,15,4,1,3,13,6,12,9,5,14$1.0
1478$8,12,16,7,2,11,15,4,1,3,13,6,12,9,5,14$1.0
1479$8,12,16,7,2,10,15,4,1,3,13,6,12,9,5,14$1.0
1480$8,12,16,7,2,11,15,4,1,3,13,6,2,9,5,14$1.0
1481$8,12,16,7,2,11,15,4,1,3,13,6,2,9,5,14$1.0
1482$8,12,16,7,2,10,15,4,1,3,13,6,14,9,5,14$1.0
1483$8,12,16,7,2,10,15,4,1,3,13,6,12,9,5,14$1.0
1484$8,12,16,7,2,11,15,4,1,3,13,6,12,9,5,14$1.0
1485$8,12,16,7,2,10,15,4,1,3,13,6,12,9,5,14$1.0
1486$8,12,16,7,2,11,15,4,1,3,13,6,13,9,5,14$1.0
1487$8,12,16,7,2,11,15,4,1,3,13,6,13,9,5,14$1.0
1488$8,12,16,7,2,10,15,4,1,3,13,6,2,9,5,14$1.0
1489$8,12,16,7,2,10,15,4,1,3,13,6,12,9,5,14$1.0
1490$8,12,16,7,2,11,15,4,1,3,13,6,2,9,5,14$1.0
1491$8,12,16,7,2,10,15,4,1,3,13,6,12,9,5,14$1.0
1492$8,3,16,7,2,10,15,4,1,3,13,6,12,9,5,14$1.0
1493$8,12,16,7,2,10,15,4,1,3,13,6,12,9,5,14$1.0
1494$8,3,16,7,2,10,15,4,1,3,13,6,12,9,5,14$1.0
1495$8,12,16,7,2,10,15,4,1,3,13,6,12,9,5,14$1.0
1496$8,3,16,7,2,10,15,4,1,3,13,6,12,9,5,14$1.0
1497$8,3,16,7,2,11,15,4,1,3,13,6,12,9,5,14$1.0
1498$8,12,16,7,2,10,15,4,1,3,13,6,12,9,5,14$1.0
1499$8,12,16,7,2,10,15,4,1,3,13,6,12,9,5,14$1.0
1500$8,12,16,7,2,11,15,4,1,3,13,6,12,9,5,14$1.0
1501$8,12,16,7,2,11,15,4,1,3,13,6,12,9,5,14$1.0
1502$8,12,16,7,2,10,15,4,1,3,13,6,2,9,5,14$1.0
1503$8,12,16,7,2,10,15,4,1,3,13,6,12,9,5,14$1.0
1504$8,12,16,7,2,10,15,4,1,3,13,6,12,9,5,14$1.0
1505$8,12,16,7,2,10,15,4,1,3,13,6,12,9,5,14$1.0
1506$8,12,3,7,2,10,15,4,1,11,13,6,12,9,5,14$1.0
1507$8,12,16,7,2,10,15,4,1,3,13,6,12,9,5,14$1.0
1508$8,12,16,7,2,10,15,4,1,3,13,6,12,9,5,14$1.0
1509$8,12,16,7,2,10,15,4,1,3,13,6,12,9,5,14$1.0
1510$8,12,16,7,2,10,15,4,1,11,13,6,12,9,5,14$1.0
1511$8,12,16,7,2,10,15,4,1,3,13,6,12,9,5,14$1.0
1512$8,12,16,7,2,10,15,4,1,11,13,6,12,9,5,14$1.0
1513$8,12,16,7,2,10,15,4,1,3,13,6,12,9,5,14$1.0
1514$8,13,16,7,2,10,15,4,1,3,13,6,12,9,5,14$1.0
1515$8,12,16,7,2,10,15,4,1,3,13,6,12,9,5,14$1.0
1516$8,12,16,7,2,10,15,4,1,3,13,6,12,9,5,14$1.0
1517$8,12,16,7,2,10,15,4,1,11,13,6,12,9,5,14$1.0
1518$8,12,16,7,2,10,15,4,1,3,13,6,12,9,5,14$1.0
1519$8,12,16,7,2,10,15,4,1,11,13,6,12,9,5,14$1.0
1520$8,12,16,7,2,10,15,4,1,3,13,6,12,9,5,14$1.0
1521$8,12,16,7,2,10,15,4,1,3,13,6,12,9,5,14$1.0
1522$8,13,16,7,2,10,15,4,1,3,13,6,12,9,5,14$1.0
1523$8,12,16,7,2,10,15,4,1,11,13,6,12,9,5,14$1.0
1524$8,12,16,7,2,10,15,4,1,11,13,6,12,9,5,14$1.0
1525$8,12,16,7,2,10,15,4,1,3,13,6,4,9,5,14$1.0
1526$8,12,16,7,2,10,15,4,1,3,13,6,12,9,5,14$1.0
1527$8,12,16,7,2,10,15,4,1,3,13,6,4,9,5,14$1.0
1528$8,12,16,7,2,10,15,4,1,3,13,6,4,9,5,14$1.0
1529$8,12,16,7,2,10,15,4,1,3,13,6,12,9,5,14$1.0
1530$8,12,16,7,2,10,15,4,1,3,13,6,12,9,5,14$1.0
1531$8,12,16,7,2,10,15,4,1,11,13,6,13,9,5,14$1.0
1532$8,12,16,7,2,10,15,4,1,11,13,6,12,9,5,14$1.0
1533$8,12,16,7,2,10,15,4,1,3,13,6,12,9,5,14$1.0
1534$8,12,16,7,2,10,15,4,1,11,13,6,13,9,5,14$1.0
1535$8,12,16,7,2,10,15,4,1,3,13,6,12,9,5,14$1.0
1536$8,12,16,7,2,10,15,4,1,3,13,6,12,9,5,14$1.0
1537$8,13,16,7,2,10,15,4,1,3,13,6,12,9,5,14$1.0
1538$8,12,16,7,2,10,15,4,1,3,13,6,14,9,5,14$1.0
1539$8,12,16,7,2,10,15,4,1,3,13,6,14,9,5,14$1.0
1540$8,13,16,7,2,10,15,4,1,11,13,6,12,9,5,14$1.0
1541$8,12,16,7,2,10,15,4,1,11,13,6,2,9,5,14$1.0
1542$8,12,16,7,2,10,15,4,1,3,13,6,12,9,5,14$1.0
1543$8,12,16,7,2,10,15,4,1,3,13,6,13,9,5,14$1.0
1544$8,12,16,7,2,10,15,4,1,3,13,6,13,9,5,14$1.0
1545$8,12,16,7,2,10,15,4,1,3,13,6,13,9,5,14$1.0
1546$8,12,16,7,2,10,15,4,1,3,13,6,14,9,5,14$1.0
1547$8,12,16,7,2,10,15,4,1,3,13,6,13,9,5,14$1.0
1548$8,12,16,7,2,10,15,4,1,11,13,6,12,9,5,14$1.0
1549$8,12,16,7,2,10,15,4,1,3,16,6,13,9,5,14$1.0
1550$8,12,16,7,2,10,15,4,1,11,13,6,2,9,5,14$1.0
1551$8,12,16,7,2,10,15,4,1,11,13,6,12,9,5,14$1.0
1552$8,12,16,7,2,10,15,4,1,11,13,6,12,9,5,14$1.0
1553$8,12,16,7,2,10,15,4,1,11,13,6,12,9,5,14$1.0
1554$8,12,16,7,2,10,15,4,1,3,13,6,14,9,5,14$1.0
1555$8,12,16,7,2,10,15,4,1,3,13,6,14,9,5,14$1.0
1556$8,12,16,7,2,10,15,4,1,11,13,6,2,9,5,14$1.0
1557$8,12,16,7,2,10,15,4,1,3,13,6,13,9,5,14$1.0
1558$8,12,16,7,2,10,15,4,1,3,13,6,12,9,5,14$1.0
1559$8,12,16,7,2,10,15,4,1,3,16,6,13,9,5,14$1.0
1560$8,13,16,7,2,10,15,4,1,3,13,6,12,9,5,14$1.0
1561$8,12,16,7,2,10,15,4,1,3,13,6,12,9,5,14$1.0
1562$8,12,16,7,2,10,15,4,1,3,13,6,12,9,5,14$1.0
1563$8,12,16,7,2,10,15,4,1,3,13,6,12,9,5,14$1.0
1564$8,12,16,7,2,10,15,4,1,3,13,6,13,9,5,14$1.0
1565$8,12,16,7,2,10,15,4,1,3,13,6,13,9,5,14$1.0
1566$8,12,16,7,2,10,15,4,1,3,13,6,12,9,5,14$1.0
1567$8,12,16,7,2,10,15,4,1,3,13,6,13,9,5,14$1.0
1568$8,12,16,7,2,10,15,4,1,3,13,6,13,9,5,14$1.0
1569$8,12,16,7,2,10,15,4,1,3,13,6,13,9,5,14$1.0
1570$8,12,16,7,2,10,15,4,1,3,13,6,13,9,5,14$1.0
1571$8,2,16,7,2,10,15,4,1,3,13,6,12,9,5,14$1.0
1572$8,12,16,7,2,10,15,4,1,3,13,6,13,9,5,14$1.0
1573$8,12,16,7,2,10,15,4,1,3,13,6,13,9,5,14$1.0
1574$8,12,16,7,2,10,15,4,1,3,13,6,13,9,5,14$1.0
1575$8,12,16,7,2,10,15,4,1,3,13,6,13,9,5,14$1.0
1576$8,3,16,7,2,10,15,4,1,3,13,6,12,9,5,14$1.0
1577$8,12,16,7,2,10,15,4,1,3,13,6,12,9,5,14$1.0
1578$8,12,16,7,2,10,15,4,1,3,13,6,13,9,5,14$1.0
1579$8,12,16,7,2,10,15,4,1,3,13,6,13,9,5,14$1.0
1580$8,12,16,7,2,10,15,4,1,3,13,6,13,9,5,14$1.0
1581$8,12,16,7,2,10,15,4,1,3,13,6,13,9,5,14$1.0
1582$8,12,16,7,2,10,15,4,1,3,13,6,13,9,5,14$1.0
1583$8,12,16,7,2,10,15,4,1,3,13,6,12,9,5,14$1.0
1584$8,2,16,7,2,10,15,4,1,3,13,6,12,9,5,14$1.0
1585$8,3,16,7,2,10,15,4,1,3,13,6,12,9,5,14$1.0
1586$8,3,16,7,2,10,15,4,1,3,13,6,12,9,5,14$1.0
1587$8,12,16,7,2,10,15,4,1,3,10,6,13,9,5,14$1.0
1588$8,12,16,7,2,10,15,4,1,3,10,6,13,9,5,14$1.0
1589$8,3,16,7,2,10,15,4,1,3,13,6,12,9,5,14$1.0
1590$8,12,16,7,2,10,15,4,1,3,13,6,12,9,5,14$1.0
1591$8,12,16,7,2,10,15,4,1,3,13,6,12,9,5,14$1.0
1592$8,12,16,7,2,10,15,4,1,3,10,6,13,9,5,14$1.0
1593$8,12,16,7,2,10,15,4,1,3,13,6,12,9,5,14$1.0
1594$8,3,16,7,2,10,15,4,1,3,13,6,12,9,5,14$1.0
1595$8,12,16,7,2,10,15,4,1,3,13,6,12,9,5,14$1.0
1596$8,3,16,7,2,10,15,4,1,3,13,6,12,9,5,14$1.0
1597$8,12,16,7,2,10,15,4,1,3,13,6,12,9,5,14$1.0
1598$8,12,16,7,2,10,15,4,1,3,13,6,12,9,5,14$1.0
1599$8,12,16,7,2,10,15,4,1,3,13,6,12,9,5,14$1.0
1600$8,12,16,7,2,10,15,4,1,3,13,6,12,9,5,14$1.0
1601$8,12,16,7,2,10,15,4,1,3,13,6,12,9,5,14$1.0
1602$8,12,16,7,2,10,15,4,1,3,13,6,13,9,5,14$1.0
1603$8,3,16,7,2,10,15,4,1,3,13,6,12,9,5,14$1.0
1604$8,3,16,7,2,10,15,4,1,3,13,6,12,9,5,14$1.0
1605$8,12,16,7,2,10,15,4,1,3,13,6,12,9,5,14$1.0
1606$8,12,16,7,2,10,15,4,1,3,13,6,12,9,5,14$1.0
1607$8,3,16,7,2,10,15,4,1,3,13,6,12,9,5,14$1.0
1608$8,12,16,7,2,11,15,4,1,3,13,6,12,9,5,14$1.0
1609$8,12,16,7,2,10,15,4,1,3,13,6,12,9,5,14$1.0
1610$8,12,16,7,2,10,15,4,1,11,13,6,12,9,5,14$1.0
1611$8,12,16,7,2,10,15,4,1,11,13,6,12,9,5,14$1.0
1612$8,13,16,7,2,10,15,4,1,3,13,6,12,9,5,14$1.0
1613$8,12,16,7,2,11,15,4,1,3,13,6,12,9,5,14$1.0
1614$8,12,16,7,2,10,15,4,1,3,13,6,12,9,5,14$1.0
1615$8,2,16,7,2,10,15,4,1,3,13,6,12,9,5,14$1.0
1616$8,12,16,7,2,10,15,4,1,11,13,6,12,9,5,14$1.0
1617$8,13,16,7,2,10,15,4,1,11,13,6,12,9,5,14$1.0
1618$8,13,16,7,2,10,15,4,1,11,13,6,12,9,5,14$1.0
1619$8,12,16,7,2,10,15,4,1,3,13,6,13,9,5,14$1.0
1620$8,12,16,9,2,10,15,4,1,11,13,6,16,3,5,14$1.0
1621$8,13,16,7,2,10,15,4,1,11,13,6,12,9,5,14$1.0
1622$8,12,16,7,2,10,15,4,1,11,13,6,12,3,5,14$1.0
1623$8,12,16,7,2,10,15,4,1,3,13,6,12,9,5,14$1.0
1624$8,13,16,7,2,10,15,4,1,11,13,6,12,9,5,14$1.0
1625$8,12,16,7,2,10,15,4,1,11,13,6,12,9,5,14$1.0
1626$8,13,16,7,2,10,15,4,1,11,13,6,12,9,5,14$1.0
1627$8,13,16,7,2,10,15,4,1,11,13,6,12,9,5,14$1.0
1628$8,2,16,7,2,10,15,4,1,11,13,6,12,9,5,14$1.0
1629$8,12,16,7,2,10,15,4,1,3,13,6,12,9,5,14$1.0
1630$8,12,16,7,2,10,15,4,1,11,13,6,12,3,5,14$1.0
1631$8,12,16,7,2,10,15,4,1,3,13,6,12,9,5,14$1.0
1632$8,13,16,7,2,10,15,4,1,3,13,6,12,9,5,14$1.0
1633$8,13,16,7,2,10,15,4,1,11,13,6,12,9,5,14$1.0
1634$8,12,16,7,2,10,15,4,1,11,13,6,12,9,5,14$1.0
1635$8,13,16,7,2,10,15,4,1,11,13,6,12,9,5,14$1.0
1636$8,13,16,7,2,10,15,4,1,11,13,6,12,9,5,14$1.0
1637$8,13,16,7,2,10,15,4,1,11,13,6,12,9,5,14$1.0
1638$8,12,16,7,2,10,15,4,1,11,13,6,12,9,5,14$1.0
1639$8,12,16,7,2,10,15,4,1,11,13,6,12,9,5,14$1.0
1640$8,12,16,7,2,10,15,4,1,11,13,6,12,9,5,14$1.0
1641$8,12,16,7,2,10,15,4,1,11,13,6,12,9,5,14$1.0
1642$8,13,16,7,2,10,15,4,1,11,13,6,12,9,5,14$1.0
1643$8,12,16,7,2,10,15,4,1,11,13,6,12,9,5,14$1.0
1644$8,12,16,7,2,10,15,4,1,11,13,6,12,9,5,14$1.0
1645$8,12,16,7,2,10,15,4,1,11,13,6,12,9,5,14$1.0
1646$8,13,16,7,2,10,15,4,1,11,13,6,12,9,5,14$1.0
1647$8,13,16,7,2,10,15,4,1,11,13,6,12,9,5,14$1.0
1648$8,12,16,7,2,10,15,4,1,11,13,6,12,9,5,14$1.0
1649$8,13,16,7,2,10,15,4,1,11,13,6,12,9,5,14$1.0
1650$8,13,3,7,2,10,15,4,1,11,16,6,12,9,5,14$0.0
1650$8,13,3,7,2,10,15,4,1,11,16,6,12,9,5,14$0.0
