16
0$5,1,8,14,11,2,16,8,3,16,11,13,15,6,5,5$14.0
0$16,16,2,9,14,5,15,1,11,9,8,6,8,15,15,13$24.0
0$6,5,4,15,3,7,7,12,13,14,14,11,2,16,12,1$19.0
0$8,16,3,6,16,1,5,7,15,1,7,7,7,4,13,9$18.0
0$13,4,7,4,15,15,8,3,13,12,2,5,2,9,1,13$16.0
0$5,1,8,14,11,2,16,8,3,16,11,13,15,6,5,5$14.0
1$11,5,12,10,16,1,3,8,13,15,12,16,5,16,4,1$10.0
1$11,5,12,10,16,1,3,8,13,15,12,16,5,16,4,1$10.0
2$4,15,10,13,11,16,2,13,2,10,11,9,5,12,16,7$13.0
3$8,10,1,4,15,15,8,3,13,16,2,5,10,4,2,13$10.0
4$4,14,8,4,15,15,8,3,13,16,2,5,2,9,1,13$13.0
5$4,14,8,4,15,15,6,3,13,16,2,5,2,8,12,14$11.0
6$7,12,5,1,12,14,16,2,13,6,2,5,2,4,10,14$10.0
7$7,12,5,1,12,14,16,2,13,6,2,5,2,4,13,11$10.0
8$4,14,11,3,16,6,8,3,13,16,2,5,2,4,13,11$10.0
9$4,14,11,4,15,15,8,3,13,16,7,5,15,16,9,6$9.0
9$4,14,11,4,15,15,8,3,13,16,7,5,15,16,9,6$9.0
10$6,1,11,4,15,15,8,3,13,16,7,5,15,16,12,6$9.0
11$6,14,11,4,15,13,9,3,8,16,2,5,10,8,12,14$8.0
11$6,14,11,4,15,13,9,3,8,16,2,5,10,8,12,14$8.0
12$3,14,11,4,2,15,8,3,13,16,7,5,15,13,9,6$7.0
12$3,14,11,4,2,15,8,3,13,16,7,5,15,13,9,6$7.0
13$6,10,2,4,15,13,8,2,13,6,2,5,16,12,10,11$8.0
14$6,14,11,4,15,15,8,3,1,16,2,5,16,16,13,11$7.0
15$6,10,2,4,15,13,8,3,1,16,2,5,16,16,13,11$7.0
16$6,14,11,4,4,15,8,3,1,16,2,5,16,16,13,11$7.0
17$6,14,11,4,4,15,8,3,1,16,2,5,16,4,9,11$7.0
18$3,14,11,15,1,15,8,12,16,8,2,5,16,4,9,11$6.0
18$3,14,11,15,1,15,8,12,16,8,2,5,16,4,9,11$6.0
19$2,7,14,4,15,15,6,10,13,16,14,2,2,12,8,11$7.0
20$13,1,3,4,15,15,8,2,13,6,2,5,16,12,10,8$6.0
21$6,14,11,4,15,15,8,2,13,6,2,5,16,12,10,8$6.0
22$6,1,16,1,15,15,8,2,13,6,2,5,16,4,13,11$6.0
23$6,10,3,10,15,15,8,2,13,6,2,5,12,4,13,11$5.0
23$6,10,3,10,15,15,8,2,13,6,2,5,12,4,13,11$5.0
24$3,1,11,4,15,15,8,2,13,6,2,5,16,12,10,3$3.0
24$6,14,11,4,15,15,8,2,13,6,1,5,16,12,10,3$4.0
24$3,1,11,4,15,15,8,2,13,6,2,5,16,12,10,3$3.0
25$3,1,11,4,15,15,8,2,13,6,2,5,16,12,10,8$3.0
26$3,1,11,4,15,15,8,2,13,6,2,5,16,12,10,3$3.0
27$3,1,11,4,15,15,8,2,13,6,1,5,16,12,10,8$3.0
28$3,1,11,4,15,15,8,2,13,6,2,5,16,12,10,8$3.0
29$3,1,11,4,15,15,8,2,13,6,2,5,16,12,10,3$3.0
30$3,7,11,4,15,15,8,2,13,6,2,5,16,12,10,8$3.0
31$3,1,11,4,15,15,8,2,13,6,2,5,16,12,10,8$3.0
32$3,1,11,4,15,15,8,2,13,6,2,5,16,12,10,3$3.0
33$3,1,11,4,15,15,8,2,13,6,2,5,16,12,10,3$3.0
34$3,1,11,4,15,15,8,2,13,6,2,5,16,12,10,3$3.0
35$3,1,11,4,15,15,8,2,13,6,2,5,16,12,10,3$3.0
36$3,1,11,4,15,15,8,2,13,6,1,5,16,12,10,8$3.0
37$3,1,11,4,15,15,8,2,13,6,2,5,16,12,10,3$3.0
38$3,1,11,4,15,15,8,2,13,6,2,5,16,12,10,8$3.0
39$3,1,11,9,2,15,8,2,13,6,1,5,16,14,10,7$2.0
39$3,1,11,9,2,15,8,2,13,6,1,5,16,14,10,7$2.0
40$3,1,11,9,15,15,8,2,13,6,1,5,16,12,10,8$3.0
41$3,1,11,4,15,15,8,2,13,6,1,5,16,12,10,8$3.0
42$3,1,11,4,15,15,8,2,13,6,2,5,16,12,10,3$3.0
43$3,1,11,4,15,15,8,2,13,6,2,5,16,12,10,8$3.0
44$3,1,11,4,15,15,8,2,13,6,2,5,16,12,10,3$3.0
45$3,1,11,9,15,15,8,2,13,6,1,5,16,12,10,8$3.0
46$3,1,11,9,15,15,4,2,13,6,1,5,16,12,10,8$2.0
47$3,1,11,9,15,15,4,2,13,6,1,5,16,12,10,8$2.0
48$3,1,11,9,15,15,4,2,13,6,1,5,16,12,10,8$2.0
49$3,1,11,9,15,15,4,2,13,6,1,5,16,12,10,8$2.0
50$8,1,11,9,15,15,4,2,13,6,1,5,16,12,10,3$2.0
51$3,1,11,4,15,15,8,2,13,6,1,5,16,12,10,8$3.0
52$3,7,11,4,15,15,8,2,13,6,2,5,16,12,10,3$3.0
53$3,1,11,4,15,15,8,2,13,6,1,5,16,12,10,8$3.0
54$3,9,11,4,15,15,8,2,13,6,1,5,16,12,10,8$2.0
55$3,7,11,4,15,15,8,2,13,6,1,5,16,12,10,8$2.0
56$3,1,11,9,15,15,4,2,13,6,1,5,16,12,10,8$2.0
57$3,7,11,4,15,15,8,2,13,6,1,5,16,12,10,8$2.0
58$3,7,11,4,15,15,8,2,13,6,1,5,16,12,10,8$2.0
59$3,1,11,9,15,15,8,2,13,6,1,5,16,12,10,7$2.0
60$3,7,11,4,15,15,8,2,13,6,1,5,16,12,10,8$2.0
61$3,7,11,11,15,15,4,2,13,6,1,5,16,12,10,8$2.0
62$3,7,11,4,15,15,8,2,13,6,1,5,16,12,10,8$2.0
63$3,7,11,4,15,15,8,2,13,6,1,5,16,12,10,8$2.0
64$3,7,11,4,2,15,8,2,13,9,1,5,16,12,10,8$2.0
65$3,7,11,4,15,15,8,2,13,9,1,5,16,12,10,8$2.0
66$3,7,11,4,15,15,8,2,13,6,1,5,16,12,10,8$2.0
67$3,7,11,4,15,15,8,2,13,6,1,5,16,12,10,8$2.0
68$3,7,11,4,15,15,8,2,13,6,1,5,16,12,10,8$2.0
69$3,7,11,4,15,15,8,2,13,6,1,5,16,12,10,8$2.0
70$3,7,11,4,15,15,8,2,13,9,1,5,16,12,10,8$2.0
71$3,7,11,4,15,15,8,2,13,6,1,5,16,12,10,3$2.0
72$3,7,11,4,15,15,4,2,13,9,1,5,16,12,10,8$2.0
73$3,7,11,4,15,15,4,2,13,9,1,5,16,12,10,8$2.0
74$3,7,11,4,15,15,4,2,13,9,1,5,16,12,10,8$2.0
75$3,7,11,4,15,15,8,2,13,6,1,5,16,12,10,8$2.0
76$3,7,11,4,15,15,8,2,13,6,1,5,16,12,10,8$2.0
77$3,7,11,4,15,15,8,2,13,6,1,5,16,12,10,8$2.0
78$3,7,11,4,15,15,8,2,13,6,1,5,16,12,10,7$2.0
79$3,7,11,4,15,15,8,2,13,6,1,5,16,12,10,8$2.0
80$3,7,11,4,15,15,4,2,13,6,1,5,16,12,10,8$2.0
81$3,7,11,4,15,15,8,2,13,6,1,5,16,12,10,8$2.0
82$3,7,11,4,15,12,8,2,13,6,1,5,16,12,10,8$2.0
83$3,7,11,4,15,5,8,2,13,6,1,5,16,12,10,8$2.0
84$3,7,11,4,15,12,8,2,13,6,1,5,16,12,10,7$2.0
85$3,7,11,4,15,15,8,2,13,6,1,5,16,12,10,8$2.0
86$3,7,11,4,15,15,4,2,13,9,1,5,16,12,10,8$2.0
87$3,7,11,4,15,15,8,2,13,6,1,5,16,12,10,8$2.0
88$3,7,11,4,15,15,8,2,13,6,1,5,16,12,10,8$2.0
89$3,7,11,4,15,12,8,2,13,6,1,5,16,12,10,8$2.0
90$3,7,11,4,15,15,8,2,13,6,1,5,16,12,10,7$2.0
91$3,7,11,4,15,5,8,2,13,6,1,9,16,12,10,3$1.0
91$3,7,11,4,15,5,8,2,13,6,1,9,16,12,10,3$1.0
92$3,7,11,4,15,15,8,2,13,6,1,5,16,12,10,8$2.0
93$3,7,11,4,15,12,8,2,13,6,1,5,16,12,10,7$2.0
94$3,7,11,4,15,5,8,2,13,6,1,5,16,12,10,8$2.0
95$3,7,11,4,15,15,8,2,13,6,1,5,16,12,10,8$2.0
96$3,7,11,4,15,15,8,2,13,6,1,5,16,12,10,8$2.0
97$3,7,11,4,15,5,8,2,13,6,1,5,16,12,10,8$2.0
98$3,7,11,4,15,15,8,2,13,6,1,5,16,12,10,8$2.0
99$3,7,11,4,15,15,8,2,13,6,1,5,16,12,10,8$2.0
100$3,7,11,4,15,5,8,2,13,6,1,5,16,12,10,8$2.0
101$10,7,11,4,15,12,8,2,13,6,1,5,16,12,10,3$2.0
102$3,7,11,4,15,5,8,2,13,6,1,5,16,12,10,8$2.0
103$3,7,11,4,15,5,8,2,13,6,1,5,16,12,10,3$2.0
104$3,7,11,4,15,5,8,2,13,6,1,9,16,12,10,8$1.0
105$3,7,11,4,15,12,8,2,13,6,1,5,16,12,10,8$2.0
106$3,7,11,4,15,5,8,2,13,6,1,5,16,12,10,8$2.0
107$3,7,11,4,15,5,8,2,13,6,1,9,16,12,10,8$1.0
108$3,7,11,4,15,5,8,2,13,6,1,9,16,12,10,8$1.0
109$3,7,11,4,15,12,8,2,13,6,1,5,16,12,10,8$2.0
110$3,7,11,4,15,13,6,2,13,6,1,5,16,12,10,8$2.0
111$3,7,11,4,15,5,8,2,13,6,1,5,16,12,10,8$2.0
112$3,7,11,4,15,13,6,2,13,6,1,5,16,12,10,8$2.0
113$3,7,11,4,15,13,6,2,13,6,1,5,16,12,10,8$2.0
114$3,7,11,4,15,5,8,2,13,6,1,9,16,12,10,8$1.0
115$3,7,11,4,15,5,8,2,13,6,1,5,16,12,10,8$2.0
116$3,7,11,4,15,15,8,2,13,6,1,5,16,12,10,8$2.0
117$3,7,11,4,15,12,6,2,13,1,1,9,16,12,10,8$2.0
118$3,7,11,4,15,5,8,2,13,6,1,9,16,12,10,8$1.0
119$3,7,11,4,15,5,8,2,13,6,1,9,16,12,10,8$1.0
120$3,7,11,4,15,12,6,2,13,1,1,5,16,12,10,8$2.0
121$14,7,11,4,15,12,6,2,13,1,1,5,16,12,10,8$2.0
122$14,7,11,4,15,12,6,2,13,1,1,5,16,12,10,3$2.0
123$3,7,11,4,15,12,8,2,13,6,1,9,16,5,10,8$1.0
124$3,7,11,4,15,12,6,2,13,6,1,5,16,12,10,8$2.0
125$14,7,11,4,15,12,6,2,13,6,1,9,16,5,10,8$1.0
126$3,7,11,4,15,5,8,2,13,6,1,9,16,12,10,8$1.0
127$3,7,11,4,15,5,8,2,13,6,1,9,16,12,10,8$1.0
128$3,7,11,4,15,5,8,2,13,6,1,9,16,12,10,8$1.0
129$3,7,11,4,15,12,8,2,13,6,1,9,16,12,10,8$2.0
130$3,7,11,4,15,12,16,2,13,6,1,9,16,12,10,8$2.0
131$3,7,11,4,15,12,14,2,13,6,1,5,16,12,10,8$1.0
132$3,7,11,4,15,12,4,2,13,6,1,5,16,12,10,8$2.0
133$14,7,11,4,15,12,6,2,13,6,1,9,16,12,10,8$2.0
134$14,7,11,4,15,12,6,2,13,6,1,9,16,12,10,8$2.0
135$3,7,11,4,15,12,14,2,13,6,1,5,16,1,10,8$1.0
136$3,7,11,4,15,12,14,2,13,6,1,5,16,1,10,8$1.0
137$3,7,11,4,15,12,14,2,13,6,1,5,16,1,10,8$1.0
138$3,7,11,4,15,12,4,2,13,6,1,5,16,12,10,8$2.0
139$3,7,11,4,15,12,6,2,13,6,1,5,16,1,10,8$2.0
140$3,7,11,4,15,12,14,2,13,6,1,5,16,12,10,8$1.0
141$3,7,11,4,15,12,14,2,13,6,1,5,16,12,10,8$1.0
142$3,7,11,4,15,12,4,2,13,6,1,5,16,12,10,8$2.0
143$3,7,11,4,15,12,14,2,13,6,1,5,16,9,4,8$1.0
144$3,7,11,4,15,12,14,2,13,6,1,5,16,9,4,8$1.0
145$3,7,11,4,15,12,14,2,13,6,1,5,16,9,4,8$1.0
146$3,7,11,4,15,12,14,2,13,6,1,5,16,12,10,8$1.0
147$3,7,11,4,15,12,14,2,13,6,1,5,16,12,10,8$1.0
148$3,7,11,4,15,12,14,2,13,6,1,5,16,9,4,8$1.0
149$3,7,11,4,15,12,14,2,13,6,1,5,16,12,10,8$1.0
150$3,7,11,4,15,12,14,2,13,6,1,5,16,1,10,8$1.0
151$3,7,11,4,15,12,14,2,13,6,1,5,16,1,10,8$1.0
152$3,7,11,4,15,12,14,2,13,6,1,5,16,1,10,8$1.0
153$3,7,11,4,15,12,14,2,13,6,1,5,16,1,10,8$1.0
154$3,7,11,4,15,12,14,2,13,6,1,5,16,1,10,8$1.0
155$3,7,11,4,15,12,14,2,13,6,1,5,16,1,10,8$1.0
156$3,7,11,4,15,12,14,2,13,6,1,5,16,1,10,8$1.0
157$3,7,11,4,15,12,14,2,13,6,1,5,16,1,10,8$1.0
158$3,7,11,4,15,12,14,2,13,6,2,5,16,1,10,8$1.0
159$3,7,11,4,15,12,14,2,13,6,8,5,16,1,10,8$1.0
160$3,7,11,4,15,12,14,2,13,6,1,5,16,1,10,8$1.0
161$3,7,11,4,15,12,14,2,13,6,1,5,16,1,10,8$1.0
162$3,7,11,4,15,12,14,2,13,6,12,5,16,1,10,8$1.0
163$3,7,11,4,15,12,14,2,13,6,1,5,16,1,10,8$1.0
164$3,7,11,4,15,12,14,2,13,6,1,5,16,13,10,8$1.0
165$3,7,11,4,15,12,14,2,13,6,1,5,16,1,10,8$1.0
166$3,7,11,4,15,12,14,2,13,6,8,5,16,1,10,8$1.0
167$3,7,11,4,15,12,14,2,13,6,8,5,16,1,10,8$1.0
168$3,7,11,4,15,12,14,2,13,6,8,5,16,1,10,8$1.0
169$3,7,11,4,15,12,14,2,13,6,1,5,16,1,10,8$1.0
170$3,7,11,4,15,12,14,2,13,6,1,5,16,1,10,8$1.0
171$3,7,11,4,15,12,14,2,13,6,1,5,16,1,10,8$1.0
172$3,7,11,4,15,12,14,2,13,6,1,5,16,1,10,8$1.0
173$3,7,11,4,15,12,14,2,13,6,8,5,16,1,10,8$1.0
174$3,7,11,4,15,12,14,2,13,6,1,5,16,1,10,8$1.0
175$3,7,11,4,15,12,14,2,13,6,1,5,16,1,10,8$1.0
176$3,7,11,4,15,12,14,2,13,6,1,5,16,5,10,8$1.0
177$3,7,11,4,15,12,14,2,13,6,1,5,16,1,10,8$1.0
178$3,7,11,4,15,12,14,2,13,6,1,5,16,1,10,8$1.0
179$3,7,11,4,15,12,14,2,13,6,1,5,16,1,10,8$1.0
180$3,7,11,4,15,12,14,2,13,6,1,5,16,1,10,8$1.0
181$3,7,11,4,15,12,14,2,13,6,1,5,16,1,10,8$1.0
182$3,7,11,4,15,12,14,2,13,6,1,5,16,1,10,8$1.0
183$3,7,11,4,15,12,14,2,13,6,1,5,16,1,10,8$1.0
184$3,7,11,4,15,12,14,2,13,9,1,5,16,1,10,8$1.0
185$3,7,11,4,15,12,14,2,13,6,1,5,16,1,10,8$1.0
186$3,7,11,4,15,12,14,2,13,6,1,5,16,12,10,8$1.0
187$3,7,11,4,15,12,14,2,13,6,1,5,16,1,10,8$1.0
188$3,7,11,4,15,12,14,2,13,6,1,5,16,1,10,8$1.0
189$3,7,11,4,15,12,14,2,13,6,1,5,16,12,10,8$1.0
190$3,7,11,4,15,12,14,2,13,6,2,5,16,1,10,8$1.0
191$3,7,11,4,15,12,14,2,13,6,12,5,16,1,10,8$1.0
192$3,7,11,4,15,12,14,2,13,6,1,5,16,1,10,8$1.0
193$3,7,11,4,15,12,14,2,13,6,1,5,16,1,10,8$1.0
194$3,7,11,4,15,12,14,2,13,6,2,5,16,1,10,8$1.0
195$3,7,11,4,15,12,14,2,13,6,1,5,16,1,10,8$1.0
196$3,7,11,4,15,12,14,2,13,6,2,5,16,1,10,8$1.0
197$3,7,11,4,15,12,14,2,13,6,12,5,16,1,10,8$1.0
198$3,7,11,4,15,12,14,2,13,6,1,5,16,1,10,8$1.0
199$3,7,11,4,15,12,14,2,13,6,1,5,16,1,10,8$1.0
200$3,7,11,4,15,12,14,2,13,6,8,5,16,1,10,8$1.0
201$3,7,11,4,15,12,14,2,13,6,1,5,16,13,10,8$1.0
202$3,7,11,4,15,12,14,2,13,6,1,5,16,1,10,8$1.0
203$3,7,11,4,15,12,14,2,13,6,1,5,16,1,10,8$1.0
204$3,7,11,4,15,12,14,2,13,6,1,5,16,1,10,8$1.0
205$3,7,11,4,15,12,14,2,13,6,1,5,16,1,10,8$1.0
206$3,7,11,4,15,12,14,2,13,6,1,5,16,1,10,8$1.0
207$3,7,11,4,15,12,14,2,13,6,1,5,16,1,10,8$1.0
208$3,7,11,4,15,12,14,2,13,6,1,5,16,13,10,8$1.0
209$3,7,11,4,15,12,14,2,13,6,1,5,16,1,10,8$1.0
210$3,7,11,4,15,12,14,2,13,6,1,5,16,1,10,8$1.0
211$3,7,11,4,15,12,14,2,13,6,1,5,16,13,10,8$1.0
212$3,7,11,4,15,12,14,2,13,6,1,5,16,1,10,8$1.0
213$3,7,11,4,15,12,14,2,13,6,1,5,16,13,10,8$1.0
214$3,7,11,4,15,12,14,2,13,6,1,5,16,1,10,8$1.0
215$3,7,11,4,15,12,14,2,13,6,1,5,16,1,10,8$1.0
216$3,7,11,4,15,12,14,2,13,6,1,5,16,13,10,8$1.0
217$3,7,11,4,15,12,14,2,13,6,1,5,16,1,10,8$1.0
218$3,7,11,4,15,12,14,2,13,6,1,5,16,1,10,8$1.0
219$3,7,11,4,15,12,14,2,13,6,1,5,16,1,10,8$1.0
220$3,7,11,4,15,12,14,2,13,6,1,5,16,1,10,8$1.0
221$3,7,11,4,15,12,14,2,13,6,1,5,16,13,10,8$1.0
222$3,7,11,4,15,12,14,2,13,6,1,5,16,13,10,8$1.0
223$3,7,11,4,15,12,14,2,13,6,1,5,16,13,10,8$1.0
224$3,7,11,4,15,12,14,2,13,6,1,5,16,1,10,8$1.0
225$3,7,11,4,15,12,14,2,13,6,1,5,16,13,10,8$1.0
226$3,7,11,4,15,12,14,2,13,6,1,5,16,13,10,8$1.0
227$3,7,11,4,15,12,14,2,13,6,1,5,16,13,10,8$1.0
228$3,7,11,4,15,12,14,2,13,6,1,5,16,13,10,8$1.0
229$3,7,11,4,15,12,14,2,13,6,1,5,16,1,10,8$1.0
230$3,7,11,4,15,12,14,2,13,6,1,5,16,13,10,8$1.0
231$3,7,11,4,15,12,14,2,13,6,1,5,16,13,10,8$1.0
232$3,7,11,4,15,12,14,2,13,6,1,5,16,1,10,8$1.0
233$3,7,11,4,15,12,14,2,13,6,1,5,16,13,10,8$1.0
234$3,7,11,4,15,12,14,2,13,6,1,5,16,13,10,8$1.0
235$3,7,11,4,15,12,14,2,13,6,1,5,16,13,10,8$1.0
236$3,7,11,4,15,12,14,2,13,6,1,5,16,1,10,8$1.0
237$3,7,11,4,15,12,14,2,13,6,1,5,16,13,10,8$1.0
238$3,7,11,4,15,12,14,2,13,6,1,5,16,13,10,8$1.0
239$3,7,11,4,15,12,14,2,13,6,1,5,16,13,10,8$1.0
240$3,7,11,4,15,12,14,2,13,6,1,5,16,13,10,8$1.0
241$3,7,11,4,15,12,14,2,13,6,1,5,16,1,10,8$1.0
242$3,7,11,4,15,12,14,2,13,6,1,5,16,13,10,8$1.0
243$3,7,11,4,15,12,14,2,13,6,1,5,16,13,10,8$1.0
244$3,7,11,4,15,12,14,2,13,6,1,5,16,1,10,8$1.0
245$3,7,11,4,15,12,14,2,13,6,1,5,16,13,10,8$1.0
246$3,7,11,4,15,12,14,2,13,6,1,5,16,1,10,8$1.0
247$3,7,11,4,15,12,14,2,10,6,1,5,16,13,10,8$1.0
248$3,7,11,4,15,12,14,2,13,6,1,5,16,1,10,8$1.0
249$3,7,11,4,15,12,14,2,13,6,1,5,16,1,10,8$1.0
250$3,7,11,4,15,12,14,2,13,6,1,5,16,13,10,8$1.0
251$3,7,11,4,15,12,14,2,13,6,1,5,16,13,10,8$1.0
252$3,7,11,4,15,12,14,2,13,6,1,5,16,1,10,8$1.0
253$3,7,11,4,15,12,14,2,13,6,1,5,16,13,10,8$1.0
254$3,7,11,4,15,12,14,2,13,6,1,5,16,13,10,8$1.0
255$3,7,11,4,15,12,14,2,13,6,1,5,16,13,10,8$1.0
256$3,7,11,4,15,12,14,2,13,6,1,5,16,13,10,8$1.0
257$3,7,11,4,15,12,14,2,13,6,1,5,16,13,10,8$1.0
258$3,7,11,4,15,12,14,2,13,6,1,5,16,13,10,8$1.0
259$3,7,11,4,15,12,14,2,13,6,1,5,16,13,10,8$1.0
260$3,7,11,4,15,12,14,2,13,6,1,5,16,13,10,8$1.0
261$3,7,11,4,15,12,14,2,13,6,1,5,16,1,10,8$1.0
262$3,7,11,4,15,12,14,2,10,6,1,5,16,13,10,8$1.0
263$3,7,11,4,15,12,14,2,13,6,1,5,16,13,10,8$1.0
264$3,7,11,4,15,12,14,2,13,6,1,5,16,13,10,8$1.0
265$3,7,11,4,15,12,14,2,13,6,1,5,16,13,10,8$1.0
266$3,7,11,4,15,12,14,2,13,6,1,5,16,13,10,8$1.0
267$3,7,11,4,15,12,14,2,13,6,1,5,16,13,10,8$1.0
268$3,7,11,4,15,12,14,2,13,6,1,5,16,13,10,8$1.0
269$3,7,11,4,15,12,14,2,13,6,1,5,16,13,10,8$1.0
270$3,7,11,4,15,12,14,2,13,6,1,5,16,13,10,8$1.0
271$3,7,11,4,15,12,14,2,13,6,1,5,16,13,10,8$1.0
272$3,7,11,4,15,12,14,2,13,6,1,5,16,13,10,8$1.0
273$3,7,11,4,15,12,14,2,13,6,1,5,16,13,10,8$1.0
274$3,7,11,4,15,12,14,2,13,6,1,5,16,13,10,8$1.0
275$3,7,11,4,15,12,14,2,13,6,1,5,16,13,10,8$1.0
276$3,7,11,4,15,12,14,2,13,6,1,5,16,12,10,8$1.0
277$3,7,11,4,15,5,14,2,13,6,12,1,16,5,10,8$1.0
278$3,7,11,4,15,12,14,2,13,6,1,5,16,13,10,8$1.0
279$3,7,11,4,15,12,14,2,13,6,1,5,16,13,10,8$1.0
280$3,7,11,4,15,12,14,2,13,6,1,5,16,13,10,8$1.0
281$3,7,11,4,15,12,14,2,13,6,1,5,16,5,10,8$1.0
282$3,7,11,4,15,12,14,2,13,6,1,5,16,5,10,8$1.0
283$3,7,11,4,15,12,14,2,13,6,1,5,16,13,10,8$1.0
284$3,7,11,4,15,12,14,2,13,6,1,5,16,12,10,8$1.0
285$3,7,11,4,15,12,14,2,13,6,1,5,16,13,10,8$1.0
286$3,7,11,4,15,12,14,2,13,6,1,5,16,1,10,8$1.0
287$3,7,11,4,15,12,14,2,13,6,1,5,16,12,10,8$1.0
288$3,7,11,4,15,12,14,2,13,6,1,5,16,12,10,8$1.0
289$3,7,11,4,15,12,14,2,13,6,1,5,16,13,10,8$1.0
290$3,7,11,4,15,12,14,2,13,6,1,5,16,13,10,8$1.0
291$3,7,11,4,15,12,14,2,13,6,1,5,16,13,10,8$1.0
292$3,7,11,4,15,12,14,2,13,6,1,5,16,13,10,8$1.0
293$3,7,11,4,15,12,14,2,13,6,1,5,16,1,10,8$1.0
294$3,7,11,4,15,12,14,2,13,6,1,5,16,13,10,8$1.0
295$3,7,11,4,15,12,14,2,13,6,1,5,16,13,10,8$1.0
296$3,7,11,4,15,12,14,2,13,6,1,5,16,13,10,8$1.0
297$3,7,11,4,15,12,14,2,13,6,1,5,16,13,10,8$1.0
298$3,7,11,4,15,12,14,2,13,6,1,5,16,13,10,8$1.0
299$3,7,11,4,15,12,14,2,13,6,1,5,16,12,10,8$1.0
300$3,7,11,4,15,12,14,2,13,6,1,5,16,12,10,8$1.0
301$3,7,11,4,15,12,14,2,13,6,1,5,16,13,10,8$1.0
302$3,7,11,4,15,12,14,2,13,9,1,5,16,12,10,8$1.0
303$3,7,11,4,15,12,14,2,13,6,1,5,16,13,10,8$1.0
304$3,7,11,4,15,12,14,2,13,6,1,5,16,12,10,8$1.0
305$3,7,11,4,15,12,14,2,13,6,1,5,16,13,10,8$1.0
306$3,7,11,4,15,12,14,2,13,6,1,5,16,13,10,8$1.0
307$3,7,11,4,15,12,14,2,13,6,1,5,16,12,10,8$1.0
308$3,7,11,4,15,12,14,2,13,6,1,5,16,12,10,8$1.0
309$3,7,11,4,15,12,14,2,13,6,1,5,16,13,10,8$1.0
310$3,7,11,4,15,12,14,2,13,6,1,5,16,13,10,8$1.0
311$3,7,11,4,15,12,14,2,13,6,1,5,16,13,10,8$1.0
312$3,7,11,4,15,12,14,2,13,6,1,5,16,13,10,8$1.0
313$3,7,11,4,15,12,14,2,13,6,1,5,16,12,10,8$1.0
314$3,7,11,4,15,12,14,2,13,6,1,5,16,13,10,8$1.0
315$3,7,11,4,15,12,14,2,13,6,1,5,16,13,10,8$1.0
316$3,7,11,4,15,12,14,2,13,6,1,5,16,9,13,8$1.0
317$3,7,11,4,15,12,14,2,13,6,1,5,16,13,10,8$1.0
318$3,7,11,4,15,12,14,2,10,6,1,5,16,13,10,8$1.0
319$3,7,11,4,15,12,14,2,10,6,1,5,16,13,10,8$1.0
320$3,7,11,4,15,12,14,2,13,6,1,5,16,13,10,8$1.0
321$3,7,11,4,15,12,14,2,13,6,1,5,16,5,10,8$1.0
322$3,7,11,4,15,12,14,2,6,6,1,5,16,13,10,8$1.0
323$3,7,11,4,15,12,14,2,13,6,1,5,16,13,10,8$1.0
324$3,7,11,4,15,12,14,2,13,6,1,5,16,9,13,8$1.0
325$3,7,11,4,15,12,14,2,13,6,1,5,16,9,13,8$1.0
326$3,7,11,4,15,12,14,2,13,6,1,5,16,9,13,8$1.0
327$3,7,11,4,15,12,14,2,13,6,1,5,16,5,10,8$1.0
328$3,7,11,4,15,12,14,2,13,6,1,5,16,5,10,8$1.0
329$3,7,11,4,15,12,14,2,13,6,1,5,16,5,10,8$1.0
330$3,7,11,4,15,12,14,2,13,6,1,5,16,9,13,8$1.0
331$3,7,11,4,15,12,14,2,13,6,1,5,16,5,10,8$1.0
332$3,7,11,4,15,12,14,2,13,6,1,5,16,5,10,8$1.0
333$3,7,11,4,15,12,14,2,13,6,1,5,16,5,10,8$1.0
334$3,7,11,4,15,12,14,2,13,6,1,5,16,5,10,8$1.0
335$3,7,11,4,15,12,14,2,13,6,1,5,16,9,13,8$1.0
336$3,7,11,4,15,5,14,2,13,6,1,5,16,12,10,8$1.0
337$3,7,11,4,15,12,14,2,13,6,1,5,16,5,10,8$1.0
338$3,7,11,4,15,5,14,2,13,6,1,5,16,12,10,8$1.0
339$3,7,11,4,15,12,14,2,13,6,1,5,16,5,10,8$1.0
340$3,7,11,4,15,12,14,2,13,6,1,5,16,5,10,8$1.0
341$3,7,11,4,15,12,14,2,13,6,1,5,16,12,10,8$1.0
342$3,7,11,4,15,12,14,2,13,6,1,5,16,5,10,8$1.0
343$3,7,11,4,15,12,14,2,13,6,1,5,16,5,10,8$1.0
344$3,7,11,4,15,12,14,2,13,6,1,5,16,5,10,8$1.0
345$3,7,11,4,15,12,14,2,13,6,1,1,16,5,10,8$1.0
346$3,7,11,4,15,12,14,2,13,6,1,1,16,5,10,8$1.0
347$3,7,11,4,15,12,14,2,13,6,1,5,16,5,10,8$1.0
348$3,7,11,4,15,12,14,2,13,6,1,5,16,5,10,8$1.0
349$3,7,11,4,15,12,14,2,13,6,1,5,16,5,10,8$1.0
350$3,7,11,4,15,12,14,2,13,6,1,5,16,5,10,8$1.0
351$3,7,11,4,15,12,14,2,13,6,1,5,16,5,10,8$1.0
352$3,7,11,4,15,12,14,2,13,6,1,5,16,5,10,8$1.0
353$3,7,11,4,15,12,14,2,13,6,1,5,16,5,10,8$1.0
354$3,7,11,4,15,12,14,2,13,6,1,5,16,5,10,8$1.0
355$3,7,11,4,15,12,14,2,13,6,1,5,16,5,10,8$1.0
356$3,7,11,4,15,12,14,2,13,6,1,5,16,5,10,8$1.0
357$3,7,11,4,15,12,14,2,13,6,1,5,16,5,10,8$1.0
358$3,7,11,4,15,12,14,2,13,6,1,5,16,5,10,8$1.0
359$3,7,11,4,15,12,14,2,13,6,1,5,16,5,10,8$1.0
360$3,7,11,4,15,12,14,2,13,6,1,5,16,5,10,8$1.0
361$3,7,11,4,15,12,14,2,13,6,1,5,16,5,10,8$1.0
362$3,7,11,4,15,12,14,2,13,6,1,5,16,5,10,8$1.0
363$3,7,11,4,15,12,14,2,13,6,1,5,16,5,10,8$1.0
364$3,7,11,4,15,12,14,2,13,6,1,5,16,5,10,8$1.0
365$3,7,11,4,15,12,14,2,13,6,1,5,16,5,10,8$1.0
366$3,7,11,4,15,12,14,2,13,6,1,5,16,5,10,8$1.0
367$3,7,11,4,15,12,14,2,13,6,1,5,16,5,10,8$1.0
368$3,7,11,4,15,12,14,2,13,6,1,5,16,1,10,8$1.0
369$3,7,11,4,15,12,14,2,13,6,1,5,16,5,10,8$1.0
370$3,7,11,4,15,12,14,2,13,6,1,5,16,13,10,8$1.0
371$3,7,11,4,15,12,14,2,13,6,1,5,16,5,10,8$1.0
372$3,7,11,4,15,12,14,2,13,6,1,5,16,5,10,8$1.0
373$3,7,11,4,15,12,14,2,13,6,1,5,16,5,10,8$1.0
374$3,7,11,4,15,12,14,2,13,6,1,5,16,5,10,8$1.0
375$3,7,11,4,15,12,14,2,13,6,1,5,16,5,10,8$1.0
376$3,7,11,4,15,12,14,2,13,6,1,5,16,13,10,8$1.0
377$3,7,11,4,15,12,14,2,13,6,1,5,16,5,10,8$1.0
378$3,7,11,4,15,12,14,2,13,6,8,5,16,1,10,8$1.0
379$3,7,11,4,15,12,14,2,13,6,1,5,16,5,10,8$1.0
380$3,7,11,4,15,12,14,2,13,6,1,5,16,5,10,8$1.0
381$3,7,11,4,15,12,14,2,13,6,8,5,16,1,10,8$1.0
382$3,7,11,4,15,12,14,2,13,6,1,5,16,5,10,8$1.0
383$3,7,11,4,15,12,14,2,13,6,1,5,16,5,10,8$1.0
384$3,7,11,4,15,12,14,2,13,6,1,5,16,13,10,8$1.0
385$3,7,11,4,15,12,14,2,13,6,1,5,16,5,10,8$1.0
386$3,7,11,4,15,12,14,2,13,6,2,5,16,1,10,8$1.0
387$3,7,11,4,15,12,14,2,13,9,1,5,16,1,10,8$1.0
388$3,7,11,4,15,12,14,2,13,6,8,5,16,1,10,8$1.0
389$3,7,11,4,15,12,14,2,13,6,8,5,16,1,10,8$1.0
390$3,7,11,4,15,12,14,2,13,6,1,5,16,1,10,8$1.0
391$3,7,11,4,15,12,14,2,13,6,8,5,16,1,10,8$1.0
392$3,7,11,4,15,12,14,2,13,6,1,5,16,1,10,8$1.0
393$3,7,11,4,15,12,14,2,13,6,8,5,16,1,10,8$1.0
394$3,7,11,4,15,12,14,2,13,6,8,5,16,1,10,8$1.0
395$3,7,11,4,15,12,14,2,13,6,8,5,16,1,10,8$1.0
396$3,7,11,4,15,12,14,2,13,6,1,5,16,1,10,8$1.0
397$3,7,11,4,15,12,14,2,13,6,2,5,16,1,10,8$1.0
398$3,7,11,4,15,12,14,2,13,6,2,5,16,1,10,8$1.0
399$3,7,11,4,15,12,14,2,13,6,8,5,16,1,10,8$1.0
400$3,7,11,4,15,12,14,2,13,6,2,5,16,1,10,8$1.0
401$3,7,11,4,15,12,14,2,13,6,8,5,16,1,10,8$1.0
402$3,7,11,4,15,12,14,2,13,6,8,5,16,1,10,8$1.0
403$3,7,11,4,15,12,14,2,13,6,8,5,16,1,10,8$1.0
404$3,7,11,4,15,12,14,2,13,6,8,5,16,1,10,8$1.0
405$3,7,11,4,15,12,14,2,13,6,12,5,16,1,10,8$1.0
406$3,7,11,4,15,12,14,2,13,6,8,5,16,1,10,14$1.0
407$3,7,11,4,15,12,14,2,13,6,8,5,16,1,10,8$1.0
408$3,7,11,4,15,12,14,2,13,6,8,5,16,1,10,14$1.0
409$3,7,11,4,15,12,14,2,13,6,8,5,16,1,10,8$1.0
410$3,7,11,4,15,12,14,2,13,6,8,5,16,1,10,8$1.0
411$3,7,11,4,15,12,14,2,13,6,8,5,16,1,10,8$1.0
412$3,7,11,4,15,12,14,2,13,6,12,5,16,1,10,8$1.0
413$3,7,11,4,15,12,14,2,13,6,12,5,16,1,10,8$1.0
414$3,7,11,4,15,12,14,2,13,6,8,5,16,1,10,8$1.0
415$3,7,11,4,15,12,14,2,13,6,12,5,16,1,10,8$1.0
416$3,7,11,4,15,12,14,2,13,6,8,5,16,1,10,7$1.0
417$3,7,11,4,15,12,14,2,13,6,8,5,16,1,10,8$1.0
418$3,7,11,4,15,12,14,2,13,6,8,5,16,1,10,8$1.0
419$3,7,11,4,15,12,14,2,13,6,8,5,16,1,10,8$1.0
420$3,7,11,4,15,12,14,2,13,6,8,5,16,1,10,7$1.0
421$3,7,11,4,15,12,14,2,13,6,8,5,16,1,10,7$1.0
422$3,7,11,4,15,12,14,2,13,6,8,5,16,1,10,15$1.0
423$3,7,11,4,15,12,14,2,13,6,8,5,16,1,10,7$1.0
424$3,3,11,4,15,12,14,2,13,6,8,5,16,1,10,7$1.0
425$3,7,11,4,15,12,14,2,13,6,8,5,16,1,10,15$1.0
426$3,7,11,4,15,12,14,2,13,6,8,5,16,1,10,7$1.0
427$3,7,11,4,15,12,14,2,13,6,8,5,16,1,10,15$1.0
428$3,7,11,4,15,12,14,2,13,6,8,5,16,1,10,7$1.0
429$3,7,11,4,15,12,14,2,13,6,8,5,16,1,10,7$1.0
430$3,7,11,4,15,12,14,2,13,6,8,5,16,1,10,8$1.0
431$3,7,11,4,15,12,14,2,13,6,8,5,16,1,10,8$1.0
432$3,7,11,4,15,12,14,2,13,6,8,5,16,1,10,8$1.0
433$3,7,11,4,15,12,14,2,13,6,8,5,16,1,10,8$1.0
434$3,7,11,4,15,12,14,2,13,6,8,5,16,1,10,15$1.0
435$3,7,11,4,15,12,14,2,13,6,8,5,16,1,10,15$1.0
436$3,7,11,4,15,12,14,2,13,6,8,5,16,1,10,8$1.0
437$3,7,11,4,15,12,14,2,13,6,8,5,16,1,10,15$1.0
438$3,7,11,4,15,12,14,2,13,6,8,5,16,1,10,8$1.0
439$3,7,11,4,15,12,14,2,13,6,12,5,16,1,10,8$1.0
440$3,7,11,4,15,12,14,2,13,6,12,5,16,1,10,8$1.0
441$3,7,11,4,15,12,14,2,13,6,8,5,16,1,10,8$1.0
442$3,7,11,4,15,12,14,2,13,6,1,5,16,1,10,8$1.0
443$3,7,11,4,15,12,14,2,13,6,12,5,16,1,10,8$1.0
444$3,7,11,4,15,12,14,2,13,6,12,5,16,1,10,8$1.0
445$3,7,11,4,15,12,14,2,13,6,8,5,16,1,10,7$1.0
446$3,7,11,4,15,12,14,2,13,6,8,5,16,1,10,8$1.0
447$3,7,11,4,15,12,14,2,13,6,12,5,16,1,10,8$1.0
448$3,1,11,4,15,12,14,2,13,6,8,5,16,1,10,7$1.0
449$3,7,11,4,15,12,14,2,13,6,12,5,16,1,10,8$1.0
450$3,7,11,4,15,12,14,2,13,6,8,5,16,1,10,8$1.0
451$3,7,11,4,15,12,14,2,13,6,12,5,16,1,10,8$1.0
452$3,7,11,4,15,12,14,2,13,6,12,5,16,1,10,8$1.0
453$3,7,11,4,15,12,14,2,13,6,8,5,16,1,10,8$1.0
454$3,7,11,4,15,12,14,2,13,6,8,5,16,1,10,7$1.0
455$3,7,11,4,15,12,14,2,13,6,8,5,16,1,10,7$1.0
456$3,7,11,4,15,12,14,2,13,6,8,5,16,1,10,7$1.0
457$3,3,11,4,15,12,14,2,13,6,8,5,16,1,10,7$1.0
458$3,7,11,4,15,12,14,2,13,6,8,5,16,1,10,7$1.0
459$3,7,11,4,15,12,14,2,13,6,8,5,16,1,10,7$1.0
460$3,7,11,4,15,12,14,2,13,6,8,5,16,1,10,7$1.0
461$3,7,11,4,15,12,14,2,13,6,8,5,16,1,10,7$1.0
462$3,7,11,4,15,12,14,2,13,6,8,5,16,1,10,7$1.0
463$3,7,11,4,15,12,14,2,13,6,8,5,16,1,10,7$1.0
464$3,7,11,4,15,12,14,2,13,6,8,5,16,1,10,7$1.0
465$3,7,11,4,15,12,14,2,13,6,8,5,16,1,10,7$1.0
466$3,11,11,4,15,12,14,2,13,6,8,5,16,1,10,7$1.0
467$3,7,11,4,15,12,14,2,13,6,8,5,16,1,10,7$1.0
468$3,7,11,4,15,12,14,2,13,6,8,5,16,1,10,7$1.0
469$3,7,11,4,15,12,14,2,13,6,8,5,16,1,10,7$1.0
470$3,7,11,4,15,12,14,2,13,6,8,5,16,1,10,7$1.0
471$3,9,11,4,15,12,6,2,13,6,8,5,16,1,10,7$1.0
472$3,1,11,9,15,12,14,2,13,6,8,5,16,1,10,7$1.0
473$3,7,11,4,15,12,14,2,13,6,8,5,16,1,10,7$1.0
474$3,11,11,4,15,12,14,2,13,6,8,5,16,1,10,7$1.0
475$3,7,11,4,15,12,14,2,13,6,8,5,16,1,10,8$1.0
476$3,1,11,9,15,12,14,2,13,6,8,5,16,1,10,7$1.0
477$3,7,11,4,15,12,14,2,13,6,8,5,16,1,10,8$1.0
478$3,7,11,4,15,12,14,2,13,6,8,5,16,1,10,7$1.0
479$3,7,11,4,15,12,14,2,13,6,8,5,16,1,10,7$1.0
480$3,7,11,4,15,12,14,2,13,6,8,5,16,1,10,7$1.0
481$3,7,11,4,15,12,14,2,13,6,8,5,16,1,10,8$1.0
482$3,7,11,4,15,12,14,2,13,6,8,5,16,1,10,8$1.0
483$3,7,11,4,15,12,14,2,13,6,8,5,16,1,10,7$1.0
484$3,1,11,4,15,12,14,2,13,6,8,5,16,1,10,7$1.0
485$3,7,11,4,15,12,14,2,13,6,8,5,16,1,10,7$1.0
486$3,7,11,4,15,12,14,2,13,6,8,5,16,1,10,8$1.0
487$3,7,11,4,15,12,14,2,13,6,8,5,16,1,10,7$1.0
488$3,7,11,4,15,12,14,2,13,6,8,5,16,1,10,7$1.0
489$3,7,11,4,15,12,14,2,13,6,8,5,16,1,10,8$1.0
490$3,1,11,4,15,12,14,2,13,6,8,5,16,1,10,7$1.0
491$3,7,11,4,15,12,14,2,13,6,8,5,16,1,10,7$1.0
492$3,7,11,4,15,12,14,2,13,6,8,5,16,1,10,7$1.0
493$3,7,11,4,15,12,14,2,13,6,8,5,16,1,10,7$1.0
494$3,7,11,4,15,12,14,2,13,6,8,5,16,1,10,15$1.0
495$3,7,11,4,15,12,14,2,13,6,8,5,16,1,10,8$1.0
496$3,7,11,4,15,12,14,2,13,6,8,5,16,1,10,7$1.0
497$3,7,11,4,15,12,14,2,13,6,8,5,16,1,10,7$1.0
498$3,7,11,4,15,12,14,2,13,6,8,5,16,1,10,8$1.0
499$3,7,11,4,15,12,14,2,13,6,8,5,16,1,10,7$1.0
500$3,7,11,4,15,12,14,2,13,6,8,5,16,1,10,7$1.0
501$3,1,11,9,15,12,14,2,13,6,8,5,16,1,10,7$1.0
502$3,7,11,4,15,12,14,2,13,6,8,5,16,1,10,7$1.0
503$3,7,11,4,15,12,14,2,13,6,8,5,16,1,10,7$1.0
504$3,11,11,4,15,12,14,2,13,6,8,5,16,1,10,7$1.0
505$3,7,11,4,15,12,14,2,13,6,8,5,16,1,10,7$1.0
506$3,7,11,4,15,12,14,2,13,6,8,5,16,1,10,7$1.0
507$3,7,11,4,15,12,14,2,13,6,1,5,16,1,10,8$1.0
508$3,7,11,4,15,12,14,2,13,6,8,5,16,1,10,8$1.0
509$3,7,11,4,15,12,14,2,13,6,8,5,16,1,10,8$1.0
510$3,7,11,4,15,12,14,2,13,6,8,5,16,1,10,7$1.0
511$3,7,11,4,15,12,14,2,13,6,8,5,16,1,10,7$1.0
512$3,7,11,4,15,12,14,2,13,6,8,5,16,1,10,8$1.0
513$3,7,11,4,15,12,14,2,13,6,8,5,16,1,10,7$1.0
514$3,7,11,4,15,12,14,2,13,6,8,5,16,1,10,8$1.0
515$3,7,11,4,15,12,14,2,13,6,8,5,16,1,10,7$1.0
516$3,7,11,4,15,12,14,2,13,6,8,5,16,1,10,8$1.0
517$3,7,11,4,15,12,14,2,13,6,8,5,16,1,10,7$1.0
518$3,7,11,4,15,12,14,2,13,6,8,5,16,1,10,8$1.0
519$3,7,11,4,15,12,14,2,13,6,12,5,16,1,10,8$1.0
520$3,7,11,4,15,12,14,2,13,6,8,5,16,1,10,8$1.0
521$3,7,11,4,15,12,14,2,13,6,8,5,16,1,10,7$1.0
522$3,7,11,4,15,12,14,2,13,6,8,5,16,1,10,8$1.0
523$3,7,11,4,15,12,14,2,13,6,8,5,16,1,10,8$1.0
524$3,7,11,4,15,12,14,2,13,6,8,5,16,1,10,8$1.0
525$3,7,11,4,15,12,14,2,13,6,8,5,16,1,10,8$1.0
526$3,7,11,4,15,12,14,2,13,6,8,5,16,1,10,8$1.0
527$3,7,11,4,15,12,14,2,13,6,8,5,16,1,10,8$1.0
528$3,7,11,4,15,12,14,2,13,6,8,5,16,1,10,7$1.0
529$3,7,11,4,15,12,14,2,13,6,8,5,16,1,10,7$1.0
530$3,7,11,4,15,12,14,2,13,6,8,5,16,1,10,8$1.0
531$3,7,11,4,15,12,14,2,13,6,8,5,16,1,10,7$1.0
532$3,7,11,4,15,12,14,2,13,6,8,5,16,1,10,7$1.0
533$3,11,11,4,15,12,14,2,13,6,8,5,16,1,10,7$1.0
534$3,1,11,4,15,12,14,2,13,6,8,5,16,1,10,7$1.0
535$3,7,11,4,15,12,14,2,13,6,8,5,16,1,10,7$1.0
536$3,7,11,4,15,12,14,2,13,6,8,5,16,1,10,7$1.0
537$3,7,11,4,15,12,14,2,13,6,8,5,16,1,10,7$1.0
538$3,11,11,4,15,12,14,2,13,6,8,5,16,1,10,7$1.0
539$3,7,11,4,15,12,14,2,13,6,8,5,16,1,10,7$1.0
540$3,7,11,4,15,12,14,2,13,6,8,5,16,1,10,7$1.0
541$3,7,11,4,15,12,14,2,13,6,8,5,16,1,10,7$1.0
542$3,7,11,4,15,12,14,2,13,6,8,5,16,1,10,7$1.0
543$3,7,11,4,15,12,14,2,13,6,8,5,16,1,10,7$1.0
544$3,7,11,4,15,12,14,2,13,6,8,5,16,1,10,7$1.0
545$3,7,11,4,15,12,14,2,13,6,8,5,16,1,10,7$1.0
546$3,7,11,4,15,12,14,2,13,6,8,5,16,1,10,7$1.0
547$3,7,11,4,15,12,14,2,13,6,8,5,16,1,10,7$1.0
548$3,7,11,4,15,12,14,2,13,6,8,5,16,1,10,7$1.0
549$3,7,11,4,15,12,14,2,13,6,8,5,16,1,10,15$1.0
550$3,7,11,4,15,12,14,2,13,6,8,5,16,1,10,7$1.0
551$3,7,11,4,15,12,14,2,13,6,8,5,16,1,10,7$1.0
552$3,7,11,4,15,12,14,2,13,6,8,5,16,1,10,7$1.0
553$3,7,11,4,15,12,14,2,13,6,8,5,16,1,10,7$1.0
554$3,7,11,4,15,12,14,2,13,6,8,5,16,1,10,7$1.0
555$3,7,11,4,15,12,14,2,13,6,8,5,16,1,10,7$1.0
556$3,7,11,4,15,12,14,2,13,6,8,5,16,1,10,7$1.0
557$3,7,11,4,15,12,14,2,13,6,8,5,16,1,10,7$1.0
558$3,7,11,4,15,12,14,2,13,6,8,5,16,1,10,7$1.0
559$3,7,11,4,15,12,14,2,13,6,8,5,16,1,10,7$1.0
560$3,7,11,4,15,12,14,2,13,6,8,5,16,1,10,15$1.0
561$3,1,11,4,15,12,14,2,13,6,8,5,16,1,10,7$1.0
562$3,7,11,4,15,12,14,2,13,6,8,5,16,1,10,7$1.0
563$3,7,11,4,15,12,14,2,13,6,8,5,16,1,10,7$1.0
564$3,7,11,4,15,12,14,2,13,6,8,5,16,1,10,7$1.0
565$3,1,11,4,15,12,14,2,13,6,8,5,16,1,10,7$1.0
566$3,7,11,4,15,12,14,2,13,6,8,5,16,1,10,7$1.0
567$3,1,11,4,15,12,14,2,13,6,8,5,16,1,10,7$1.0
568$3,1,11,4,15,12,14,2,13,6,8,5,16,1,10,7$1.0
569$3,3,11,4,15,12,14,2,13,6,8,5,16,1,10,7$1.0
570$3,7,11,4,15,12,14,2,13,6,8,5,16,1,10,7$1.0
571$3,1,11,4,15,12,14,2,13,6,8,5,16,1,10,7$1.0
572$3,3,11,4,15,12,14,2,13,6,8,5,16,1,10,7$1.0
573$3,3,11,4,15,12,14,2,13,6,8,5,16,1,10,7$1.0
574$3,1,11,4,15,12,14,2,13,6,8,5,16,1,10,7$1.0
575$3,1,11,4,15,12,14,2,13,6,8,5,16,1,10,7$1.0
576$3,3,11,4,15,12,14,2,13,6,8,5,16,1,10,7$1.0
577$3,1,11,4,15,12,14,2,13,6,8,5,16,1,10,7$1.0
578$3,1,11,4,15,12,14,2,13,6,8,5,16,1,10,7$1.0
579$3,11,11,4,15,12,14,2,13,6,8,5,16,1,10,7$1.0
580$3,3,11,4,15,12,14,2,13,6,8,5,16,1,10,7$1.0
581$3,3,11,4,15,12,14,2,13,6,8,5,16,1,10,7$1.0
582$10,3,11,4,15,12,14,2,13,6,8,5,16,1,10,7$1.0
583$3,3,11,4,15,12,14,2,13,6,8,5,16,1,10,7$1.0
584$3,11,11,4,15,12,14,2,13,6,8,5,16,1,10,7$1.0
585$3,3,11,4,15,12,14,2,13,6,8,5,16,1,10,7$1.0
586$10,3,11,4,15,12,14,2,13,6,8,5,16,1,10,7$1.0
587$3,3,11,4,15,12,14,2,13,6,8,5,16,1,10,7$1.0
588$3,3,11,4,15,12,14,2,13,6,8,5,16,1,10,7$1.0
589$3,1,11,4,15,12,14,2,13,6,8,5,16,1,10,7$1.0
590$10,3,11,4,15,12,14,2,13,6,8,5,16,1,10,7$1.0
591$3,3,11,4,15,12,14,2,13,6,8,5,16,1,10,7$1.0
592$3,3,11,4,15,12,14,2,13,6,8,5,16,1,10,7$1.0
593$3,3,11,4,15,12,14,2,13,6,8,5,16,1,10,7$1.0
594$12,3,11,4,15,5,14,2,13,6,8,5,16,1,10,7$1.0
595$10,3,11,4,15,12,14,2,13,6,8,5,16,1,10,7$1.0
596$3,3,11,4,15,12,14,2,13,6,8,5,16,1,10,7$1.0
597$3,3,11,4,15,12,14,2,13,6,8,5,16,1,10,7$1.0
598$10,3,11,4,15,12,14,2,13,6,8,5,16,1,10,7$1.0
599$10,3,11,4,15,12,14,2,13,6,8,5,16,1,10,7$1.0
600$3,3,11,4,15,12,14,2,13,6,8,5,16,1,10,7$1.0
601$10,3,11,4,15,12,14,2,13,6,8,5,16,1,10,7$1.0
602$10,3,11,4,15,12,14,2,13,6,8,5,16,1,10,7$1.0
603$3,3,11,4,15,12,14,2,13,6,8,5,16,1,10,7$1.0
604$3,3,11,4,15,12,14,2,13,6,8,5,16,1,10,7$1.0
605$3,3,11,4,15,12,14,2,13,6,8,5,16,1,10,7$1.0
606$3,3,11,4,15,12,14,2,13,6,8,5,16,1,10,7$1.0
607$10,3,11,4,15,12,14,2,13,6,8,5,16,1,10,7$1.0
608$3,3,11,4,15,12,14,2,13,6,8,5,16,1,10,7$1.0
609$3,3,11,4,15,12,14,2,13,6,8,5,16,1,10,7$1.0
610$10,3,11,4,15,12,14,2,13,6,8,5,16,1,10,7$1.0
611$10,3,11,4,15,12,14,2,13,6,8,5,16,1,10,7$1.0
612$3,3,11,4,15,12,14,2,13,6,8,5,16,1,10,7$1.0
613$10,3,11,4,15,12,14,2,13,6,8,5,16,1,10,7$1.0
614$10,3,11,4,15,12,14,2,13,6,8,5,16,1,10,7$1.0
615$10,3,11,4,15,12,14,2,13,6,8,5,16,1,10,7$1.0
616$10,3,11,4,15,12,14,2,13,6,8,5,16,1,10,7$1.0
617$3,3,11,4,15,12,14,2,13,6,8,5,16,1,10,7$1.0
618$3,3,11,4,15,12,14,2,13,6,8,5,16,1,10,7$1.0
619$10,3,11,4,15,12,14,2,13,6,8,5,16,1,10,7$1.0
620$3,3,11,4,15,12,14,2,13,6,8,5,16,1,10,7$1.0
621$10,3,11,4,15,12,14,2,13,6,8,5,16,1,13,7$1.0
622$3,3,11,4,15,12,14,2,13,6,8,5,16,1,10,7$1.0
623$10,3,11,4,15,12,14,2,13,6,8,5,16,1,10,7$1.0
624$3,3,11,4,15,12,14,2,13,6,8,5,16,1,10,7$1.0
625$3,3,11,4,15,12,14,2,13,6,8,5,16,1,10,7$1.0
626$10,3,11,4,15,12,14,2,13,6,8,5,16,1,13,7$1.0
627$3,3,11,4,15,12,14,2,13,6,8,5,16,1,10,7$1.0
628$12,3,11,4,15,5,14,2,13,6,8,5,16,1,10,7$1.0
629$3,3,11,4,15,12,14,2,13,6,8,5,16,1,10,7$1.0
630$10,3,11,4,15,12,14,2,13,6,8,5,16,1,10,7$1.0
631$10,3,11,4,15,12,14,2,13,6,8,5,16,1,10,7$1.0
632$3,7,11,4,15,12,14,2,13,6,8,5,16,1,10,7$1.0
633$10,3,11,4,15,12,14,2,13,6,8,5,16,1,10,7$1.0
634$6,3,11,4,15,12,14,2,13,6,8,5,16,1,10,7$1.0
635$10,3,11,4,15,12,14,2,13,6,8,5,16,1,10,7$1.0
636$10,3,11,4,15,12,14,2,13,6,8,5,16,1,10,7$1.0
637$10,3,11,4,15,12,14,2,13,6,8,5,16,1,10,7$1.0
638$3,3,11,4,15,12,14,2,13,6,8,5,16,1,10,7$1.0
639$10,3,11,4,15,12,14,2,13,6,8,5,16,1,10,7$1.0
640$10,3,11,4,15,12,14,2,13,6,8,5,16,1,10,7$1.0
641$10,3,11,4,15,12,14,2,13,6,8,5,16,1,10,7$1.0
642$10,3,11,4,15,12,14,2,13,6,8,5,16,1,10,7$1.0
643$10,3,11,4,15,12,14,2,13,6,8,5,16,1,10,7$1.0
644$10,3,11,4,15,12,14,2,13,6,8,5,16,1,10,7$1.0
645$10,3,11,4,15,12,14,2,13,6,8,5,16,1,10,7$1.0
646$10,3,11,4,15,12,14,2,13,6,8,5,16,1,10,7$1.0
647$10,3,11,4,15,12,14,2,13,6,8,5,16,1,10,7$1.0
648$10,3,11,4,15,12,14,2,13,6,8,5,16,1,10,7$1.0
649$10,3,11,4,15,12,14,2,13,6,8,5,16,1,10,7$1.0
650$10,3,11,9,15,12,14,2,13,6,8,5,16,1,10,7$1.0
651$10,3,11,4,15,12,14,2,13,6,8,5,16,1,10,7$1.0
652$10,3,11,4,15,12,14,2,13,6,8,5,16,1,10,7$1.0
653$10,3,11,4,15,12,14,2,13,6,8,5,16,1,10,7$1.0
654$10,3,11,4,15,12,14,2,13,6,8,5,16,1,10,7$1.0
655$10,3,11,4,15,12,14,2,13,6,8,5,16,1,10,7$1.0
656$10,3,11,4,15,12,14,2,13,6,8,5,16,1,10,7$1.0
657$10,3,11,4,15,12,14,2,13,6,8,5,16,1,10,7$1.0
658$10,3,11,4,15,12,14,2,13,6,8,5,16,1,10,7$1.0
659$10,3,11,4,15,12,14,2,13,6,8,5,16,1,10,7$1.0
660$10,3,11,4,15,12,14,2,13,6,8,5,16,1,10,7$1.0
661$10,3,11,4,15,12,14,2,13,6,8,5,16,1,10,7$1.0
662$10,3,11,4,15,12,14,2,13,6,8,5,16,1,10,7$1.0
663$6,3,11,4,15,12,14,2,13,6,8,5,16,1,10,7$1.0
664$10,3,11,4,15,12,14,2,13,6,8,5,16,1,10,7$1.0
665$10,3,11,4,15,12,14,2,13,6,8,5,16,1,10,7$1.0
666$10,3,11,4,15,12,14,2,13,6,8,5,16,1,10,7$1.0
667$10,3,11,4,15,12,14,2,13,6,8,5,16,1,10,7$1.0
668$10,3,11,4,15,12,14,2,13,6,8,5,16,1,10,7$1.0
669$10,3,11,4,15,12,14,2,13,6,8,5,16,1,10,7$1.0
670$10,3,11,4,15,12,14,2,13,6,8,5,16,1,10,7$1.0
671$10,3,11,4,15,12,14,2,13,6,8,5,16,1,10,7$1.0
672$10,3,11,4,15,12,14,2,13,6,8,5,16,1,10,7$1.0
673$10,3,11,4,15,12,14,2,13,6,8,5,16,1,10,7$1.0
674$3,3,11,4,15,12,14,2,13,6,8,5,16,1,10,7$1.0
675$10,3,11,4,15,12,14,2,13,6,8,5,16,1,10,7$1.0
676$10,3,11,4,15,12,14,2,13,6,8,5,16,1,10,7$1.0
677$10,3,11,4,15,12,14,2,13,6,8,5,16,1,10,7$1.0
678$10,3,11,9,15,12,14,2,13,6,8,5,16,1,10,7$1.0
679$3,3,11,4,15,12,14,2,13,6,8,5,16,1,10,7$1.0
680$3,3,11,4,15,12,14,2,13,6,8,5,16,1,10,7$1.0
681$10,3,11,4,15,12,14,2,13,6,8,5,16,1,10,7$1.0
682$10,3,11,4,15,12,14,2,13,6,8,5,16,1,10,7$1.0
683$10,3,11,4,15,12,14,2,13,6,8,5,16,1,10,7$1.0
684$10,3,11,4,15,12,14,2,13,6,8,5,16,1,10,7$1.0
685$3,3,11,4,15,12,14,2,13,6,8,5,16,1,10,7$1.0
686$10,3,11,9,15,12,14,2,13,6,8,5,16,1,10,7$1.0
687$10,3,11,4,15,12,14,2,13,6,8,5,16,1,10,7$1.0
688$10,3,11,4,15,12,14,2,13,6,8,5,16,1,10,7$1.0
689$10,3,11,4,15,12,14,2,13,6,8,5,16,1,10,7$1.0
690$10,3,11,9,15,12,14,2,13,6,8,5,16,1,10,7$1.0
691$10,3,11,4,15,12,14,2,13,6,8,5,16,1,10,7$1.0
692$10,3,11,4,15,12,14,2,13,6,8,5,16,1,10,7$1.0
693$10,3,11,4,15,12,14,2,13,6,8,5,16,1,13,7$1.0
694$10,3,11,4,15,12,14,2,13,6,8,5,16,1,10,7$1.0
695$10,3,11,4,15,12,14,2,13,6,8,5,16,1,10,7$1.0
696$10,3,11,4,15,12,14,2,13,6,8,5,16,1,10,7$1.0
697$10,3,11,9,4,12,14,2,13,6,8,5,16,1,10,7$1.0
698$10,3,11,4,15,12,14,2,13,6,8,5,16,1,10,7$1.0
699$10,3,11,4,15,12,14,2,13,6,8,5,16,1,10,7$1.0
700$10,3,11,9,15,12,14,2,13,6,8,5,16,1,13,7$1.0
701$10,3,11,9,15,12,14,2,13,6,8,5,16,1,10,7$1.0
702$10,3,11,4,15,12,14,2,13,6,8,5,16,1,10,7$1.0
703$10,3,11,4,15,12,14,2,13,6,8,5,16,1,10,7$1.0
704$10,3,11,9,15,12,14,2,13,6,8,5,16,1,10,7$1.0
705$10,3,11,9,15,12,14,2,13,6,8,5,16,1,10,7$1.0
706$10,3,11,4,15,12,14,2,13,6,8,5,16,1,10,7$1.0
707$10,3,11,9,15,12,14,2,13,6,8,5,16,1,13,7$1.0
708$10,3,11,4,15,12,14,2,13,6,8,5,16,1,13,7$1.0
709$10,3,11,4,15,12,14,2,13,6,8,5,16,1,10,7$1.0
710$10,3,11,9,15,12,14,2,13,6,8,5,16,1,15,7$1.0
711$10,3,11,9,15,12,14,2,13,6,8,5,16,1,15,7$1.0
712$10,3,11,4,15,12,14,2,13,6,8,5,16,1,10,7$1.0
713$10,3,11,9,15,12,14,2,13,6,8,5,16,1,10,7$1.0
714$3,3,11,4,15,12,14,2,13,6,8,5,16,1,10,7$1.0
715$10,3,11,9,15,12,14,2,13,6,8,5,16,1,10,7$1.0
716$3,3,11,9,15,12,14,2,13,6,8,5,16,1,10,7$1.0
717$6,3,11,4,15,12,14,2,13,6,8,5,16,1,10,7$1.0
718$10,3,11,9,15,12,14,2,13,6,8,5,16,1,10,7$1.0
719$10,3,11,9,15,12,14,2,13,6,8,5,16,1,10,7$1.0
720$10,3,11,9,15,12,14,2,13,6,8,5,16,1,10,7$1.0
721$10,3,11,4,15,12,14,2,13,6,8,5,16,1,10,7$1.0
722$10,3,11,9,15,12,14,2,13,6,8,5,16,1,10,7$1.0
723$10,3,11,9,15,12,14,2,13,6,8,5,16,1,10,7$1.0
724$10,3,11,4,15,12,14,2,13,6,8,5,16,1,10,7$1.0
725$10,3,11,4,15,12,14,2,13,6,8,5,16,1,10,7$1.0
726$10,3,11,4,15,12,14,2,13,6,8,5,16,1,10,7$1.0
727$10,3,11,4,15,12,14,2,13,6,8,5,16,1,10,7$1.0
728$10,3,11,9,15,12,14,2,13,6,8,5,16,1,10,7$1.0
729$10,3,11,9,15,12,14,2,13,6,8,5,16,1,10,7$1.0
730$3,11,11,4,15,12,14,2,13,6,8,5,16,1,10,7$1.0
731$3,3,11,9,15,12,14,2,13,6,8,5,16,1,10,7$1.0
732$10,3,11,9,15,12,14,2,13,6,8,5,16,1,10,7$1.0
733$3,3,11,9,15,12,14,2,13,6,8,5,16,1,10,7$1.0
734$1,3,11,9,15,12,14,2,13,6,8,5,16,1,10,7$1.0
735$3,3,11,9,15,12,14,2,13,6,8,5,16,1,10,7$1.0
736$10,3,11,9,15,12,14,2,13,6,8,5,16,1,10,7$1.0
737$10,3,11,9,15,12,14,2,13,6,8,5,16,1,10,7$1.0
738$3,3,11,9,15,12,14,2,13,6,8,5,16,1,10,7$1.0
739$10,3,11,9,15,12,14,2,13,6,8,5,16,1,10,7$1.0
740$1,3,11,9,15,12,14,2,13,6,8,5,16,1,10,7$1.0
741$10,3,11,9,15,12,14,2,13,6,8,5,16,1,10,7$1.0
742$10,3,11,9,15,12,14,2,13,6,8,5,16,1,10,7$1.0
743$10,3,11,9,15,12,14,2,13,6,8,5,16,1,10,7$1.0
744$10,3,11,9,15,12,14,2,13,6,8,5,16,1,10,7$1.0
745$10,3,11,9,15,12,14,2,13,6,8,5,16,1,10,7$1.0
746$10,3,11,9,15,12,14,2,13,6,8,5,16,1,10,7$1.0
747$10,3,11,9,15,12,14,2,13,6,8,5,16,1,10,7$1.0
748$10,3,11,9,15,12,14,2,13,6,8,5,16,1,10,7$1.0
749$10,3,11,9,15,12,14,2,13,6,8,5,16,1,10,7$1.0
750$10,3,11,9,15,12,14,2,13,6,8,5,16,1,10,7$1.0
751$10,3,11,9,15,12,14,2,13,6,8,5,16,1,15,7$1.0
752$10,3,11,9,15,12,14,2,13,6,8,5,16,1,10,7$1.0
753$10,3,11,9,15,12,14,2,13,6,8,5,16,1,10,7$1.0
754$10,3,11,9,15,12,14,2,13,6,8,5,16,1,10,7$1.0
755$10,3,11,9,15,12,14,2,13,6,8,5,16,1,10,7$1.0
756$1,3,11,9,15,12,14,2,13,6,8,5,16,1,10,7$1.0
757$10,3,11,9,15,12,14,2,13,6,8,5,16,1,10,7$1.0
758$10,3,11,9,15,12,14,2,13,6,8,5,16,1,10,7$1.0
759$10,3,11,9,15,12,14,2,13,6,8,5,16,1,10,7$1.0
760$10,3,11,9,15,12,14,2,13,6,8,5,16,1,10,7$1.0
761$1,3,11,9,15,12,14,2,13,6,8,5,16,1,10,7$1.0
762$10,3,11,9,15,12,14,2,13,6,8,5,16,1,10,7$1.0
763$10,3,11,9,15,12,14,2,13,6,8,5,16,1,10,7$1.0
764$14,3,11,9,15,12,4,2,13,6,1,5,16,16,10,7$1.0
765$10,3,11,9,15,12,14,2,13,6,8,5,16,1,10,7$1.0
766$10,3,11,9,15,12,14,2,13,6,8,5,16,1,10,7$1.0
767$1,3,11,9,15,12,14,2,13,6,8,5,16,1,10,7$1.0
768$10,3,11,9,15,12,14,2,13,6,8,5,16,1,10,7$1.0
769$10,3,11,9,15,12,14,2,13,6,8,5,16,1,10,7$1.0
770$10,3,11,9,15,12,14,2,13,6,8,5,16,1,10,7$1.0
771$10,3,11,9,15,12,14,2,13,6,8,5,16,1,10,7$1.0
772$10,3,11,9,15,12,14,2,13,6,8,5,16,1,10,7$1.0
773$10,3,11,9,15,12,14,2,13,6,8,5,16,1,10,7$1.0
774$1,3,11,9,15,12,14,2,13,6,8,5,16,12,10,7$1.0
775$10,3,11,9,4,12,14,2,13,6,8,5,16,1,10,7$1.0
776$10,3,11,9,4,12,14,2,13,6,8,5,16,1,15,7$0.0
776$10,3,11,9,4,12,14,2,13,6,8,5,16,1,15,7$0.0
