16
0$8,2,8,14,16,4,3,6,15,16,14,11,2,6,1,11$12.0
0$7,8,4,11,11,16,6,1,12,2,4,9,10,6,15,5$23.0
0$4,16,5,14,11,13,15,6,2,9,1,7,3,5,11,13$21.0
0$11,14,7,9,10,13,5,12,16,11,12,6,4,13,7,10$17.0
0$8,2,8,14,16,4,3,6,15,16,14,11,2,6,1,11$12.0
1$3,11,15,3,15,13,3,4,4,12,1,13,10,7,2,14$14.0
2$7,12,1,8,14,14,6,7,1,6,16,9,10,8,15,13$13.0
3$7,12,1,8,14,14,11,7,1,6,16,9,10,8,15,13$12.0
4$15,2,6,9,3,14,16,1,15,11,12,6,4,13,7,10$10.0
4$15,2,6,9,3,14,16,1,15,11,12,6,4,13,7,10$10.0
5$7,12,1,13,7,14,3,1,15,5,16,3,10,8,15,13$11.0
6$7,12,1,8,10,14,3,1,4,12,16,9,5,14,1,5$10.0
7$5,6,15,9,4,13,3,1,7,7,1,13,15,8,2,16$10.0
8$7,12,1,8,10,14,16,1,7,9,7,13,15,8,2,16$8.0
8$7,12,1,8,10,14,16,1,7,9,7,13,15,8,2,16$8.0
9$7,5,3,9,1,14,16,10,6,11,1,9,4,8,10,15$9.0
10$12,5,9,9,1,14,16,1,6,9,7,13,15,8,2,16$9.0
11$12,5,7,14,10,14,16,1,7,9,7,13,15,8,2,16$7.0
11$12,5,7,14,10,14,16,1,7,9,7,13,15,8,2,16$7.0
12$12,5,9,9,6,14,16,1,7,9,7,2,15,8,2,16$8.0
13$12,5,7,14,6,14,16,1,6,9,7,4,13,8,2,12$8.0
14$7,5,10,9,1,14,16,10,6,11,1,4,15,8,2,16$7.0
15$12,5,7,14,6,14,16,1,7,5,3,13,15,8,2,16$6.0
15$12,5,7,14,6,14,16,1,7,5,3,13,15,8,2,16$6.0
16$12,5,1,14,10,14,16,1,15,9,7,13,15,8,2,16$6.0
17$7,5,10,9,1,14,16,1,7,9,3,13,15,8,2,16$6.0
18$12,5,7,8,10,14,16,1,6,9,7,13,15,8,2,16$7.0
19$7,5,7,9,1,14,16,10,6,11,1,4,15,8,2,16$5.0
19$7,5,7,9,1,14,16,10,6,11,1,4,15,8,2,16$5.0
20$7,5,10,14,1,14,16,1,6,9,3,13,15,8,2,16$3.0
20$7,5,10,14,1,14,16,1,6,9,3,13,15,8,2,16$3.0
21$12,5,1,14,10,14,16,3,7,9,3,13,13,8,2,11$7.0
22$12,5,7,14,6,14,16,1,6,9,7,4,15,8,2,16$6.0
23$12,5,9,14,10,14,16,1,6,9,7,13,15,8,2,16$7.0
24$4,11,7,10,3,14,15,1,6,9,7,13,15,8,2,16$6.0
25$4,12,5,8,10,14,16,1,7,9,2,13,15,8,2,16$5.0
26$4,12,5,8,10,14,16,1,7,9,2,13,15,8,2,16$5.0
27$4,12,5,8,10,14,4,1,7,9,2,13,15,8,2,16$5.0
28$4,12,5,8,10,14,16,1,7,9,2,13,15,8,2,16$5.0
29$12,12,5,8,10,14,4,1,7,9,7,13,15,8,2,16$5.0
30$4,12,5,8,10,14,16,1,6,9,7,13,3,8,2,16$4.0
31$4,12,5,8,10,14,16,1,7,9,7,13,15,8,2,16$5.0
32$4,12,5,8,10,14,16,1,4,9,7,13,11,8,2,16$3.0
33$4,12,5,3,10,14,4,1,15,9,7,13,8,8,2,16$4.0
34$12,5,7,2,11,14,16,1,6,9,3,13,15,8,2,16$2.0
34$12,5,7,2,11,14,16,1,6,9,3,13,15,8,2,16$2.0
35$4,12,8,8,11,14,16,1,6,9,7,13,15,8,2,16$4.0
36$4,12,5,8,11,14,16,1,6,9,7,13,15,8,2,16$4.0
37$4,12,7,2,11,14,16,1,6,9,7,13,15,8,2,16$3.0
38$4,12,7,2,11,14,16,1,6,9,7,13,15,8,2,16$3.0
39$4,12,7,2,11,14,16,1,6,9,7,13,15,8,2,16$3.0
40$4,12,7,2,11,14,16,1,4,9,7,13,15,8,6,16$3.0
41$4,12,7,2,11,14,16,1,6,9,7,13,15,8,6,16$3.0
42$12,5,7,2,11,14,16,1,6,9,7,13,15,8,2,16$3.0
43$4,12,7,2,11,14,16,1,4,9,1,13,5,8,6,16$3.0
44$4,12,7,2,11,14,16,1,6,9,7,13,15,8,2,16$3.0
45$4,12,7,2,11,14,16,1,6,9,7,13,15,8,2,16$3.0
46$4,12,7,2,11,14,16,1,6,9,7,13,15,8,2,16$3.0
47$4,12,7,2,11,14,16,1,6,9,7,13,15,8,2,16$3.0
48$12,5,7,2,11,14,14,1,6,9,3,13,15,9,2,16$3.0
49$12,5,7,2,11,14,14,1,6,9,3,13,15,8,2,16$2.0
50$4,12,7,2,11,14,16,1,4,9,7,13,15,8,6,16$3.0
51$12,5,7,14,11,14,16,1,6,9,3,13,15,8,2,16$2.0
52$12,5,7,14,11,14,16,1,6,9,3,13,15,8,2,16$2.0
53$4,12,7,2,11,14,16,1,6,9,7,13,15,8,2,8$3.0
54$4,12,7,2,11,14,16,1,6,9,7,13,15,8,2,16$3.0
55$4,12,7,2,11,14,14,1,6,9,7,13,15,8,2,16$3.0
56$4,12,7,2,11,14,16,1,6,9,7,13,15,8,2,16$3.0
57$12,5,7,2,11,14,16,1,6,9,7,13,15,8,2,16$3.0
58$12,5,7,2,11,14,16,1,6,9,7,13,15,8,2,16$3.0
59$4,12,7,2,11,14,14,1,6,9,7,13,15,8,2,16$3.0
60$4,12,7,2,11,14,14,1,6,9,7,13,15,8,2,16$3.0
61$4,12,7,2,11,1,14,1,6,9,7,13,15,8,5,16$2.0
62$4,12,7,2,11,1,14,1,6,9,7,13,15,8,5,16$2.0
63$4,12,7,2,11,14,14,1,6,9,7,13,15,8,2,16$3.0
64$4,12,7,2,11,1,14,1,6,9,7,13,15,8,5,16$2.0
65$4,12,7,2,11,14,16,1,6,9,7,13,15,8,2,5$2.0
66$4,12,7,9,11,14,5,1,6,9,7,13,15,8,2,16$2.0
67$4,12,7,2,11,1,14,1,6,9,7,13,15,8,5,16$2.0
68$4,12,7,2,11,1,14,1,6,9,7,13,15,8,5,16$2.0
69$4,12,7,2,11,1,14,1,6,9,7,13,15,8,5,16$2.0
70$4,12,7,2,11,1,14,1,6,9,7,13,15,8,5,16$2.0
71$4,12,7,2,11,1,14,1,6,9,7,13,15,8,2,16$3.0
72$4,12,7,9,11,14,16,1,6,9,7,13,15,8,2,5$2.0
73$4,12,7,2,11,1,14,1,6,9,7,13,15,8,2,16$3.0
74$4,12,7,2,11,1,14,1,6,9,7,13,15,8,2,16$3.0
75$4,12,7,2,11,1,14,1,6,9,7,13,15,8,2,16$3.0
76$4,12,8,16,11,1,14,1,6,9,7,13,15,8,2,16$3.0
77$4,12,7,2,11,14,16,1,6,9,7,13,15,8,2,16$3.0
78$4,12,10,2,11,14,16,1,6,9,7,13,15,8,2,16$2.0
79$4,12,7,2,11,1,14,1,6,9,7,13,15,8,2,16$3.0
80$4,12,7,16,11,1,14,1,6,9,7,13,15,8,2,16$3.0
81$4,12,7,2,11,1,14,1,6,9,7,13,15,8,5,16$2.0
82$4,12,7,2,11,1,14,1,6,9,7,13,15,8,5,16$2.0
83$4,12,7,2,11,1,14,1,6,9,7,13,15,8,5,16$2.0
84$4,12,7,9,11,1,14,1,6,2,7,13,15,8,5,16$2.0
85$4,12,7,9,11,1,14,1,6,2,7,13,15,8,5,16$2.0
86$4,12,7,2,11,1,14,1,6,9,7,13,15,8,2,16$3.0
87$4,12,7,2,11,14,14,1,6,9,7,13,15,8,2,16$3.0
88$4,12,7,9,11,1,14,1,6,9,7,13,15,8,2,16$3.0
89$4,12,7,2,11,1,14,1,6,9,7,13,15,8,2,16$3.0
90$4,12,7,9,11,14,16,1,6,2,10,13,15,8,2,16$2.0
91$4,12,7,2,11,1,14,1,6,9,7,13,15,8,2,16$3.0
92$4,12,7,16,11,1,14,1,6,9,7,13,15,8,2,16$3.0
93$4,12,7,2,11,1,14,1,6,9,7,13,15,8,2,16$3.0
94$10,12,7,2,11,1,14,1,6,9,7,13,15,8,2,16$3.0
95$10,12,7,9,11,1,14,16,6,9,7,13,15,8,2,16$3.0
96$4,12,7,9,11,1,14,1,6,9,7,13,15,8,2,16$3.0
97$4,12,7,9,11,14,14,1,6,9,7,13,15,8,2,16$3.0
98$4,12,7,9,11,14,5,1,6,9,7,13,15,8,2,16$2.0
99$4,12,7,9,11,14,5,1,6,9,7,13,15,8,2,16$2.0
100$4,12,7,9,11,14,5,1,6,9,7,13,15,8,2,16$2.0
101$4,12,7,9,11,14,5,1,6,9,7,13,15,8,2,16$2.0
102$4,12,7,9,11,14,5,1,6,9,7,13,15,8,2,16$2.0
103$4,12,7,2,11,1,14,1,6,9,7,13,15,8,2,16$3.0
104$4,12,7,9,11,14,14,1,6,9,7,13,15,8,2,16$3.0
105$10,12,7,9,11,14,5,1,6,9,7,13,15,8,2,16$2.0
106$10,12,7,9,11,14,5,1,6,9,7,13,15,8,2,16$2.0
107$4,12,7,9,11,14,5,1,6,9,7,13,15,8,2,16$2.0
108$4,12,7,9,11,14,5,1,6,9,7,13,15,8,2,16$2.0
109$4,12,7,9,11,14,5,1,6,9,7,13,15,8,2,16$2.0
110$4,12,7,9,11,14,5,1,6,9,7,13,15,8,2,16$2.0
111$10,12,7,9,11,14,5,1,6,9,7,13,15,8,2,16$2.0
112$10,12,7,9,11,14,5,1,6,9,7,13,15,8,2,16$2.0
113$4,12,7,9,11,14,14,1,6,9,7,13,15,8,2,16$3.0
114$10,12,7,9,11,14,5,1,6,9,7,13,15,8,2,16$2.0
115$10,12,7,9,11,14,5,1,6,9,7,13,15,8,2,16$2.0
116$4,12,7,9,11,14,5,1,6,9,7,13,15,8,2,16$2.0
117$4,12,7,9,11,14,5,1,6,9,7,13,15,8,2,16$2.0
118$4,12,7,9,11,14,5,1,6,9,7,13,15,8,2,16$2.0
119$4,12,7,9,11,14,5,1,6,9,7,13,15,8,2,16$2.0
120$4,12,7,9,11,14,5,1,6,9,7,13,15,8,2,16$2.0
121$4,12,7,9,11,14,5,1,6,9,7,13,15,8,2,16$2.0
122$4,12,7,9,11,14,5,1,6,9,7,13,15,8,2,16$2.0
123$4,12,7,9,11,14,5,1,6,9,7,13,15,8,2,16$2.0
124$4,12,7,9,11,14,5,1,6,9,7,13,15,8,2,16$2.0
125$4,12,7,9,11,14,5,1,6,9,7,13,15,8,2,16$2.0
126$4,12,7,9,11,14,5,1,6,9,7,13,15,8,2,16$2.0
127$4,12,7,9,11,14,5,1,6,9,7,13,15,8,2,16$2.0
128$4,12,7,9,11,14,5,1,6,9,7,13,15,8,2,16$2.0
129$4,12,7,9,11,14,5,1,6,9,7,13,15,8,2,16$2.0
130$4,12,7,9,11,14,5,1,6,9,7,13,15,8,2,16$2.0
131$4,12,7,9,11,14,5,1,6,9,7,13,15,8,2,16$2.0
132$4,12,7,9,11,14,5,1,6,1,10,13,15,8,2,16$1.0
132$4,12,7,9,11,14,5,1,6,1,10,13,15,8,2,16$1.0
133$4,12,7,9,11,14,5,1,6,1,10,13,15,8,2,16$1.0
134$4,12,7,9,11,14,5,1,6,1,10,13,15,8,2,16$1.0
135$4,12,7,9,11,14,5,1,6,9,7,13,15,8,2,16$2.0
136$4,12,7,9,11,14,5,1,6,1,10,13,15,8,2,16$1.0
137$4,12,7,9,11,14,5,1,6,1,10,13,15,8,2,16$1.0
138$4,12,7,9,11,14,5,1,6,1,10,13,15,8,2,16$1.0
139$4,12,7,9,11,14,5,1,6,1,10,13,15,8,2,16$1.0
140$4,12,7,9,11,14,5,1,6,1,10,13,15,8,2,16$1.0
141$4,12,7,9,11,14,5,15,6,1,10,13,15,8,2,16$1.0
142$4,12,7,9,11,14,5,1,6,1,10,13,15,8,2,16$1.0
143$4,12,7,9,11,14,5,1,6,1,10,13,15,8,2,16$1.0
144$4,12,7,9,11,14,5,1,6,1,10,13,15,8,2,16$1.0
145$4,12,7,9,11,14,5,1,6,1,10,13,15,8,2,16$1.0
146$4,12,7,9,11,14,5,1,6,1,10,13,15,8,2,16$1.0
147$4,12,7,9,11,14,5,1,6,1,10,13,15,8,2,16$1.0
148$4,12,7,9,11,14,5,1,6,1,10,13,15,8,2,16$1.0
149$4,12,7,9,11,14,5,1,6,1,10,13,15,8,2,16$1.0
150$4,12,7,9,11,14,5,1,6,1,10,13,15,8,2,16$1.0
151$4,12,7,9,11,14,5,1,6,1,10,13,15,8,2,16$1.0
152$4,12,7,9,11,14,5,15,6,1,10,13,15,8,2,16$1.0
153$4,12,7,9,11,14,5,1,6,1,10,13,15,8,2,16$1.0
154$4,12,7,9,11,14,5,1,6,1,10,13,15,8,2,16$1.0
155$4,12,7,9,11,14,5,1,6,1,10,13,15,8,2,16$1.0
156$4,12,7,9,11,14,5,1,6,1,10,13,15,8,2,16$1.0
157$4,12,7,9,11,14,5,1,6,1,10,13,15,8,2,16$1.0
158$4,12,7,9,11,14,5,1,6,1,10,13,15,8,2,16$1.0
159$4,12,7,9,11,14,5,1,6,1,10,13,15,8,2,16$1.0
160$4,12,7,9,11,14,5,1,6,1,10,13,15,8,2,16$1.0
161$4,12,7,9,11,14,5,1,6,1,10,13,15,8,2,16$1.0
162$4,12,7,9,11,14,5,1,6,1,10,13,15,8,2,16$1.0
163$4,12,7,9,11,14,5,1,6,1,10,13,15,8,2,16$1.0
164$4,12,7,9,11,14,5,1,6,1,10,13,15,8,2,16$1.0
165$4,12,7,9,11,14,5,1,6,1,10,13,15,8,2,16$1.0
166$4,12,7,9,11,14,5,1,6,1,10,13,15,8,2,16$1.0
167$4,12,7,9,11,14,5,1,6,1,10,13,15,8,2,16$1.0
168$4,12,7,9,11,14,5,1,6,1,10,13,15,8,2,16$1.0
169$4,12,7,9,11,14,5,1,6,1,10,13,15,8,2,16$1.0
170$4,12,7,9,11,14,5,1,6,1,10,13,15,8,2,16$1.0
171$4,12,7,9,11,14,5,1,6,1,10,13,15,8,2,16$1.0
172$4,12,7,9,11,14,5,1,6,1,10,13,15,8,2,16$1.0
173$4,12,7,9,11,14,5,1,6,1,10,13,15,8,2,16$1.0
174$4,12,7,9,11,14,5,1,6,1,10,13,15,8,2,16$1.0
175$4,12,7,9,11,14,5,1,6,1,10,13,15,8,2,16$1.0
176$4,12,7,9,11,14,5,1,6,1,10,13,15,8,3,16$1.0
177$4,12,7,9,11,14,5,1,6,1,10,13,15,8,2,16$1.0
178$4,12,7,9,11,14,5,1,6,1,10,13,15,8,3,16$1.0
179$4,12,7,9,11,14,5,1,6,1,10,13,15,8,2,16$1.0
180$4,12,7,9,11,14,5,1,6,1,10,13,15,8,2,16$1.0
181$4,12,7,9,11,14,5,1,6,1,10,13,15,8,2,16$1.0
182$4,12,7,9,11,14,5,1,6,1,10,13,15,8,2,16$1.0
183$4,12,7,9,11,14,5,1,6,1,10,13,15,8,2,16$1.0
184$4,12,7,9,11,14,5,1,6,1,10,13,15,8,2,16$1.0
185$4,12,7,9,11,14,5,1,6,1,10,13,15,8,2,16$1.0
186$4,12,7,9,11,14,5,15,6,1,10,13,15,8,2,16$1.0
187$4,12,7,9,11,14,5,1,6,1,10,13,15,8,2,16$1.0
188$4,12,7,9,11,14,5,1,6,1,10,13,15,8,2,16$1.0
189$4,12,7,9,11,14,5,1,6,1,10,13,15,8,2,16$1.0
190$4,12,7,9,11,14,5,1,6,1,10,13,15,8,2,16$1.0
191$4,12,7,9,11,14,5,1,6,1,10,13,15,8,2,16$1.0
192$4,12,7,9,11,14,5,1,6,1,10,13,15,8,2,16$1.0
193$4,12,7,9,11,14,5,1,6,1,10,13,15,8,2,16$1.0
194$4,12,7,9,11,14,5,1,6,1,10,13,15,8,2,16$1.0
195$4,12,7,9,11,14,5,1,6,1,10,13,15,8,2,16$1.0
196$4,12,7,9,11,14,5,1,6,1,10,13,15,8,2,16$1.0
197$4,12,7,9,11,14,5,1,6,1,10,13,15,8,2,16$1.0
198$4,12,7,9,11,14,5,1,6,1,10,13,15,8,2,16$1.0
199$4,12,7,9,11,14,5,1,6,1,10,13,15,8,2,16$1.0
200$4,12,7,9,11,14,5,1,6,1,10,13,15,8,2,16$1.0
201$4,12,7,9,11,14,5,1,6,1,10,13,15,8,2,16$1.0
202$4,12,7,9,11,14,5,1,6,1,10,13,15,8,2,16$1.0
203$4,12,7,9,11,14,5,1,6,1,10,13,15,8,2,16$1.0
204$4,12,7,9,11,14,5,1,6,1,10,13,15,8,2,16$1.0
205$4,12,7,9,11,14,5,1,6,1,10,13,15,8,2,16$1.0
206$4,12,7,9,11,14,5,1,6,1,10,13,15,8,2,16$1.0
207$4,12,7,9,11,14,5,1,6,1,10,13,15,8,2,16$1.0
208$4,12,7,9,11,14,5,1,6,1,10,13,15,8,2,16$1.0
209$4,12,7,9,11,14,5,1,6,1,10,13,15,8,2,16$1.0
210$4,12,7,9,11,14,5,1,6,1,10,13,15,8,2,16$1.0
211$4,12,7,9,11,14,5,1,6,1,10,13,15,8,2,16$1.0
212$4,12,7,9,11,14,5,1,6,1,10,13,15,8,2,16$1.0
213$4,12,7,9,11,14,5,1,6,1,10,13,15,8,2,16$1.0
214$4,12,7,9,11,14,5,1,6,1,10,13,15,8,2,16$1.0
215$4,12,7,9,11,14,5,15,6,1,10,13,15,8,2,16$1.0
216$4,12,7,9,11,14,5,1,6,1,10,13,15,8,2,16$1.0
217$4,12,7,9,11,14,5,1,6,1,10,13,15,8,2,16$1.0
218$4,12,7,9,11,14,5,1,6,1,10,13,15,8,2,16$1.0
219$4,12,7,9,11,14,5,15,6,1,10,13,15,8,2,16$1.0
220$4,12,7,9,11,14,5,1,6,1,10,13,15,8,2,16$1.0
221$4,12,7,9,11,14,5,1,6,1,10,13,15,8,2,16$1.0
222$4,12,7,9,11,14,5,1,6,1,10,13,15,8,2,16$1.0
223$4,12,7,9,11,14,5,1,6,1,10,13,15,8,2,16$1.0
224$4,12,7,9,11,14,5,15,6,1,10,13,15,8,2,16$1.0
225$4,12,7,9,11,14,5,15,6,1,10,13,15,8,2,16$1.0
226$4,12,7,9,11,14,5,1,6,1,10,13,15,8,2,16$1.0
227$4,12,7,9,11,14,5,1,6,1,10,13,15,8,2,16$1.0
228$4,12,7,9,11,14,5,1,6,1,10,13,15,8,2,16$1.0
229$4,12,7,9,11,14,5,15,6,1,10,13,15,8,2,16$1.0
230$4,12,7,9,11,14,5,1,6,1,10,13,15,8,2,16$1.0
231$4,12,7,9,11,14,5,1,6,1,10,13,15,8,2,16$1.0
232$4,12,7,9,11,14,5,15,6,1,10,13,15,8,2,16$1.0
233$4,12,7,9,11,14,5,15,6,1,10,13,15,8,2,16$1.0
234$4,12,7,9,11,14,5,15,6,1,10,13,15,8,3,16$1.0
235$4,12,7,9,11,14,5,15,6,1,10,13,15,8,2,16$1.0
236$4,12,7,9,11,14,5,15,6,1,10,13,15,8,2,16$1.0
237$4,12,7,9,11,14,5,1,6,1,10,13,15,8,2,16$1.0
238$4,12,7,9,11,14,5,15,6,1,10,13,15,8,2,16$1.0
239$4,12,7,9,11,14,5,1,6,1,10,13,15,8,2,16$1.0
240$4,12,7,9,11,14,5,1,6,1,10,13,15,8,2,16$1.0
241$4,12,7,9,11,14,5,15,6,1,10,13,15,8,2,16$1.0
242$4,12,7,9,11,14,5,1,6,1,10,13,15,8,2,16$1.0
243$4,12,7,9,11,14,5,15,6,1,10,13,15,8,2,16$1.0
244$4,12,7,9,11,14,5,15,6,1,10,13,15,8,2,16$1.0
245$4,12,7,9,11,14,5,15,6,1,10,13,15,8,2,16$1.0
246$4,12,7,9,11,14,5,15,6,1,10,13,15,8,2,16$1.0
247$4,12,7,9,11,14,5,15,6,1,10,13,15,8,2,16$1.0
248$4,12,7,9,11,14,5,15,6,1,10,13,15,8,2,16$1.0
249$4,12,7,9,11,14,5,15,6,1,10,13,15,8,2,16$1.0
250$4,12,7,9,11,14,5,15,6,1,10,13,15,8,2,16$1.0
251$4,12,7,9,11,14,5,15,6,1,10,13,15,8,2,16$1.0
252$4,12,7,9,11,14,5,15,6,1,10,13,15,8,2,16$1.0
253$4,12,7,9,11,14,5,15,6,1,10,13,15,8,2,16$1.0
254$4,12,7,9,11,14,5,15,6,1,10,13,15,8,2,16$1.0
255$4,12,7,9,11,14,5,15,6,1,10,13,15,8,2,16$1.0
256$4,12,7,9,11,14,5,15,6,1,10,13,15,8,2,16$1.0
257$4,12,7,9,11,14,5,15,6,1,10,13,15,8,2,16$1.0
258$4,12,7,9,11,14,5,1,6,1,10,13,15,8,2,16$1.0
259$4,12,7,9,11,14,5,15,6,1,10,13,15,8,2,16$1.0
260$4,12,7,9,11,14,5,1,6,1,10,13,15,8,2,16$1.0
261$4,12,7,9,11,14,5,15,6,1,10,13,15,8,2,16$1.0
262$4,12,7,9,11,14,5,15,6,1,10,13,15,8,2,16$1.0
263$4,12,7,9,11,14,5,15,6,1,10,13,15,8,2,16$1.0
264$4,12,7,9,11,14,5,1,6,1,10,13,15,8,2,16$1.0
265$4,12,7,9,11,14,5,1,6,1,10,13,15,8,2,16$1.0
266$4,12,7,9,11,14,5,15,6,1,10,13,15,8,2,16$1.0
267$4,12,7,9,11,14,5,15,6,1,10,13,15,8,2,16$1.0
268$4,12,7,9,11,14,5,15,6,1,10,13,15,8,2,16$1.0
269$4,12,7,9,11,14,5,15,6,1,10,13,15,8,2,16$1.0
270$4,12,7,9,11,14,5,15,6,1,10,13,15,8,2,16$1.0
271$4,12,7,9,11,14,5,1,6,1,10,13,15,8,2,16$1.0
272$4,12,7,9,11,14,5,15,6,1,10,13,15,8,2,16$1.0
273$4,12,7,9,11,14,5,1,6,1,10,13,15,8,2,16$1.0
274$4,12,7,9,11,14,5,15,6,1,10,13,15,8,2,16$1.0
275$4,12,7,9,11,14,5,1,6,1,10,13,15,8,2,16$1.0
276$4,12,7,9,11,14,5,15,6,1,10,13,15,8,2,16$1.0
277$4,12,7,9,11,14,5,1,6,1,10,13,15,8,2,16$1.0
278$4,12,7,9,11,14,5,15,6,1,10,13,15,8,2,16$1.0
279$4,12,7,9,11,14,5,15,6,1,10,13,15,8,2,16$1.0
280$4,12,7,9,11,14,5,15,6,1,10,13,15,8,2,16$1.0
281$4,12,7,9,11,14,5,15,6,1,10,13,15,8,2,16$1.0
282$4,12,7,9,11,14,5,15,6,1,10,13,15,8,2,16$1.0
283$4,12,7,9,11,14,5,15,6,1,10,13,15,8,2,16$1.0
284$4,12,7,9,11,14,5,15,6,1,10,13,15,8,2,16$1.0
285$4,12,7,9,11,14,5,15,6,1,10,13,15,8,2,16$1.0
286$4,12,7,9,11,14,5,15,6,1,10,13,15,8,2,16$1.0
287$4,12,7,9,11,14,5,15,6,1,10,13,15,8,2,16$1.0
288$4,12,7,9,11,14,5,15,6,1,10,13,15,8,2,16$1.0
289$4,12,7,9,11,14,5,15,6,1,10,13,15,8,2,16$1.0
290$4,12,7,9,11,14,5,15,6,1,10,13,15,8,2,16$1.0
291$4,12,7,9,11,14,5,15,6,1,10,13,15,8,2,16$1.0
292$4,12,7,9,11,14,5,15,6,1,10,13,15,8,2,16$1.0
293$4,12,7,9,11,14,5,15,6,1,10,13,15,8,2,16$1.0
294$4,12,7,9,11,14,5,15,6,1,10,13,15,8,2,16$1.0
295$4,12,7,9,11,14,5,15,6,1,10,13,15,8,2,16$1.0
296$4,12,7,9,11,14,5,15,6,1,10,13,15,8,2,16$1.0
297$4,12,7,9,11,14,5,15,6,1,10,13,5,8,2,16$1.0
298$4,12,7,9,11,14,5,15,6,1,10,13,15,8,2,16$1.0
299$4,12,7,9,11,14,5,15,6,1,10,13,15,8,2,16$1.0
300$4,12,7,9,11,14,5,15,6,1,10,13,15,8,2,16$1.0
301$4,12,7,9,11,14,5,15,6,1,10,13,15,8,2,16$1.0
302$4,12,7,9,11,14,5,15,6,1,10,13,15,8,2,16$1.0
303$4,12,7,9,11,14,5,15,6,1,10,13,15,8,2,16$1.0
304$4,12,7,9,11,14,5,15,6,1,10,13,15,8,2,16$1.0
305$4,12,7,9,11,14,5,15,6,1,10,13,15,8,2,16$1.0
306$4,12,7,9,11,14,5,15,6,1,10,13,6,8,2,16$1.0
307$4,12,7,9,11,14,5,15,6,1,10,13,15,8,2,16$1.0
308$4,12,7,9,11,14,5,15,6,1,10,13,15,8,2,16$1.0
309$4,12,7,9,11,14,5,15,6,1,10,13,15,8,2,16$1.0
310$4,12,7,9,11,14,5,15,6,1,10,13,15,8,2,16$1.0
311$4,12,7,9,11,14,5,15,6,1,10,13,15,8,2,16$1.0
312$4,12,7,9,11,14,5,15,6,1,10,13,15,8,2,16$1.0
313$4,12,7,9,11,14,5,15,6,1,10,13,15,8,2,16$1.0
314$4,12,7,9,11,14,5,15,6,1,10,13,15,8,2,16$1.0
315$4,12,7,9,11,14,5,15,6,1,10,13,15,8,2,16$1.0
316$4,12,7,9,11,14,5,15,6,1,10,13,15,8,2,16$1.0
317$4,12,7,9,11,14,5,15,6,1,10,13,15,8,2,16$1.0
318$4,12,7,9,11,14,5,15,6,1,10,13,15,8,2,16$1.0
319$4,12,7,9,11,14,5,15,6,1,10,13,6,8,2,16$1.0
320$4,12,7,9,11,14,5,15,6,1,10,13,15,8,2,16$1.0
321$4,12,7,9,11,14,5,15,6,1,10,13,15,8,2,16$1.0
322$4,12,7,9,11,14,5,15,6,1,10,13,5,8,2,16$1.0
323$4,12,7,9,11,14,5,15,6,1,10,13,5,8,2,16$1.0
324$4,12,7,9,11,14,5,15,6,1,10,13,15,8,2,16$1.0
325$4,12,7,9,11,14,5,15,6,1,10,13,5,8,2,16$1.0
326$3,12,7,9,11,14,5,15,6,1,10,13,5,8,2,16$1.0
327$4,12,7,9,11,14,5,15,6,1,10,13,15,8,2,16$1.0
328$4,12,7,9,11,14,5,15,6,1,10,13,5,8,2,16$1.0
329$3,12,7,9,11,14,5,15,6,1,10,13,5,8,2,16$1.0
330$4,12,7,9,11,14,5,15,6,1,10,13,15,8,2,16$1.0
331$4,12,7,9,11,14,5,15,6,1,10,13,15,8,2,16$1.0
332$4,12,7,9,11,14,5,15,6,1,10,13,5,8,2,16$1.0
333$3,12,7,9,11,14,5,15,6,1,10,13,5,8,2,16$1.0
334$4,12,7,9,11,14,5,15,6,1,10,13,15,8,2,16$1.0
335$4,12,7,9,11,14,5,15,6,1,10,13,5,8,2,16$1.0
336$4,12,7,9,11,14,5,15,6,1,10,13,15,8,2,16$1.0
337$4,12,7,9,11,14,5,15,6,1,10,13,5,8,2,16$1.0
338$4,12,7,9,11,14,5,15,6,1,10,13,5,8,2,16$1.0
339$3,12,7,9,11,14,5,15,6,1,10,13,6,8,2,16$1.0
340$4,12,7,9,11,14,5,15,6,1,10,13,6,8,2,16$1.0
341$3,12,7,9,11,14,5,15,6,1,10,13,6,8,2,16$1.0
342$4,12,7,9,11,14,5,15,6,1,10,13,6,8,2,16$1.0
343$3,12,7,9,11,14,5,15,6,1,10,13,6,8,2,16$1.0
344$4,12,7,9,11,14,5,15,6,1,10,13,5,8,2,16$1.0
345$4,12,7,9,11,14,5,15,6,1,10,13,6,8,2,16$1.0
346$4,12,7,9,11,14,5,15,6,1,10,13,6,8,2,16$1.0
347$4,12,7,9,11,14,5,15,6,1,10,13,5,8,2,16$1.0
348$4,12,7,9,11,14,5,15,6,1,10,13,15,8,2,16$1.0
349$4,12,7,9,11,14,5,15,6,1,10,13,6,8,2,16$1.0
350$4,12,7,9,11,14,5,15,6,1,10,13,6,8,2,16$1.0
351$4,12,7,9,11,14,5,15,6,1,10,13,6,8,2,16$1.0
352$4,12,7,9,11,14,5,15,6,1,10,13,5,8,2,16$1.0
353$3,12,7,9,11,14,5,15,6,1,10,13,6,8,2,16$1.0
354$4,12,7,9,11,14,5,15,6,1,10,13,5,8,2,16$1.0
355$4,12,7,9,11,14,5,15,6,1,10,13,6,8,2,16$1.0
356$3,12,7,9,11,14,5,15,6,1,10,13,5,8,2,16$1.0
357$4,12,7,9,11,14,5,15,6,1,10,13,6,8,2,16$1.0
358$4,12,7,9,11,14,5,15,6,1,10,13,5,8,2,16$1.0
359$4,12,7,9,11,14,5,15,6,1,10,13,6,8,2,16$1.0
360$4,12,7,9,11,2,5,15,6,1,10,13,6,8,3,16$1.0
361$4,12,7,9,11,14,5,15,6,1,10,13,6,8,2,16$1.0
362$4,12,7,9,11,14,5,15,6,1,10,13,6,8,2,16$1.0
363$4,12,7,9,11,14,5,15,6,1,10,13,6,8,2,16$1.0
364$4,12,7,9,11,14,5,15,6,1,10,13,6,8,2,16$1.0
365$4,12,7,9,11,14,5,15,6,1,10,13,6,8,2,16$1.0
366$3,12,7,9,11,14,5,15,6,1,10,13,6,8,2,16$1.0
367$4,12,7,9,11,14,2,15,6,1,10,13,5,8,11,16$1.0
368$4,12,7,9,11,14,5,15,6,1,10,13,6,8,2,16$1.0
369$4,12,7,9,11,14,5,15,6,1,10,13,5,8,2,16$1.0
370$4,12,7,9,11,14,5,15,6,1,10,13,6,8,2,16$1.0
371$4,12,7,9,11,14,2,15,6,1,10,13,5,8,2,16$1.0
372$3,12,7,9,11,14,2,15,6,1,10,13,5,8,2,16$1.0
373$4,12,7,9,11,14,2,15,6,1,10,13,5,8,2,16$1.0
374$4,12,7,9,11,14,2,15,6,1,10,13,5,8,2,16$1.0
375$3,12,7,9,11,14,2,15,6,1,10,13,5,8,2,16$1.0
376$3,12,7,9,11,14,2,4,6,1,10,13,5,8,2,16$1.0
377$4,12,7,9,11,14,2,15,6,1,10,13,5,8,2,16$1.0
378$4,12,7,9,11,14,2,15,6,1,10,13,5,8,2,16$1.0
379$3,12,7,9,11,14,2,15,6,1,10,13,5,8,2,16$1.0
380$3,12,7,9,11,14,5,15,6,1,10,13,16,8,2,16$1.0
381$3,12,7,9,11,14,5,15,6,1,10,13,5,8,2,16$1.0
382$3,12,7,9,11,14,5,15,6,1,10,13,16,8,2,16$1.0
383$4,12,7,9,11,14,2,15,6,1,10,13,5,8,2,16$1.0
384$3,12,7,9,11,14,2,15,6,1,10,13,5,8,2,16$1.0
385$3,12,7,9,11,14,5,15,6,1,10,13,16,8,2,16$1.0
386$3,12,7,9,11,14,5,15,6,1,10,13,6,8,2,16$1.0
387$3,12,7,9,11,14,5,15,6,1,10,13,6,8,2,16$1.0
388$3,12,7,9,11,14,5,15,6,1,10,13,5,8,2,16$1.0
389$3,12,7,9,11,14,5,15,6,1,10,13,5,8,2,16$1.0
390$3,12,7,9,11,14,5,15,6,1,10,13,5,8,2,16$1.0
391$3,12,7,9,11,14,5,15,6,1,10,13,5,8,2,16$1.0
392$3,12,7,9,11,14,5,15,6,1,10,13,5,8,2,16$1.0
393$3,12,7,9,11,14,5,15,6,1,10,13,5,8,2,16$1.0
394$3,12,7,9,11,14,5,15,6,1,10,13,5,8,2,16$1.0
395$3,12,7,9,11,14,5,15,6,1,10,13,5,8,2,16$1.0
396$3,12,7,9,11,14,5,15,6,1,10,13,5,8,2,16$1.0
397$4,12,7,9,11,14,5,15,6,1,10,13,5,8,2,16$1.0
398$3,12,7,9,11,14,5,15,6,1,10,13,5,8,4,16$1.0
399$3,12,7,9,11,14,5,15,6,1,10,13,5,8,2,16$1.0
400$3,12,7,9,11,14,5,15,6,1,10,13,5,8,2,16$1.0
401$4,12,7,9,11,14,5,15,6,1,10,13,6,8,3,16$1.0
402$3,12,7,9,11,14,5,15,6,1,10,13,5,8,2,16$1.0
403$3,12,7,9,11,14,5,15,6,1,10,13,6,8,2,16$1.0
404$3,12,7,9,11,14,5,15,6,1,10,13,5,8,2,16$1.0
405$4,12,7,9,11,14,5,15,6,1,10,13,5,8,2,16$1.0
406$3,12,7,9,11,14,5,15,6,1,10,13,5,8,2,16$1.0
407$3,12,7,9,11,14,5,15,6,1,10,13,5,8,2,16$1.0
408$4,12,7,9,11,14,5,15,6,1,10,13,5,8,2,16$1.0
409$4,12,7,9,11,14,5,15,6,1,10,13,6,8,2,16$1.0
410$4,12,7,9,11,14,5,15,6,1,10,13,6,8,2,16$1.0
411$4,12,7,9,11,14,5,15,6,1,10,13,6,8,3,16$1.0
412$4,12,7,9,11,14,5,15,6,1,10,13,6,8,2,16$1.0
413$4,12,7,9,11,14,5,15,6,1,10,13,5,8,2,16$1.0
414$4,12,7,9,11,14,5,15,6,1,10,13,6,8,2,16$1.0
415$4,12,7,9,11,14,5,15,6,1,10,13,6,8,2,16$1.0
416$4,12,7,9,11,14,5,15,6,1,10,13,6,8,2,16$1.0
417$4,12,7,9,11,14,5,15,6,1,10,13,6,8,2,16$1.0
418$4,12,7,9,11,14,5,15,6,1,10,13,6,8,2,16$1.0
419$4,12,7,9,11,14,5,15,6,1,10,13,6,8,3,16$1.0
420$4,12,7,9,11,14,5,15,6,1,10,13,6,8,2,16$1.0
421$4,12,7,9,11,14,5,15,6,1,10,13,6,8,2,16$1.0
422$4,12,7,9,11,14,5,15,6,1,10,13,6,8,2,16$1.0
423$4,12,7,9,11,14,5,15,6,1,10,13,5,8,2,16$1.0
424$3,12,7,9,11,14,5,15,6,1,10,13,5,8,2,16$1.0
425$4,12,7,9,11,14,5,15,6,1,10,13,6,8,3,16$1.0
426$4,12,7,9,11,14,5,15,6,1,10,13,6,8,2,16$1.0
427$3,12,7,9,11,14,5,15,6,1,10,13,6,8,2,16$1.0
428$4,12,7,9,11,14,5,15,6,1,10,13,15,8,2,16$1.0
429$3,12,7,9,11,14,5,15,6,1,10,13,6,8,2,16$1.0
430$4,12,7,9,11,14,5,15,6,1,10,13,6,8,2,16$1.0
431$4,12,7,9,11,14,5,15,6,1,10,13,6,8,2,16$1.0
432$4,12,7,9,11,14,5,15,6,1,10,13,6,8,2,16$1.0
433$4,12,7,9,11,14,5,15,6,1,10,13,15,8,2,16$1.0
434$4,12,7,9,11,14,5,15,6,1,10,13,6,8,2,16$1.0
435$4,12,7,9,11,14,5,15,6,1,10,13,6,8,2,16$1.0
436$4,12,7,9,11,14,5,15,6,1,10,13,6,8,2,16$1.0
437$4,12,7,9,11,14,5,15,6,1,10,13,15,8,3,16$1.0
438$4,12,7,9,11,14,5,15,6,1,10,13,6,8,2,16$1.0
439$4,12,7,9,11,14,5,15,6,1,10,13,6,8,2,16$1.0
440$4,12,7,9,11,14,5,15,6,1,10,13,6,8,2,16$1.0
441$4,12,7,9,11,14,5,15,6,1,10,13,6,8,2,16$1.0
442$4,12,7,9,11,14,5,15,6,1,10,13,6,8,2,16$1.0
443$4,12,7,9,11,14,5,15,6,1,10,13,6,8,2,16$1.0
444$4,12,7,9,11,14,5,15,6,1,10,13,6,8,2,16$1.0
445$3,12,7,9,11,14,5,15,6,1,10,13,6,8,2,16$1.0
446$3,12,7,9,11,14,5,15,6,1,10,13,6,8,2,16$1.0
447$4,12,7,9,11,14,5,15,6,1,10,13,6,8,2,16$1.0
448$3,12,7,9,11,14,5,15,6,1,10,13,6,8,2,16$1.0
449$4,12,7,9,11,14,5,15,6,1,10,13,6,8,2,16$1.0
450$4,12,7,9,11,14,5,15,6,1,10,13,15,8,2,16$1.0
451$4,12,7,9,11,14,5,15,6,1,10,13,6,8,2,16$1.0
452$4,12,7,9,11,14,5,15,6,1,10,13,6,8,2,16$1.0
453$4,12,7,9,11,14,5,15,6,1,10,13,6,8,2,16$1.0
454$4,12,7,9,11,14,5,15,6,1,10,13,6,8,2,16$1.0
455$4,12,7,9,11,14,5,15,6,1,10,13,6,8,2,16$1.0
456$4,12,7,9,11,14,5,15,6,1,10,13,6,8,2,16$1.0
457$4,12,7,9,11,14,5,15,6,1,10,13,6,8,2,16$1.0
458$4,12,7,9,11,14,5,15,6,1,10,13,6,8,2,16$1.0
459$4,12,7,9,11,14,5,15,6,1,10,13,6,8,2,16$1.0
460$4,12,7,9,11,14,5,15,6,1,10,13,6,8,2,16$1.0
461$4,12,7,9,11,14,5,15,6,1,10,13,6,8,2,16$1.0
462$4,12,7,9,11,14,5,15,6,1,10,13,6,8,2,16$1.0
463$4,12,7,9,11,14,5,15,6,1,10,13,6,8,2,16$1.0
464$4,12,7,9,11,14,5,15,6,1,10,13,6,8,2,16$1.0
465$4,12,7,9,11,14,5,15,6,1,10,13,15,8,2,16$1.0
466$4,12,7,9,11,14,5,15,6,1,10,13,6,8,2,16$1.0
467$4,12,7,9,11,14,5,15,6,1,10,13,6,8,3,16$1.0
468$4,12,7,9,11,14,5,15,6,1,10,13,15,8,2,16$1.0
469$4,12,7,9,11,14,5,15,6,1,10,13,6,8,2,16$1.0
470$4,12,7,9,11,14,5,15,6,1,10,13,6,8,2,16$1.0
471$4,12,7,9,11,14,5,15,6,1,10,13,6,8,2,16$1.0
472$4,12,7,9,11,14,5,15,6,1,10,13,6,8,2,16$1.0
473$4,12,7,9,11,14,5,15,6,1,10,13,6,8,2,16$1.0
474$4,12,7,9,11,14,5,15,6,1,10,13,6,8,2,16$1.0
475$4,12,7,9,11,14,5,15,6,1,10,13,6,8,2,16$1.0
476$4,12,7,9,11,14,5,15,6,1,10,13,6,8,2,16$1.0
477$4,12,7,9,11,14,5,15,6,1,10,13,6,8,2,16$1.0
478$4,12,7,9,11,14,5,15,6,1,10,13,15,8,2,16$1.0
479$4,12,7,9,11,14,5,15,6,1,10,13,6,8,2,16$1.0
480$4,12,7,9,11,14,5,15,6,1,10,13,6,8,2,16$1.0
481$4,12,7,9,11,14,5,15,6,1,10,13,6,8,2,16$1.0
482$4,12,7,9,11,14,5,15,6,1,10,13,15,8,3,16$1.0
483$4,12,7,9,11,14,5,15,6,1,10,13,6,8,2,16$1.0
484$4,12,7,9,11,14,5,15,6,1,10,13,15,8,2,16$1.0
485$4,12,7,9,11,14,5,15,6,1,10,13,15,8,2,16$1.0
486$4,12,7,9,11,14,5,15,6,1,10,13,15,8,2,16$1.0
487$4,12,7,9,11,14,5,15,6,1,10,13,15,8,2,16$1.0
488$4,12,7,9,11,14,2,15,6,1,10,13,5,8,2,16$1.0
489$4,12,7,9,11,14,5,15,6,1,10,13,6,8,2,16$1.0
490$4,12,7,9,11,14,5,15,6,1,10,13,6,8,2,16$1.0
491$4,12,7,9,11,14,5,15,6,1,10,13,6,8,2,16$1.0
492$4,12,7,9,11,14,5,15,6,1,10,13,6,8,2,16$1.0
493$4,12,7,9,11,14,5,15,6,1,10,13,6,8,2,16$1.0
494$4,12,7,9,11,14,5,15,6,1,10,13,15,8,2,16$1.0
495$4,12,7,9,11,14,5,15,6,1,10,13,6,8,2,16$1.0
496$4,12,7,9,11,14,5,15,6,1,10,13,6,8,2,16$1.0
497$4,12,7,9,11,14,5,15,6,1,10,13,6,8,2,16$1.0
498$4,12,7,9,11,14,5,15,6,1,10,13,6,8,2,16$1.0
499$4,12,7,9,11,14,5,15,6,1,10,13,6,8,2,16$1.0
500$4,12,7,9,11,14,5,15,6,1,10,13,15,8,2,16$1.0
501$4,12,7,9,11,14,5,15,6,1,10,13,6,8,2,16$1.0
502$4,12,7,9,11,14,5,15,6,1,10,13,6,8,2,16$1.0
503$4,12,7,9,11,14,5,15,6,1,10,13,6,8,2,16$1.0
504$4,12,7,9,11,14,5,15,6,1,10,13,6,8,2,16$1.0
505$4,12,7,9,11,14,5,15,6,1,10,13,6,8,2,16$1.0
506$4,12,7,9,11,14,5,15,6,1,10,13,6,8,2,16$1.0
507$4,12,7,9,11,14,5,15,6,1,10,13,6,8,2,16$1.0
508$4,12,7,9,11,14,5,15,6,1,10,13,6,8,2,16$1.0
509$4,12,7,9,11,14,5,15,6,1,10,13,6,8,2,16$1.0
510$4,12,7,9,11,14,5,15,6,1,10,13,6,8,2,16$1.0
511$4,12,7,9,11,14,5,15,6,1,10,13,6,8,2,16$1.0
512$4,12,7,9,11,14,5,15,6,1,10,13,6,8,2,16$1.0
513$4,12,7,9,11,14,5,15,6,1,10,13,6,8,2,16$1.0
514$4,12,7,9,11,14,5,15,6,1,10,13,6,8,2,16$1.0
515$4,12,7,9,11,14,5,15,6,1,10,13,6,8,2,16$1.0
516$4,12,7,9,11,14,5,15,6,1,10,13,6,8,2,16$1.0
517$4,12,7,9,11,14,5,15,6,1,10,13,6,8,2,16$1.0
518$3,12,7,9,11,14,5,15,6,1,10,13,6,8,2,16$1.0
519$4,12,7,9,11,14,5,15,6,1,10,13,6,8,2,16$1.0
520$4,12,7,9,11,14,5,15,6,1,10,13,6,8,2,16$1.0
521$4,12,7,9,11,14,5,15,6,1,10,13,6,8,2,16$1.0
522$4,12,7,9,11,14,5,15,6,1,10,13,6,8,2,16$1.0
523$4,12,7,9,11,14,5,15,6,1,10,13,6,8,2,16$1.0
524$4,12,7,9,11,14,5,15,6,1,10,13,6,8,2,16$1.0
525$4,12,7,9,11,14,5,15,6,1,10,13,6,8,2,16$1.0
526$4,12,7,9,11,14,5,15,6,1,10,13,6,8,2,16$1.0
527$4,12,7,9,11,14,5,15,6,1,10,13,15,8,2,16$1.0
528$4,12,7,9,11,14,5,15,6,1,10,13,15,8,2,16$1.0
529$4,12,7,9,11,14,5,15,6,1,10,13,6,8,2,16$1.0
530$4,12,7,9,11,14,5,15,6,1,10,13,15,8,2,16$1.0
531$4,12,7,9,11,14,5,15,6,1,10,13,6,8,2,16$1.0
532$4,12,7,9,11,14,5,15,6,1,10,13,6,8,2,16$1.0
533$4,12,7,9,11,14,5,15,6,1,10,13,6,8,2,16$1.0
534$4,12,7,9,11,14,5,15,6,1,10,13,15,8,2,16$1.0
535$4,12,7,9,11,14,5,15,6,1,10,13,15,8,2,16$1.0
536$4,12,7,9,11,14,5,15,6,1,10,13,15,8,2,16$1.0
537$4,12,7,9,11,14,5,15,6,1,10,13,6,8,2,16$1.0
538$4,12,7,9,11,14,5,15,6,1,10,13,15,8,2,16$1.0
539$4,12,7,9,11,14,5,15,6,1,10,13,15,8,2,16$1.0
540$4,12,7,9,11,14,5,15,6,1,10,13,6,8,2,16$1.0
541$4,12,7,9,11,14,5,15,6,1,10,13,15,8,2,16$1.0
542$4,12,7,9,11,14,5,15,6,1,10,13,15,8,2,16$1.0
543$4,12,7,9,11,14,5,15,6,1,10,13,6,8,2,16$1.0
544$4,12,7,9,11,14,5,15,6,1,10,13,15,8,2,16$1.0
545$4,12,7,9,11,14,5,15,6,1,10,13,15,8,2,16$1.0
546$4,12,7,9,11,14,5,15,6,1,10,13,15,8,2,16$1.0
547$4,12,7,9,11,14,5,15,6,1,10,13,15,8,2,16$1.0
548$4,12,7,9,11,14,5,15,6,1,10,13,5,8,2,16$1.0
549$4,12,7,9,11,14,5,15,6,1,10,13,15,8,2,16$1.0
550$4,12,7,9,11,14,5,15,6,1,10,13,6,8,2,16$1.0
551$4,12,7,9,11,14,5,15,6,1,10,13,15,8,2,16$1.0
552$4,12,7,9,11,14,5,15,6,1,10,13,15,8,2,16$1.0
553$4,12,7,9,11,14,5,15,6,1,10,13,6,8,2,16$1.0
554$4,12,7,9,11,14,5,15,6,1,10,13,6,8,2,16$1.0
555$4,12,7,9,11,14,5,15,6,1,10,13,15,8,2,16$1.0
556$4,12,7,9,11,14,5,15,6,1,10,13,15,8,2,16$1.0
557$4,12,7,9,11,14,5,15,6,1,10,13,6,8,2,16$1.0
558$4,12,7,9,11,14,5,15,6,1,10,13,5,8,2,16$1.0
559$4,12,7,9,11,14,5,15,6,1,10,13,6,8,2,16$1.0
560$4,12,7,9,11,14,5,15,6,1,10,13,5,8,2,16$1.0
561$4,12,7,9,11,14,5,15,6,1,10,13,5,8,2,16$1.0
562$4,12,7,9,11,14,5,15,6,1,10,13,15,8,2,16$1.0
563$4,12,7,9,11,14,5,15,6,1,10,13,15,8,2,16$1.0
564$4,12,7,9,11,14,5,15,6,1,10,13,15,8,2,16$1.0
565$4,12,7,9,11,14,5,15,6,1,10,13,6,8,2,16$1.0
566$4,12,7,9,11,14,5,15,6,1,10,13,15,8,2,16$1.0
567$4,12,7,9,11,14,5,15,6,1,10,13,6,8,2,16$1.0
568$4,12,7,9,11,14,5,15,6,1,10,13,15,8,2,16$1.0
569$4,12,7,9,11,14,5,15,6,1,10,13,15,8,2,16$1.0
570$4,12,7,9,11,14,5,15,6,1,10,13,15,8,2,16$1.0
571$4,12,7,9,11,14,5,15,6,1,10,13,15,8,2,16$1.0
572$4,12,7,9,11,14,5,15,6,1,10,13,15,8,2,16$1.0
573$4,12,7,9,11,14,5,15,6,1,10,13,6,8,2,16$1.0
574$4,12,7,9,11,14,5,15,6,1,10,13,6,8,2,16$1.0
575$4,12,7,9,11,14,5,15,6,1,10,13,15,8,2,16$1.0
576$4,12,7,9,11,14,5,15,6,1,10,13,15,8,2,16$1.0
577$4,12,7,9,11,14,5,15,6,1,10,13,15,8,2,16$1.0
578$4,12,7,9,11,14,5,15,6,1,10,13,15,8,2,16$1.0
579$4,12,7,9,11,14,5,15,6,1,10,13,6,8,2,16$1.0
580$4,12,7,9,11,14,5,15,6,1,10,13,6,8,2,16$1.0
581$4,12,7,9,11,14,5,15,6,1,10,13,6,8,2,16$1.0
582$4,12,7,9,11,14,5,15,6,1,10,13,15,8,2,16$1.0
583$4,12,7,9,11,14,5,15,6,1,10,13,6,8,2,16$1.0
584$4,12,7,9,11,14,5,15,6,1,10,13,6,8,2,16$1.0
585$4,12,7,9,11,14,5,15,6,1,10,13,6,8,2,16$1.0
586$4,12,7,9,11,14,5,15,6,1,10,13,6,8,2,16$1.0
587$4,12,7,9,11,14,5,15,6,1,10,13,15,8,2,16$1.0
588$3,12,7,9,11,14,5,15,6,1,10,13,16,8,2,16$1.0
589$4,12,7,9,11,14,5,15,6,1,10,13,15,8,2,16$1.0
590$4,12,7,9,11,14,5,15,6,1,10,13,15,8,2,16$1.0
591$4,12,7,9,11,14,5,15,6,1,10,13,6,8,2,16$1.0
592$4,12,7,9,11,14,5,15,6,1,10,13,15,8,2,16$1.0
593$4,12,7,9,11,14,5,15,6,1,10,13,6,8,2,16$1.0
594$4,12,7,9,11,14,5,15,6,1,10,13,15,8,2,16$1.0
595$4,12,7,9,11,14,5,15,6,1,10,13,6,8,2,16$1.0
596$4,12,7,9,11,14,5,15,6,1,10,13,5,8,2,16$1.0
597$4,12,7,9,11,14,5,15,6,1,10,13,5,8,2,16$1.0
598$4,12,7,9,11,14,5,15,6,1,10,13,5,8,2,16$1.0
599$4,12,7,9,11,14,5,15,6,1,10,13,6,8,2,16$1.0
600$4,12,7,9,11,14,5,15,6,1,10,13,6,8,2,16$1.0
601$4,12,7,9,11,14,5,15,6,1,10,13,5,8,2,16$1.0
602$4,12,7,9,11,14,5,15,6,1,10,13,6,8,2,16$1.0
603$4,12,7,9,11,14,5,15,6,1,10,13,5,8,2,16$1.0
604$4,12,7,9,11,14,5,15,6,1,10,13,6,8,2,16$1.0
605$4,12,7,9,11,14,5,15,6,1,10,13,5,8,2,16$1.0
606$4,12,7,9,11,14,5,15,6,1,10,13,6,8,2,16$1.0
607$4,12,7,9,11,14,5,15,6,1,10,13,5,8,2,16$1.0
608$4,12,7,9,11,14,5,15,6,1,10,13,6,8,2,16$1.0
609$4,12,7,9,11,14,5,15,6,1,10,13,6,8,2,16$1.0
610$4,12,7,9,11,14,5,15,6,1,10,13,6,8,2,16$1.0
611$4,12,7,9,11,14,5,15,6,1,10,13,6,8,2,16$1.0
612$4,12,7,9,11,14,5,15,6,1,10,13,6,8,3,16$1.0
613$4,12,7,9,11,14,5,15,6,1,10,13,6,8,2,16$1.0
614$4,12,7,9,11,14,5,15,6,1,10,13,5,8,2,16$1.0
615$4,12,7,9,11,14,5,15,6,1,10,13,6,8,2,16$1.0
616$4,12,7,9,11,14,5,15,6,1,10,13,6,8,3,16$1.0
617$4,12,7,9,11,14,5,15,6,1,10,13,5,8,2,16$1.0
618$4,12,7,9,11,14,5,15,6,1,10,13,5,8,2,16$1.0
619$4,12,7,9,11,14,5,15,6,1,10,13,6,8,3,16$1.0
620$4,12,7,9,11,14,5,15,6,1,10,13,5,8,2,16$1.0
621$4,12,7,9,11,14,5,15,6,1,10,13,5,8,2,16$1.0
622$4,12,7,9,11,14,5,15,6,1,10,13,5,8,2,16$1.0
623$4,12,7,9,11,14,2,15,6,1,10,13,5,8,2,16$1.0
624$4,12,7,9,11,14,5,15,6,1,10,13,6,8,2,16$1.0
625$3,12,7,9,11,14,5,15,6,1,10,13,5,8,2,16$1.0
626$4,12,7,9,11,14,5,15,6,1,10,13,5,8,2,16$1.0
627$4,12,7,9,11,14,5,15,6,1,10,13,15,8,2,16$1.0
628$4,12,7,9,11,14,5,15,6,1,10,13,5,8,2,16$1.0
629$4,12,7,9,11,14,2,15,6,1,10,13,5,8,2,16$1.0
630$4,12,7,9,11,14,5,15,6,1,10,13,5,8,2,16$1.0
631$4,12,7,9,11,14,5,15,6,1,10,13,6,8,3,16$1.0
632$4,12,7,9,11,14,5,15,6,1,10,13,5,8,2,16$1.0
633$4,12,7,9,11,14,5,15,6,1,10,13,5,8,2,16$1.0
634$4,12,7,9,11,14,5,15,6,1,10,13,5,8,2,16$1.0
635$4,12,7,9,11,14,5,15,6,1,10,13,6,8,3,16$1.0
636$4,12,7,9,11,14,2,15,6,1,10,13,5,8,2,16$1.0
637$4,12,7,9,11,14,5,15,6,1,10,13,15,8,2,16$1.0
638$4,12,7,9,11,14,5,15,6,1,10,13,15,8,2,16$1.0
639$4,12,7,9,11,14,5,15,6,1,10,13,5,8,2,16$1.0
640$4,12,7,9,11,14,2,15,6,1,10,13,5,8,2,16$1.0
641$4,12,7,9,11,14,2,15,6,1,10,13,5,8,2,16$1.0
642$4,12,7,9,11,14,5,15,6,1,10,13,15,8,2,16$1.0
643$4,12,7,9,11,14,5,15,6,1,10,13,5,8,2,16$1.0
644$4,12,7,9,11,14,2,15,6,1,10,13,5,8,2,16$1.0
645$4,12,7,9,11,14,5,15,6,1,10,13,15,8,2,16$1.0
646$4,12,7,9,11,14,5,15,6,1,10,13,15,8,2,16$1.0
647$4,12,7,9,11,14,5,15,6,1,10,13,15,8,2,16$1.0
648$4,12,7,9,11,14,5,15,6,1,10,13,15,8,2,16$1.0
649$4,12,7,9,11,14,5,15,6,1,10,13,15,8,2,16$1.0
650$4,12,7,9,11,14,2,15,6,1,10,13,5,8,2,16$1.0
651$4,12,7,9,11,14,2,15,6,1,10,13,5,8,2,16$1.0
652$4,12,7,9,11,14,5,15,6,1,10,13,5,8,2,16$1.0
653$4,12,7,9,11,14,5,15,6,1,10,13,5,8,2,16$1.0
654$4,12,7,9,11,14,2,15,6,1,10,13,5,8,2,16$1.0
655$4,12,7,9,11,14,5,15,6,1,10,13,15,8,2,16$1.0
656$4,12,7,9,11,14,2,15,6,1,10,13,5,8,2,16$1.0
657$4,12,7,9,11,14,2,15,6,1,10,13,5,8,2,16$1.0
658$4,12,7,9,11,14,2,15,6,1,10,13,5,8,2,16$1.0
659$4,12,7,9,11,14,2,15,6,1,10,13,5,8,2,16$1.0
660$4,12,7,9,11,14,2,15,6,1,10,13,5,8,2,16$1.0
661$4,12,7,9,11,14,2,15,6,1,10,13,5,8,2,16$1.0
662$4,12,7,9,11,14,5,15,6,1,10,13,5,8,2,16$1.0
663$4,12,7,9,11,14,2,15,6,1,10,13,5,8,2,16$1.0
664$4,12,7,9,11,14,2,15,6,1,10,13,5,8,2,16$1.0
665$4,12,7,9,11,14,5,1,6,1,10,13,15,8,2,16$1.0
666$4,12,7,9,11,14,5,1,6,1,10,13,15,8,2,16$1.0
667$4,12,7,9,11,14,5,1,6,1,10,13,15,8,2,16$1.0
668$3,12,7,9,11,14,2,15,6,1,10,13,5,8,2,16$1.0
669$3,12,7,9,11,14,2,15,6,1,10,13,5,8,2,16$1.0
670$4,12,7,9,11,14,2,15,6,1,10,13,5,8,2,16$1.0
671$3,12,7,9,11,14,2,15,6,1,10,13,5,8,2,16$1.0
672$4,12,7,9,3,14,2,15,6,1,10,13,5,8,2,16$1.0
673$4,12,7,9,11,14,2,15,6,1,10,13,5,8,2,16$1.0
674$4,12,7,9,11,14,5,15,6,1,10,13,5,8,2,16$1.0
675$4,12,7,9,11,14,2,15,6,1,10,13,5,8,2,16$1.0
676$4,12,7,9,3,14,2,15,6,1,10,13,5,8,2,16$1.0
677$4,12,7,9,11,14,2,15,6,1,10,13,5,8,2,16$1.0
678$4,12,7,9,11,14,2,15,6,1,10,13,5,8,2,16$1.0
679$4,12,7,9,11,14,2,15,6,1,10,13,5,8,2,16$1.0
680$4,12,7,9,11,14,2,15,6,1,10,13,5,8,2,16$1.0
681$4,12,7,9,11,14,2,15,6,1,10,13,5,8,2,16$1.0
682$4,12,7,9,11,14,2,15,6,1,10,13,5,8,2,16$1.0
683$4,12,7,9,11,14,2,15,6,1,10,13,5,8,2,16$1.0
684$4,12,7,9,11,14,2,15,6,1,10,13,5,8,2,16$1.0
685$4,12,7,9,3,14,2,15,6,1,10,13,5,8,2,16$1.0
686$4,12,7,9,11,14,2,15,6,1,10,13,5,8,2,16$1.0
687$4,12,7,9,11,14,2,15,6,1,10,13,5,8,4,16$1.0
688$4,12,7,9,11,14,2,15,6,1,10,13,5,8,2,16$1.0
689$4,12,7,9,11,14,2,15,6,1,10,13,5,8,4,16$1.0
690$4,12,7,9,11,14,2,15,6,1,10,13,5,3,11,16$1.0
691$4,12,7,9,11,14,2,15,6,1,10,13,5,3,11,16$1.0
692$4,12,7,9,11,14,2,15,6,1,10,13,5,8,11,3$1.0
693$4,12,7,9,11,14,2,15,6,1,10,13,5,8,11,3$1.0
694$4,12,7,9,11,14,2,15,6,1,10,13,5,3,11,16$1.0
695$4,12,7,9,11,14,2,15,6,1,10,13,5,3,11,16$1.0
696$4,12,7,9,11,14,2,15,6,1,10,13,5,3,11,16$1.0
697$4,12,7,9,3,14,2,15,6,1,10,13,5,3,11,16$1.0
698$4,12,7,9,11,14,2,15,6,1,10,13,5,3,11,16$1.0
699$4,12,7,9,11,14,2,15,6,1,10,13,5,8,11,3$1.0
700$4,12,7,9,11,14,2,15,6,1,10,13,5,3,11,16$1.0
701$4,12,7,9,11,14,2,15,6,1,10,13,5,3,11,16$1.0
702$4,12,7,9,11,14,2,15,6,1,10,13,5,8,2,16$1.0
703$4,12,7,9,11,14,2,15,6,1,10,13,5,8,2,16$1.0
704$4,12,7,9,11,14,2,15,6,1,10,13,5,3,11,16$1.0
705$4,12,7,9,11,14,2,15,6,1,10,13,5,3,11,16$1.0
706$4,12,7,9,7,14,2,15,6,1,10,13,5,3,11,16$1.0
707$4,12,7,9,11,14,2,15,6,1,10,13,5,8,11,16$1.0
708$4,12,7,9,11,14,2,15,6,1,10,13,5,3,11,16$1.0
709$4,12,7,9,11,14,2,15,6,1,10,13,5,3,11,16$1.0
710$4,12,7,9,11,14,2,15,6,1,10,13,5,8,2,16$1.0
711$4,12,7,9,11,14,2,15,6,1,10,13,5,3,11,16$1.0
712$4,12,7,9,11,14,2,15,6,1,10,13,5,3,11,16$1.0
713$4,12,7,9,11,14,2,15,6,1,10,13,5,8,2,16$1.0
714$4,12,7,9,11,14,2,15,6,1,10,13,5,8,2,16$1.0
715$4,12,7,9,11,14,2,15,6,1,10,13,5,3,13,16$1.0
716$4,12,7,9,11,14,2,15,6,1,10,13,5,3,11,16$1.0
717$4,12,7,9,11,14,2,15,6,1,10,13,5,3,11,16$1.0
718$4,12,7,9,11,14,2,15,6,1,10,13,5,8,2,16$1.0
719$4,12,7,9,11,14,2,15,6,1,10,13,5,3,13,16$1.0
720$4,12,7,9,11,14,2,15,6,1,10,13,5,8,2,16$1.0
721$4,12,7,9,11,14,2,15,6,1,10,13,5,8,2,16$1.0
722$4,12,7,9,11,14,2,15,6,1,10,13,5,3,11,16$1.0
723$4,12,7,9,11,14,2,15,6,1,10,13,5,8,2,16$1.0
724$4,12,7,9,11,14,2,15,6,1,10,13,5,8,2,16$1.0
725$4,12,7,9,11,14,2,15,6,1,10,13,5,8,2,16$1.0
726$4,12,7,9,11,14,2,15,6,1,10,13,5,3,11,16$1.0
727$4,12,7,9,11,14,2,15,6,1,10,13,5,3,11,16$1.0
728$4,12,7,9,11,14,2,15,6,1,10,13,5,8,2,16$1.0
729$4,12,7,9,11,14,2,15,6,1,10,13,5,8,4,16$1.0
730$4,12,7,9,11,14,2,15,6,1,10,13,5,3,11,16$1.0
731$4,12,7,9,11,14,2,15,6,1,10,13,5,3,11,16$1.0
732$4,12,7,9,11,14,2,15,6,1,10,13,5,8,2,16$1.0
733$4,12,7,9,11,14,2,15,6,1,10,13,5,3,11,16$1.0
734$4,12,7,9,11,14,2,15,6,1,10,13,5,8,2,16$1.0
735$4,12,7,9,11,14,2,15,6,1,10,13,5,8,4,16$1.0
736$4,12,7,9,11,14,2,15,6,1,10,13,5,3,11,16$1.0
737$4,12,7,9,11,14,5,15,6,1,10,13,5,8,2,16$1.0
738$4,12,7,9,11,14,2,15,6,1,10,13,5,3,11,16$1.0
739$4,12,7,9,11,14,2,15,6,1,10,13,5,3,11,16$1.0
740$4,12,7,9,11,14,2,15,6,1,10,13,5,3,11,16$1.0
741$4,12,7,9,11,14,2,15,6,1,10,13,5,3,11,16$1.0
742$4,12,7,9,11,14,2,15,6,1,10,13,5,3,11,16$1.0
743$4,12,7,9,11,14,2,15,6,1,10,13,5,3,11,16$1.0
744$4,12,7,9,14,14,2,15,6,1,10,13,5,3,11,16$1.0
745$4,12,7,9,11,14,2,15,6,1,10,13,5,3,11,16$1.0
746$4,12,7,9,7,14,2,15,6,1,10,13,5,3,11,16$1.0
747$4,12,7,9,14,14,2,15,6,1,10,13,5,3,11,16$1.0
748$4,12,7,9,11,14,2,15,6,1,10,13,5,3,11,16$1.0
749$4,12,7,9,11,14,2,15,6,1,10,13,5,3,11,16$1.0
750$4,12,7,9,11,14,2,15,6,1,10,13,5,3,11,16$1.0
751$4,12,7,9,11,14,2,15,6,1,10,13,5,3,11,16$1.0
752$4,12,7,9,14,14,2,15,6,1,10,13,5,3,11,16$1.0
753$4,12,7,9,11,14,2,15,6,1,10,13,5,3,11,16$1.0
754$4,12,7,9,11,14,2,15,6,1,10,13,5,3,11,16$1.0
755$4,12,7,9,11,14,2,15,6,1,10,13,5,3,11,16$1.0
756$4,12,7,9,11,14,2,15,6,1,10,13,5,3,9,16$1.0
757$4,12,7,9,11,14,2,15,6,1,10,13,5,3,11,16$1.0
758$4,12,7,9,11,14,2,15,6,1,10,13,5,3,11,16$1.0
759$4,12,7,9,11,14,2,15,6,1,10,13,5,3,11,16$1.0
760$4,12,7,9,11,14,2,15,6,1,10,13,5,3,11,16$1.0
761$4,12,7,9,11,14,2,15,6,1,10,13,5,3,11,16$1.0
762$4,12,7,9,11,14,2,15,6,1,10,13,5,3,11,16$1.0
763$4,12,7,9,11,14,2,15,6,1,10,13,5,3,11,16$1.0
764$4,12,7,9,11,14,2,15,6,1,10,13,5,3,11,16$1.0
765$4,12,7,9,11,14,2,15,6,1,10,13,5,8,11,16$1.0
766$4,12,7,9,11,14,2,15,6,1,10,13,5,3,11,16$1.0
767$4,12,7,9,11,14,2,15,6,1,10,13,5,3,9,16$1.0
768$4,12,7,9,3,14,2,15,6,1,10,13,5,8,11,16$0.0
768$4,12,7,9,3,14,2,15,6,1,10,13,5,8,11,16$0.0
