16
0$8,6,12,16,11,1,12,4,2,2,10,15,11,14,14,6$9.0
0$1,16,6,16,12,1,11,11,2,10,7,10,7,1,14,15$25.0
0$1,9,1,5,13,15,5,5,10,2,11,16,10,12,10,3$23.0
0$10,10,8,16,6,2,1,16,1,16,6,2,12,5,5,13$22.0
0$4,15,11,16,9,15,12,9,7,13,1,14,9,4,12,6$20.0
0$5,11,13,8,16,8,9,1,16,10,16,5,2,1,11,3$19.0
0$8,6,12,16,11,1,12,4,2,2,10,15,11,14,14,6$9.0
1$10,8,1,12,9,15,11,9,6,5,16,8,16,5,7,8$14.0
2$4,15,7,14,11,1,12,4,2,2,10,15,11,14,3,6$11.0
3$1,15,7,14,11,1,12,4,2,2,10,15,11,14,3,6$11.0
4$16,12,5,16,1,14,4,15,15,2,10,15,11,14,3,6$9.0
5$16,11,14,6,11,1,7,4,2,2,10,15,11,14,3,6$12.0
6$4,15,7,14,16,1,12,4,6,3,12,15,11,14,3,6$10.0
7$10,15,7,14,16,1,12,4,6,3,12,15,11,12,15,8$10.0
8$1,15,7,14,11,14,12,4,2,11,10,15,10,12,13,8$9.0
9$2,8,10,16,9,1,12,4,2,3,12,15,11,14,3,6$9.0
10$15,15,7,14,16,1,12,4,2,13,3,16,11,14,5,6$9.0
11$1,15,7,14,11,1,16,4,10,13,3,9,11,14,5,6$9.0
12$10,15,7,14,11,1,12,4,6,3,12,15,7,14,3,6$8.0
12$10,15,7,14,11,1,12,4,6,3,12,15,7,14,3,6$8.0
13$15,15,7,16,1,1,12,4,16,3,3,11,2,14,3,6$8.0
14$1,13,7,14,11,14,12,4,16,3,12,15,11,5,3,6$8.0
15$10,15,5,14,16,1,12,4,16,3,3,14,13,2,12,7$8.0
16$2,15,7,14,1,14,12,4,16,4,10,3,11,14,1,6$7.0
16$2,15,7,14,1,14,12,4,16,4,10,3,11,14,1,6$7.0
17$13,15,7,14,11,1,12,4,16,7,10,15,2,12,15,8$7.0
18$13,15,7,14,11,1,12,4,16,2,10,14,11,1,3,6$7.0
19$13,15,7,14,16,1,12,4,16,3,10,3,11,14,1,6$6.0
19$13,15,7,14,16,1,12,4,16,3,10,3,11,14,1,6$6.0
20$8,15,7,16,11,1,12,4,2,13,3,6,11,14,3,6$5.0
20$8,15,7,16,11,1,12,4,2,13,3,6,11,14,3,6$5.0
21$13,15,7,14,11,1,12,4,16,3,10,15,11,1,3,6$6.0
22$2,13,7,16,11,1,12,4,16,3,10,15,4,9,3,6$5.0
23$8,15,7,16,11,1,12,4,2,4,10,15,11,1,3,6$4.0
23$8,15,7,16,11,1,12,4,2,4,10,15,11,1,3,6$4.0
24$8,15,7,16,11,1,12,4,2,4,10,15,11,1,3,6$4.0
25$8,15,7,16,11,1,12,4,2,4,10,15,11,1,3,6$4.0
26$13,15,7,2,11,1,12,4,16,3,10,15,11,1,3,6$6.0
27$2,13,5,16,11,1,12,4,16,3,10,15,11,1,3,6$6.0
28$13,15,7,14,11,1,12,4,16,3,10,14,11,1,5,6$5.0
29$13,15,7,2,11,1,12,4,16,3,10,15,11,1,3,6$6.0
30$13,15,7,2,11,1,12,4,16,3,10,14,11,1,12,6$5.0
31$13,15,7,14,11,1,12,4,16,3,10,14,11,1,12,6$4.0
32$2,15,7,14,11,1,12,4,16,3,10,14,11,1,12,6$4.0
33$2,15,7,2,11,1,12,4,16,3,10,14,7,1,3,6$4.0
34$2,15,7,14,11,1,12,4,16,3,10,14,11,1,12,6$4.0
35$13,15,7,2,11,1,12,4,16,3,10,14,7,1,3,8$3.0
35$13,15,7,2,11,1,12,4,16,3,10,14,7,1,3,8$3.0
36$13,15,7,2,11,1,12,4,16,3,10,14,7,1,3,6$3.0
37$2,15,7,2,11,1,12,4,16,3,10,14,7,1,3,8$4.0
38$13,15,7,2,11,1,12,4,16,3,10,14,7,1,3,8$3.0
39$13,15,7,2,11,1,12,4,16,3,10,14,10,1,3,8$3.0
40$13,15,7,2,11,1,12,4,16,3,10,14,10,1,3,8$3.0
41$2,15,7,7,11,1,12,4,16,3,10,14,11,1,3,6$4.0
42$13,15,7,2,11,1,12,4,16,13,10,14,7,1,3,6$3.0
43$13,15,7,2,11,1,12,4,16,13,10,14,7,1,3,6$3.0
44$10,15,7,2,11,1,12,4,16,13,10,14,7,1,3,6$3.0
45$10,15,7,2,11,1,12,4,16,13,10,14,7,1,3,6$3.0
46$13,15,7,2,11,1,12,4,16,3,10,14,7,1,3,6$3.0
47$13,15,7,2,11,16,12,4,16,3,10,14,10,1,3,8$3.0
48$13,15,7,2,11,16,12,4,16,3,10,14,10,1,3,8$3.0
49$13,15,7,2,11,16,12,4,16,3,10,14,10,1,3,8$3.0
50$13,15,7,2,11,16,12,4,16,3,10,14,10,1,3,8$3.0
51$13,15,7,2,11,1,12,4,16,3,10,14,10,1,3,8$3.0
52$13,15,7,2,11,1,12,4,16,3,10,14,7,1,3,6$3.0
53$13,15,7,2,11,1,12,4,16,3,10,14,7,1,3,6$3.0
54$13,15,7,2,11,1,12,4,16,3,10,14,7,1,3,6$3.0
55$13,15,7,2,11,1,12,4,16,3,10,14,7,1,3,6$3.0
56$13,15,7,2,11,1,12,4,16,3,10,14,7,1,3,6$3.0
57$13,15,7,2,11,1,12,4,16,3,10,14,7,1,3,6$3.0
58$13,15,7,2,11,1,12,4,16,3,10,14,7,15,3,6$3.0
59$13,15,7,2,11,1,12,4,16,3,10,14,10,1,3,8$3.0
60$13,15,7,2,11,1,12,4,16,3,10,14,10,1,3,8$3.0
61$13,15,7,2,11,1,12,4,16,3,10,14,7,1,3,6$3.0
62$13,15,7,2,11,1,12,4,16,3,10,14,7,1,3,6$3.0
63$13,15,7,2,11,1,12,4,16,3,10,14,7,15,3,6$3.0
64$13,15,7,2,11,1,12,4,16,3,10,14,7,15,3,6$3.0
65$13,15,7,2,11,1,12,4,16,3,10,14,7,15,3,6$3.0
66$13,15,7,2,11,1,12,4,16,3,10,14,7,1,3,8$3.0
67$13,15,7,2,11,1,12,4,16,3,10,14,7,15,3,6$3.0
68$13,15,7,2,11,1,12,4,16,3,10,14,7,15,3,6$3.0
69$13,15,6,2,11,1,12,4,16,3,10,14,7,1,3,8$2.0
69$13,15,6,2,11,1,12,4,16,3,10,14,7,1,3,8$2.0
70$13,15,7,2,11,1,12,4,16,3,10,14,7,15,3,6$3.0
71$13,15,7,2,11,1,12,4,16,3,10,14,7,1,3,6$3.0
72$13,15,7,2,11,1,12,4,16,3,10,14,7,1,3,6$3.0
73$13,15,6,2,11,1,12,4,16,3,10,14,7,1,3,6$3.0
74$13,15,7,2,11,1,12,4,16,3,10,14,7,1,3,6$3.0
75$13,15,7,2,11,1,12,4,16,3,10,14,7,15,3,6$3.0
76$13,15,7,2,11,1,12,4,16,3,10,14,7,15,3,6$3.0
77$13,15,7,2,11,1,12,4,16,3,10,14,16,1,3,6$3.0
78$13,15,7,2,11,1,12,4,16,3,10,14,16,1,3,6$3.0
79$13,15,7,2,11,1,12,4,16,3,10,14,7,15,3,6$3.0
80$13,15,7,2,11,1,12,4,16,3,10,14,7,1,3,6$3.0
81$13,15,7,2,11,1,12,4,16,3,10,14,14,1,3,8$3.0
82$13,15,7,2,11,1,12,4,16,13,10,14,7,15,3,6$3.0
83$13,15,7,2,11,1,12,4,16,3,10,14,7,4,12,8$3.0
84$13,15,7,2,11,1,12,4,16,13,10,14,7,15,3,6$3.0
85$13,15,7,2,11,1,12,4,16,3,10,14,14,1,3,8$3.0
86$13,15,7,2,11,1,12,4,16,3,10,14,7,15,3,6$3.0
87$13,15,7,2,11,1,12,4,16,3,10,14,14,1,3,8$3.0
88$13,15,7,2,11,1,12,4,16,13,10,14,7,15,3,6$3.0
89$13,15,7,2,11,1,12,4,16,3,10,14,7,15,3,6$3.0
90$13,15,7,2,11,1,12,4,16,3,10,14,7,1,3,6$3.0
91$13,15,7,2,11,1,12,4,16,3,10,14,7,1,3,6$3.0
92$13,15,7,2,11,1,12,4,16,3,10,14,7,1,3,6$3.0
93$13,15,7,2,11,1,12,4,16,3,10,14,7,1,3,6$3.0
94$13,15,7,2,11,1,12,4,16,3,10,14,7,1,3,6$3.0
95$13,15,7,2,11,1,12,4,16,3,10,14,14,1,3,8$3.0
96$13,15,7,2,11,1,12,4,16,3,10,14,14,1,3,8$3.0
97$13,15,7,2,11,1,12,4,16,13,10,14,14,1,3,8$3.0
98$13,15,7,2,11,1,12,4,16,3,10,14,14,1,3,8$3.0
99$13,15,7,2,11,1,12,4,16,13,10,14,14,1,3,8$3.0
100$13,15,7,2,11,1,12,4,16,3,10,14,7,15,3,6$3.0
101$13,15,7,2,11,1,12,4,16,3,10,14,7,15,3,6$3.0
102$13,15,7,2,11,1,12,4,16,3,10,14,7,15,3,6$3.0
103$13,15,7,2,11,1,12,4,16,3,10,14,7,15,12,6$3.0
104$13,15,7,2,11,1,12,4,16,3,10,14,7,15,3,6$3.0
105$13,15,7,2,11,1,12,4,16,3,10,14,7,15,3,6$3.0
106$13,15,7,2,11,1,12,4,16,3,10,14,7,15,3,6$3.0
107$13,15,7,2,11,1,12,4,16,3,10,14,7,15,3,6$3.0
108$13,15,7,2,11,1,12,4,16,3,10,14,7,15,3,6$3.0
109$13,15,7,2,11,1,12,4,16,3,10,14,7,15,12,6$3.0
110$13,15,7,2,11,1,12,4,16,3,10,14,7,15,3,6$3.0
111$13,15,7,2,11,1,12,4,16,3,10,14,7,14,3,6$3.0
112$13,15,7,2,11,1,12,4,9,3,10,14,7,15,12,6$3.0
113$13,15,7,2,11,1,12,4,16,3,10,14,7,14,3,6$3.0
114$13,15,7,2,11,1,12,4,16,3,10,14,7,15,12,6$3.0
115$13,15,7,2,11,1,12,4,16,3,10,14,7,15,12,6$3.0
116$13,15,7,2,11,1,12,4,16,3,10,14,7,1,3,8$3.0
117$13,15,7,2,11,1,8,4,16,3,10,14,7,14,12,6$2.0
118$13,15,7,2,11,1,12,4,16,3,10,14,7,15,12,6$3.0
119$13,15,7,2,11,1,12,4,16,3,10,14,2,15,12,6$3.0
120$13,15,7,2,11,1,12,4,16,1,10,14,2,14,3,6$3.0
121$13,15,7,2,11,1,12,4,16,3,10,14,2,15,9,6$2.0
122$13,15,7,2,11,1,12,4,16,3,10,14,5,15,12,6$2.0
123$13,15,7,2,11,1,12,4,16,3,10,14,5,15,12,6$2.0
124$13,15,7,2,11,1,12,4,16,3,10,14,5,15,12,6$2.0
125$13,15,7,2,11,1,12,4,16,3,10,14,5,15,12,6$2.0
126$13,15,7,2,11,1,12,4,16,3,10,14,5,15,12,6$2.0
127$13,15,7,2,11,1,12,4,16,3,10,14,5,15,12,6$2.0
128$13,15,7,2,11,1,12,4,16,3,10,14,5,15,9,6$1.0
128$13,15,7,2,11,1,12,4,16,3,10,14,5,15,9,6$1.0
129$13,15,7,2,11,1,12,4,16,3,10,14,5,15,9,6$1.0
130$13,15,7,2,11,1,12,4,16,3,10,14,5,15,12,6$2.0
131$13,15,7,2,11,1,12,4,16,3,10,14,5,15,9,6$1.0
132$13,15,7,2,11,1,12,4,16,3,10,14,5,15,9,6$1.0
133$13,15,7,2,11,1,12,4,16,3,10,14,5,15,9,6$1.0
134$13,15,7,2,11,1,12,4,16,3,10,14,5,15,9,6$1.0
135$13,15,7,2,11,1,12,4,16,3,10,14,5,15,9,6$1.0
136$13,15,7,2,11,1,12,4,16,3,10,14,5,15,9,6$1.0
137$13,15,7,2,11,1,12,4,16,3,10,14,5,15,9,6$1.0
138$13,15,7,2,11,1,12,4,16,3,10,14,5,15,9,6$1.0
139$13,15,7,2,11,1,12,4,16,3,10,14,5,14,9,6$1.0
140$13,15,7,2,11,1,12,4,16,3,10,15,5,14,9,6$1.0
141$13,15,7,2,11,1,12,4,16,3,10,14,5,14,9,6$1.0
142$13,15,7,2,11,1,12,4,16,3,10,14,5,15,9,6$1.0
143$13,15,7,2,11,1,12,4,16,3,10,14,5,14,9,6$1.0
144$13,15,7,2,11,1,12,4,16,3,10,14,5,15,9,6$1.0
145$13,15,7,2,11,1,12,4,16,3,10,14,5,15,9,6$1.0
146$13,3,7,2,11,1,12,4,16,3,10,15,5,14,9,6$1.0
147$13,15,7,2,11,1,12,4,16,3,10,15,5,14,9,6$1.0
148$13,15,7,2,11,1,12,4,16,3,10,15,5,14,9,6$1.0
149$13,15,7,2,11,1,12,4,16,3,10,14,5,15,9,6$1.0
150$13,15,7,2,11,1,12,4,16,3,10,14,5,15,9,6$1.0
151$13,15,7,2,11,1,12,4,16,3,10,14,5,15,9,6$1.0
152$13,15,7,2,11,1,12,4,16,3,10,15,5,14,9,6$1.0
153$13,15,7,2,11,1,12,4,16,3,10,15,5,14,9,6$1.0
154$13,15,7,2,11,1,12,4,16,3,10,15,5,14,9,6$1.0
155$13,15,7,2,11,1,12,4,16,3,10,14,5,14,9,6$1.0
156$13,15,7,2,11,1,12,4,16,3,10,15,5,14,9,6$1.0
157$13,15,7,2,11,1,12,4,16,3,10,15,5,14,9,6$1.0
158$13,15,7,2,11,1,12,4,16,3,10,14,5,14,9,6$1.0
159$13,15,7,2,11,1,8,4,16,3,10,15,5,14,9,6$1.0
160$13,15,7,2,11,1,12,4,16,3,10,15,5,14,9,6$1.0
161$13,15,7,2,11,1,12,4,16,3,10,15,5,14,9,6$1.0
162$13,15,7,2,11,1,8,4,16,3,10,15,5,14,9,6$1.0
163$13,15,7,2,11,1,12,4,16,3,10,15,5,14,9,6$1.0
164$13,15,7,2,11,1,8,4,16,3,10,15,5,14,9,6$1.0
165$13,15,7,2,11,1,12,4,16,3,10,15,5,14,9,6$1.0
166$13,15,7,2,11,1,8,4,16,3,10,15,5,14,9,6$1.0
167$13,15,7,2,11,1,8,4,16,3,10,15,5,14,9,6$1.0
168$13,15,7,2,11,1,8,4,16,3,10,15,5,14,9,6$1.0
169$13,15,7,2,11,1,8,4,16,3,10,15,5,14,9,6$1.0
170$13,15,7,2,11,1,12,4,16,3,10,14,5,14,9,6$1.0
171$13,15,7,2,11,1,8,4,16,3,10,14,5,14,9,6$1.0
172$13,15,7,2,11,1,12,4,16,3,10,14,5,14,9,6$1.0
173$13,15,7,2,11,1,8,4,16,3,10,14,5,14,9,6$1.0
174$13,15,7,2,11,1,8,4,16,3,10,15,5,14,9,6$1.0
175$13,15,7,2,11,1,8,4,16,3,10,14,5,14,9,6$1.0
176$13,15,7,2,11,1,8,4,16,3,10,15,5,14,9,6$1.0
177$13,15,7,2,11,1,12,4,16,3,10,14,5,14,9,6$1.0
178$13,15,7,2,11,1,8,4,16,3,10,14,5,14,9,6$1.0
179$13,15,7,2,11,1,8,4,16,3,10,14,5,14,9,6$1.0
180$13,15,7,2,11,1,8,4,16,3,10,14,5,14,9,6$1.0
181$13,15,7,2,11,1,8,4,16,3,10,14,5,14,9,6$1.0
182$13,15,7,2,11,1,8,4,16,3,10,15,5,14,9,6$1.0
183$13,15,7,2,11,1,8,4,16,3,10,14,5,14,9,6$1.0
184$13,15,7,2,11,1,12,4,16,3,10,14,5,1,9,6$1.0
185$13,15,7,2,11,1,12,4,16,3,10,14,5,14,9,6$1.0
186$13,15,7,2,11,1,8,4,16,3,10,15,5,14,9,6$1.0
187$13,15,7,2,11,1,8,4,16,3,10,15,5,14,9,6$1.0
188$13,15,7,2,11,1,12,4,16,3,10,3,5,14,9,6$1.0
189$13,15,7,2,11,1,8,4,16,3,10,15,5,14,9,6$1.0
190$13,15,7,2,11,1,12,4,16,3,10,14,5,14,9,6$1.0
191$13,15,7,2,11,1,12,4,16,3,10,15,5,14,9,6$1.0
192$13,15,7,2,11,1,12,4,16,3,10,14,5,14,9,6$1.0
193$13,15,7,2,11,1,12,4,16,3,10,15,5,14,9,6$1.0
194$13,15,7,2,11,1,12,4,16,3,10,15,5,14,9,6$1.0
195$13,15,7,2,11,1,12,4,16,3,10,15,5,14,9,6$1.0
196$13,15,7,2,11,1,12,4,16,3,10,14,5,14,9,6$1.0
197$13,15,7,2,11,1,8,4,16,3,10,14,5,14,9,6$1.0
198$13,15,7,2,11,1,8,4,16,3,10,15,5,14,9,6$1.0
199$13,15,7,2,11,1,8,4,16,3,10,14,5,14,9,6$1.0
200$13,15,7,2,11,1,8,4,16,3,10,14,5,14,9,6$1.0
201$13,15,7,2,11,1,8,4,16,3,10,15,5,14,9,6$1.0
202$13,15,7,2,11,1,8,4,16,3,10,14,5,14,9,6$1.0
203$13,15,7,2,11,1,12,4,16,3,10,14,5,14,9,6$1.0
204$13,15,7,2,11,1,12,4,16,3,10,14,5,14,9,6$1.0
205$13,15,7,2,11,1,12,4,16,3,10,14,5,14,9,6$1.0
206$13,15,7,2,11,1,12,4,16,3,10,15,5,14,9,6$1.0
207$13,15,7,2,11,1,8,4,16,3,10,14,5,14,9,6$1.0
208$13,15,7,2,11,1,12,4,16,3,10,14,5,14,9,6$1.0
209$13,15,7,2,11,1,12,4,16,3,10,14,5,14,9,6$1.0
210$13,15,7,2,11,1,12,4,16,3,10,15,5,14,9,6$1.0
211$13,15,7,2,11,1,8,4,16,3,10,14,5,14,9,6$1.0
212$13,15,7,2,11,1,12,4,16,3,10,14,5,14,9,6$1.0
213$13,15,7,2,11,1,12,4,16,3,10,14,5,14,9,6$1.0
214$13,15,7,2,11,1,12,4,16,3,10,14,5,14,9,6$1.0
215$13,15,7,2,11,1,12,4,16,3,10,14,5,14,9,6$1.0
216$13,15,7,2,11,1,12,4,16,3,10,14,5,14,9,6$1.0
217$13,15,7,2,11,1,12,4,16,3,10,14,5,14,9,6$1.0
218$13,15,7,2,11,1,12,4,16,3,10,14,5,14,9,6$1.0
219$13,15,7,2,11,1,12,4,16,3,10,14,5,14,9,6$1.0
220$13,15,7,2,11,1,8,4,16,3,10,14,5,14,9,6$1.0
221$13,15,7,2,11,1,12,4,16,3,10,14,5,14,9,6$1.0
222$13,15,7,2,11,1,12,4,16,3,10,14,5,14,9,6$1.0
223$13,15,7,2,11,1,12,4,16,3,10,14,5,14,9,6$1.0
224$13,15,7,2,11,1,12,4,16,3,10,14,5,14,9,6$1.0
225$13,15,7,2,11,1,12,4,16,3,10,14,5,14,9,6$1.0
226$13,15,7,2,11,1,12,4,16,3,10,14,5,14,9,6$1.0
227$13,15,7,2,11,1,8,4,16,3,10,14,5,14,9,6$1.0
228$13,15,7,2,11,1,12,4,16,3,10,14,5,14,9,6$1.0
229$13,15,7,2,11,1,8,4,16,3,10,14,5,14,9,6$1.0
230$13,15,7,2,11,1,12,4,16,3,10,15,5,14,9,6$1.0
231$13,15,7,2,11,1,8,4,16,3,10,14,5,14,9,6$1.0
232$13,15,7,2,11,1,8,4,16,3,10,14,5,14,9,6$1.0
233$13,15,7,2,11,1,8,4,16,3,10,14,5,14,9,6$1.0
234$13,15,7,2,11,1,12,4,16,3,10,14,5,14,9,6$1.0
235$13,15,7,2,11,1,12,4,16,3,10,14,5,14,9,6$1.0
236$13,15,7,2,11,1,8,4,16,3,10,14,5,14,9,6$1.0
237$13,15,7,2,11,1,12,4,16,3,10,14,5,14,9,6$1.0
238$13,15,7,2,11,1,12,4,16,3,10,14,5,14,9,6$1.0
239$13,15,7,2,11,1,12,4,16,3,10,15,5,14,9,6$1.0
240$13,15,7,2,11,1,8,4,16,3,10,14,5,14,9,6$1.0
241$13,15,7,2,11,1,12,4,16,3,10,14,5,14,9,6$1.0
242$13,15,7,2,11,1,8,4,12,3,16,14,5,14,9,6$1.0
243$13,15,7,2,11,1,8,4,16,3,10,14,5,14,9,6$1.0
244$13,15,7,2,11,1,8,4,16,3,10,14,5,14,9,6$1.0
245$13,15,7,2,11,1,8,4,12,3,16,14,5,14,9,6$1.0
246$13,15,7,2,11,1,8,4,16,3,10,15,5,14,9,6$1.0
247$13,15,7,2,11,1,8,4,16,3,10,14,5,14,9,6$1.0
248$13,15,7,2,11,1,8,4,16,3,10,14,5,14,12,6$1.0
249$13,15,7,2,11,1,12,4,16,3,10,14,5,14,9,6$1.0
250$13,15,7,2,11,1,12,4,16,3,10,15,5,14,9,6$1.0
251$13,15,7,2,11,1,8,4,16,3,10,14,5,14,9,6$1.0
252$13,15,7,2,11,1,8,4,16,3,10,14,5,14,9,6$1.0
253$13,15,7,2,11,1,8,4,16,3,10,14,5,14,9,6$1.0
254$13,15,7,2,11,1,8,4,16,3,10,14,5,14,9,6$1.0
255$13,15,7,2,11,1,8,4,16,3,10,14,5,14,9,6$1.0
256$13,15,7,2,11,1,8,4,16,3,10,14,5,14,9,6$1.0
257$13,15,7,2,11,1,8,4,16,3,10,14,5,14,9,6$1.0
258$13,15,7,2,11,1,8,4,16,3,10,14,5,14,9,6$1.0
259$13,15,7,2,11,1,8,4,16,3,10,14,5,14,9,6$1.0
260$13,15,7,2,11,1,8,4,16,3,10,14,5,14,9,6$1.0
261$13,15,7,2,11,1,8,4,16,3,10,14,5,14,9,6$1.0
262$13,15,7,2,11,1,8,4,16,3,10,14,5,14,9,6$1.0
263$13,15,7,2,11,1,8,4,16,3,10,14,5,14,9,6$1.0
264$13,15,7,2,11,1,8,4,16,3,10,14,5,14,9,6$1.0
265$13,15,7,2,11,1,8,4,16,3,10,15,5,14,9,6$1.0
266$13,15,7,2,11,1,8,4,16,3,10,14,5,14,9,6$1.0
267$13,15,7,2,11,1,8,4,16,3,10,14,5,14,9,6$1.0
268$13,15,7,2,11,1,8,4,16,3,10,14,5,14,9,6$1.0
269$13,15,7,2,11,1,8,4,16,3,10,14,5,5,9,6$1.0
270$13,15,7,2,11,1,8,4,16,3,10,14,5,14,9,6$1.0
271$13,15,7,2,11,1,8,4,16,3,10,14,5,14,9,6$1.0
272$13,15,7,2,11,1,8,4,16,3,10,14,5,14,9,6$1.0
273$13,15,7,2,11,1,8,4,16,3,10,14,5,14,9,6$1.0
274$13,15,7,2,11,1,8,4,16,3,10,14,5,14,9,6$1.0
275$13,15,7,2,11,1,8,4,16,3,10,14,5,14,12,6$1.0
276$13,15,7,2,11,1,8,4,16,3,10,14,5,14,9,6$1.0
277$13,15,7,2,11,1,8,4,16,3,10,14,5,5,12,6$1.0
278$13,15,7,2,11,1,8,4,16,3,10,14,5,14,12,6$1.0
279$13,15,7,2,11,1,8,4,16,3,10,14,5,14,9,6$1.0
280$13,15,7,2,11,1,8,4,16,3,10,14,5,14,12,6$1.0
281$13,15,7,2,11,1,8,4,16,3,10,14,5,14,9,6$1.0
282$13,15,7,2,11,1,8,4,16,3,10,14,5,14,12,6$1.0
283$13,15,7,2,11,1,12,4,16,3,10,14,5,14,9,6$1.0
284$13,15,7,2,11,1,8,4,16,3,10,14,5,5,12,6$1.0
285$13,15,7,2,11,1,8,4,16,3,10,14,5,14,9,6$1.0
286$13,15,7,2,11,1,8,4,16,3,10,14,5,14,9,6$1.0
287$13,15,7,2,11,1,8,4,16,3,10,14,5,14,12,6$1.0
288$13,15,7,2,11,1,8,4,16,3,10,14,5,14,9,6$1.0
289$13,15,7,2,11,1,8,4,12,3,16,14,5,14,9,6$1.0
290$13,15,7,2,11,1,8,4,16,3,10,14,5,14,12,6$1.0
291$13,15,7,2,11,1,8,4,16,3,10,14,5,14,9,6$1.0
292$13,15,7,2,11,1,8,4,16,3,10,14,5,14,9,6$1.0
293$13,15,7,2,11,1,8,4,16,3,10,14,5,14,9,6$1.0
294$13,15,7,2,11,1,8,4,16,3,10,14,5,5,12,6$1.0
295$13,15,7,2,11,1,8,4,16,3,10,14,5,14,12,6$1.0
296$13,15,7,2,11,1,8,4,16,3,10,14,5,14,9,6$1.0
297$13,15,7,2,11,1,8,4,16,3,10,14,5,14,12,6$1.0
298$13,15,7,2,11,1,8,4,16,3,10,14,5,14,9,6$1.0
299$13,15,7,2,11,1,8,4,16,3,10,14,5,5,12,6$1.0
300$13,15,7,2,11,1,8,4,16,3,10,14,5,14,12,6$1.0
301$13,15,7,2,11,1,8,4,16,3,10,14,5,5,12,6$1.0
302$13,15,7,2,11,1,8,4,16,3,10,14,5,14,9,4$2.0
303$13,15,7,2,11,1,8,4,16,3,10,14,5,5,9,6$1.0
304$13,15,7,2,11,1,8,4,16,3,10,14,5,5,12,6$1.0
305$13,15,7,2,11,1,8,4,16,3,10,14,5,14,9,6$1.0
306$13,15,7,2,11,1,8,4,16,3,10,14,5,14,9,6$1.0
307$13,15,7,2,11,1,8,4,16,3,10,14,5,14,9,6$1.0
308$13,15,7,2,11,1,8,4,16,3,10,14,5,5,12,6$1.0
309$13,15,7,2,11,1,8,4,16,3,10,14,5,14,12,6$1.0
310$13,15,7,2,11,1,8,4,16,3,10,14,5,5,12,6$1.0
311$13,15,7,2,11,1,8,4,16,3,10,14,5,14,12,6$1.0
312$13,15,7,2,11,1,8,4,16,3,10,14,7,5,12,6$1.0
313$13,15,7,2,11,1,8,4,16,3,10,14,5,14,12,6$1.0
314$13,15,7,2,11,1,8,4,16,3,10,14,5,5,12,6$1.0
315$13,15,7,2,11,1,8,4,16,3,10,14,5,14,9,6$1.0
316$13,15,7,2,11,1,8,4,16,3,10,14,5,5,9,6$1.0
317$13,15,7,2,11,1,8,4,16,3,10,14,5,5,12,6$1.0
318$13,15,7,2,11,1,8,4,16,3,10,14,5,14,9,6$1.0
319$13,15,7,2,11,1,8,4,16,3,10,14,5,5,9,6$1.0
320$13,15,7,2,11,1,8,4,16,3,10,14,5,5,9,6$1.0
321$13,15,7,2,11,1,8,4,16,3,10,14,5,14,9,6$1.0
322$13,15,7,2,11,1,8,4,16,3,10,14,5,14,9,6$1.0
323$13,15,7,2,11,1,8,4,16,3,10,14,5,5,12,6$1.0
324$13,15,7,2,11,1,8,4,16,3,10,14,5,14,9,6$1.0
325$13,15,7,2,11,1,8,4,16,3,10,14,5,5,12,6$1.0
326$13,15,7,2,11,1,8,4,16,3,10,14,5,5,12,6$1.0
327$13,15,7,2,11,1,8,4,16,3,10,14,5,5,12,6$1.0
328$13,15,7,2,11,1,8,4,16,3,10,14,5,14,9,6$1.0
329$13,15,7,2,11,1,8,4,16,3,10,14,5,5,12,6$1.0
330$13,15,7,2,11,1,8,4,16,3,10,14,5,5,12,6$1.0
331$13,15,7,2,11,1,8,4,16,3,10,14,5,14,9,6$1.0
332$13,15,7,2,11,1,8,4,16,3,10,14,5,5,12,6$1.0
333$13,15,7,2,11,1,8,4,16,3,10,14,5,5,12,6$1.0
334$13,15,7,2,11,1,8,4,16,3,10,14,5,14,9,6$1.0
335$13,15,7,2,11,1,8,4,16,3,10,14,5,5,12,6$1.0
336$13,15,7,2,11,1,8,4,16,3,10,14,5,14,9,6$1.0
337$13,15,7,2,11,1,8,4,16,3,10,14,5,14,9,6$1.0
338$13,15,7,2,11,1,8,4,16,3,10,14,16,5,12,6$1.0
339$13,15,7,2,11,1,8,4,16,3,10,14,5,14,12,6$1.0
340$13,15,7,2,11,1,8,4,16,3,10,14,5,14,9,6$1.0
341$13,15,7,2,11,1,8,4,16,3,10,14,5,5,12,6$1.0
342$13,15,7,2,11,1,8,4,16,3,10,14,5,14,12,6$1.0
343$13,15,7,2,11,1,8,4,16,3,10,14,5,14,12,6$1.0
344$13,15,7,2,11,1,8,4,16,3,10,14,5,5,12,6$1.0
345$13,15,7,2,11,1,8,4,16,3,10,14,5,14,12,6$1.0
346$13,15,7,2,11,1,8,4,16,3,10,14,5,5,12,6$1.0
347$13,15,7,2,11,1,8,4,16,3,10,14,5,14,12,6$1.0
348$13,15,7,2,11,1,8,4,16,3,10,14,5,14,12,6$1.0
349$13,15,7,2,11,1,8,4,16,3,10,14,5,5,12,6$1.0
350$13,15,7,2,11,1,8,4,16,3,10,14,5,5,12,6$1.0
351$13,15,7,2,11,1,8,4,16,3,10,14,16,5,12,6$1.0
352$13,15,7,2,11,1,8,4,16,3,10,14,5,14,12,6$1.0
353$13,15,7,2,11,1,8,4,16,3,10,14,5,14,12,6$1.0
354$13,15,7,2,11,1,8,4,16,3,10,14,5,5,12,6$1.0
355$13,15,7,2,11,1,8,4,16,3,10,14,5,5,12,6$1.0
356$13,15,7,2,11,1,8,4,16,3,10,14,5,5,12,6$1.0
357$13,15,7,2,11,1,8,4,16,3,10,14,5,5,12,6$1.0
358$13,15,7,2,11,1,8,4,16,3,10,14,5,14,12,6$1.0
359$13,15,7,2,11,1,8,4,16,3,10,14,5,14,12,6$1.0
360$13,15,7,2,11,1,8,4,16,3,10,14,5,5,12,6$1.0
361$13,15,7,2,11,1,8,4,16,3,10,14,16,5,12,6$1.0
362$13,15,7,2,11,1,8,4,16,3,10,14,5,5,12,6$1.0
363$13,15,7,2,11,1,8,4,16,3,10,14,5,5,12,6$1.0
364$13,15,7,2,11,1,8,4,16,3,10,14,5,14,12,6$1.0
365$13,15,7,2,11,1,8,4,16,3,10,14,16,5,12,6$1.0
366$13,15,7,2,11,1,8,4,16,3,10,14,5,14,12,6$1.0
367$13,15,7,2,11,1,8,4,16,3,10,14,5,14,12,6$1.0
368$13,15,7,2,11,1,8,4,16,3,10,14,5,5,12,6$1.0
369$13,15,7,2,11,1,8,4,16,3,10,14,16,5,12,6$1.0
370$13,15,7,2,11,1,8,4,16,3,10,14,5,5,12,6$1.0
371$13,15,7,2,11,1,8,4,16,3,10,14,5,14,12,6$1.0
372$13,15,7,2,11,1,8,4,16,3,10,14,5,5,12,6$1.0
373$13,15,7,2,11,1,8,4,16,3,10,14,5,5,12,6$1.0
374$13,15,7,2,11,1,8,4,16,3,10,14,5,14,12,6$1.0
375$13,15,7,2,11,1,8,4,16,3,10,14,5,5,12,6$1.0
376$13,15,7,2,11,1,8,4,16,3,10,14,5,14,12,6$1.0
377$13,15,7,2,11,1,8,4,16,3,10,14,5,5,12,6$1.0
378$13,15,7,2,11,1,8,4,16,3,10,14,16,5,12,6$1.0
379$13,15,7,2,11,1,8,4,16,3,10,14,5,5,12,6$1.0
380$13,15,7,2,11,1,8,4,16,3,10,14,5,5,12,6$1.0
381$13,15,7,2,11,1,8,4,16,3,10,14,5,5,12,6$1.0
382$13,15,7,2,11,1,8,4,16,3,10,14,5,14,12,6$1.0
383$13,15,7,2,11,1,8,4,16,3,10,14,16,5,12,6$1.0
384$13,15,7,2,11,1,8,4,16,3,10,14,16,5,12,6$1.0
385$13,15,7,2,11,1,8,4,16,3,10,14,5,5,12,6$1.0
386$13,15,7,2,11,1,8,4,16,3,10,14,5,5,12,6$1.0
387$13,15,7,2,11,1,8,4,16,3,10,14,5,5,12,6$1.0
388$13,15,7,2,11,1,8,4,9,3,10,14,16,5,12,6$0.0
388$13,15,7,2,11,1,8,4,9,3,10,14,16,5,12,6$0.0
