16
0$11,15,10,10,16,3,9,12,2,5,15,7,15,13,15,4$15.0
0$9,16,11,1,10,14,8,14,8,1,16,3,6,7,13,11$25.0
0$9,11,8,5,6,15,14,11,5,5,1,13,3,16,13,8$20.0
0$7,11,11,15,5,8,15,1,14,7,16,13,11,14,14,2$16.0
0$11,15,10,10,16,3,9,12,2,5,15,7,15,13,15,4$15.0
1$11,15,10,10,16,3,9,12,2,5,15,7,11,14,14,2$9.0
1$2,11,15,12,7,3,12,6,15,14,7,13,8,8,14,10$13.0
1$11,15,10,10,16,3,9,12,2,5,15,7,11,14,14,2$9.0
2$2,11,15,2,11,3,12,6,15,14,7,9,13,16,10,1$13.0
3$1,5,3,10,13,10,13,2,2,12,16,1,8,5,2,14$11.0
4$2,11,2,16,5,16,12,6,15,14,7,13,8,16,14,10$11.0
5$2,11,15,12,7,3,14,11,8,1,4,2,12,14,9,14$8.0
5$2,11,15,12,7,3,14,11,8,1,4,2,12,14,9,14$8.0
6$2,11,15,12,7,3,14,11,8,1,4,2,12,14,9,11$8.0
7$2,11,15,12,7,3,14,11,8,1,4,2,12,14,9,11$8.0
8$3,9,6,16,13,10,14,11,8,1,4,2,12,14,9,11$11.0
9$3,8,10,15,6,16,13,13,13,7,4,1,12,14,9,2$9.0
10$3,14,11,15,5,14,2,13,8,16,4,1,10,9,9,12$8.0
11$7,14,11,3,6,16,13,13,10,2,4,1,12,9,9,2$9.0
12$7,14,11,15,5,16,13,13,8,2,4,1,12,9,16,14$7.0
12$7,14,11,15,5,16,13,13,8,2,4,1,12,9,16,14$7.0
13$3,14,11,15,5,16,13,13,8,2,4,1,12,9,9,12$5.0
13$3,14,11,15,5,16,13,13,8,2,4,1,12,9,9,12$5.0
14$3,14,7,15,5,16,13,13,8,2,4,1,10,9,9,12$6.0
15$7,14,11,13,5,16,5,13,10,2,4,1,12,9,9,2$6.0
16$7,4,6,16,13,10,16,13,8,2,4,2,12,14,9,11$6.0
17$7,4,6,16,13,10,16,13,8,2,4,2,12,14,9,11$6.0
18$7,4,6,16,13,10,16,13,5,2,4,2,12,14,9,11$6.0
19$7,4,6,16,12,16,16,13,7,2,4,2,12,14,9,11$7.0
20$3,9,6,16,13,10,16,13,8,2,4,1,12,14,9,11$5.0
21$3,9,6,16,13,10,16,13,8,2,4,1,12,14,9,11$5.0
22$3,9,6,16,13,10,16,13,8,2,4,1,12,14,9,11$5.0
23$3,9,6,16,13,10,16,13,8,2,4,1,12,14,9,11$5.0
24$7,4,6,1,5,10,16,13,8,2,4,1,11,14,11,3$5.0
25$3,9,6,16,13,10,16,13,7,2,4,1,12,14,9,11$5.0
26$7,4,6,15,6,10,16,13,8,2,4,1,12,14,9,11$4.0
26$7,4,6,15,6,10,16,13,8,2,4,1,12,14,9,11$4.0
27$3,9,6,10,13,10,16,13,8,2,4,1,12,14,9,11$5.0
28$3,8,6,15,6,10,16,13,8,2,4,1,16,14,9,11$5.0
29$7,4,6,15,6,10,16,13,8,2,4,1,12,14,9,11$4.0
30$7,4,6,15,6,10,16,13,8,2,4,1,12,14,9,11$4.0
31$3,9,6,16,3,10,15,13,8,2,4,1,12,14,9,11$4.0
32$3,8,6,15,6,10,16,13,8,2,4,1,12,14,9,11$4.0
33$3,8,6,15,6,10,16,13,8,2,4,1,12,14,9,11$4.0
34$7,4,13,15,6,3,16,13,8,2,4,10,12,14,9,11$4.0
35$7,4,6,15,6,10,16,13,8,2,4,1,12,14,9,11$4.0
36$3,8,6,15,6,10,16,13,8,2,4,1,12,14,9,11$4.0
37$3,8,6,15,6,10,16,13,8,2,4,1,12,14,9,11$4.0
38$7,4,6,16,6,10,15,13,8,2,4,1,11,14,11,3$3.0
38$7,4,6,16,6,10,15,13,8,2,4,1,11,14,11,3$3.0
39$13,8,6,15,6,10,16,13,11,2,4,1,12,14,9,11$3.0
40$7,3,6,15,13,10,16,13,8,2,4,1,12,14,9,11$3.0
41$7,3,6,15,13,10,16,13,8,2,4,1,12,14,9,11$3.0
42$13,8,6,15,6,10,16,13,11,2,4,1,12,14,9,11$3.0
43$7,3,6,15,13,10,16,13,8,2,4,1,12,14,9,11$3.0
44$3,8,6,15,6,10,16,13,8,2,4,1,12,14,9,11$4.0
45$7,3,6,15,2,4,16,13,11,2,4,1,12,14,9,11$3.0
46$7,3,6,15,2,4,16,13,11,2,4,1,12,14,9,11$3.0
47$7,16,6,15,6,10,16,13,8,2,4,1,1,14,9,11$3.0
48$3,8,6,15,6,10,16,13,8,2,4,1,1,14,9,11$3.0
49$3,8,6,15,6,10,16,13,8,2,4,1,1,14,9,11$3.0
50$3,8,6,15,15,10,16,13,8,2,4,1,1,14,9,11$3.0
51$7,4,6,15,6,10,16,13,5,2,4,1,12,14,9,11$2.0
51$7,4,6,15,6,10,16,13,5,2,4,1,12,14,9,11$2.0
52$7,4,6,15,6,10,16,13,5,2,4,1,12,14,9,11$2.0
53$7,4,6,15,6,10,16,13,5,2,4,1,12,14,9,11$2.0
54$7,4,6,15,6,10,16,13,5,2,4,1,12,14,9,11$2.0
55$3,8,6,15,6,10,16,13,5,2,4,1,12,14,9,11$1.0
55$3,8,6,15,6,10,16,13,5,2,4,1,12,14,9,11$1.0
56$3,8,6,15,6,10,16,13,5,2,4,1,12,14,9,11$1.0
57$7,16,6,15,6,10,16,13,5,2,4,1,12,14,9,11$2.0
58$7,4,6,15,6,10,16,13,5,2,4,1,12,14,9,11$2.0
59$7,16,6,15,6,10,16,13,5,2,4,1,12,14,9,11$2.0
60$3,8,6,15,6,10,16,13,5,2,4,1,12,14,9,11$1.0
61$3,8,6,15,6,10,16,13,5,7,4,1,12,14,9,11$1.0
62$3,8,6,15,6,10,16,13,5,7,4,1,12,14,9,11$1.0
63$3,8,6,15,6,10,16,13,5,7,4,1,12,14,9,11$1.0
64$3,8,6,15,6,10,16,13,5,7,4,1,12,14,9,11$1.0
65$3,8,6,15,6,10,16,13,5,2,4,1,12,14,9,11$1.0
66$3,8,6,15,15,10,16,13,5,2,4,1,12,14,9,11$1.0
67$3,8,6,2,6,10,16,13,5,7,4,1,12,14,9,11$1.0
68$3,8,6,15,6,10,16,13,5,2,4,1,12,14,9,11$1.0
69$3,8,6,15,12,10,16,13,5,2,4,1,12,14,9,11$1.0
70$3,8,6,15,12,10,16,13,5,2,4,1,12,14,9,11$1.0
71$3,8,6,15,15,10,16,13,5,7,4,1,12,14,9,11$1.0
72$3,8,6,15,12,10,16,13,5,2,4,1,12,14,9,11$1.0
73$3,8,6,15,15,10,16,13,5,2,4,1,12,14,9,11$1.0
74$3,8,6,15,6,10,16,13,5,2,4,1,12,14,9,11$1.0
75$3,8,6,15,6,10,16,13,5,2,4,1,12,14,9,11$1.0
76$3,8,6,15,6,10,16,13,5,2,4,1,12,14,9,11$1.0
77$3,8,6,15,12,10,16,13,5,2,4,1,12,14,9,11$1.0
78$3,8,6,15,2,10,16,13,5,2,4,1,12,14,9,11$1.0
79$3,8,6,15,2,10,16,13,5,2,4,1,12,14,9,11$1.0
80$3,8,6,15,15,10,16,13,5,2,4,1,12,14,9,11$1.0
81$3,8,6,15,6,10,16,13,5,2,4,1,12,14,9,11$1.0
82$3,8,15,15,6,10,16,13,5,2,4,1,12,14,9,11$1.0
83$3,8,6,15,6,10,16,13,5,7,4,1,12,14,9,2$1.0
84$3,8,6,15,15,10,16,13,5,2,4,1,12,14,9,11$1.0
85$3,8,6,15,2,10,16,13,5,2,4,1,12,14,9,11$1.0
86$3,8,6,15,6,10,16,13,5,2,4,1,12,14,9,11$1.0
87$3,8,6,15,6,10,16,13,5,2,4,1,12,14,9,11$1.0
88$3,8,6,15,6,10,16,13,5,2,4,1,12,14,9,11$1.0
89$3,8,6,15,15,10,16,13,5,2,4,1,12,14,9,11$1.0
90$3,8,6,15,15,10,16,13,5,2,4,1,12,14,9,11$1.0
91$3,8,6,15,15,10,16,13,5,2,4,1,12,14,9,11$1.0
92$3,8,6,15,15,10,16,13,5,2,4,1,12,14,9,11$1.0
93$3,8,6,15,15,10,16,13,5,2,4,1,12,14,9,11$1.0
94$3,8,6,15,15,10,16,13,5,2,4,1,12,14,9,11$1.0
95$3,8,6,15,15,10,16,13,5,2,4,1,12,14,9,11$1.0
96$3,8,6,15,6,10,16,13,5,2,4,1,12,14,9,11$1.0
97$3,8,6,15,6,10,16,13,5,2,4,1,12,14,9,11$1.0
98$3,8,6,15,6,10,16,13,5,2,4,1,12,14,9,11$1.0
99$3,8,6,15,15,10,16,13,5,2,4,1,12,14,9,11$1.0
100$3,8,6,15,6,10,16,13,5,2,4,1,12,14,9,11$1.0
101$3,8,6,15,6,10,16,13,5,2,4,1,12,14,9,11$1.0
102$3,8,6,15,3,10,16,13,5,2,4,1,12,14,9,11$1.0
103$3,8,6,15,6,10,16,13,5,2,4,1,12,14,9,11$1.0
104$3,8,6,15,3,10,16,13,5,2,4,1,12,14,9,11$1.0
105$3,8,6,15,6,10,16,13,5,7,4,1,12,14,9,11$1.0
106$3,8,6,15,15,10,16,13,5,2,4,1,12,14,9,11$1.0
107$3,8,6,15,3,10,16,13,5,2,4,1,12,14,9,11$1.0
108$3,8,6,15,15,10,16,13,5,2,4,1,12,14,9,11$1.0
109$3,8,6,15,15,10,16,13,5,2,4,1,12,14,9,11$1.0
110$3,8,6,15,15,10,16,13,5,2,4,1,12,14,9,11$1.0
111$3,8,6,15,6,10,16,13,5,7,4,1,12,14,9,11$1.0
112$3,8,6,15,13,10,16,13,5,2,4,1,12,14,9,11$1.0
113$3,8,6,15,3,10,16,13,5,2,4,1,12,14,9,11$1.0
114$3,8,6,15,2,10,16,13,5,2,4,1,12,14,9,11$1.0
115$3,8,6,15,15,10,16,13,5,2,4,1,12,14,9,11$1.0
116$3,8,6,15,15,10,16,13,5,2,4,1,12,14,9,11$1.0
117$3,8,6,15,6,10,16,13,5,2,4,1,12,14,9,11$1.0
118$3,8,6,15,2,10,16,13,5,2,4,1,12,14,9,11$1.0
119$3,8,6,15,3,10,16,13,5,2,4,1,12,14,9,11$1.0
120$3,8,6,15,2,10,16,13,5,2,4,1,12,14,9,11$1.0
121$3,8,6,15,6,10,16,13,5,7,4,1,12,14,9,11$1.0
122$3,8,6,15,15,10,16,13,5,2,4,1,12,14,9,11$1.0
123$3,8,6,15,15,10,16,13,5,2,4,1,12,14,9,11$1.0
124$3,8,6,15,6,10,16,13,5,7,4,1,12,14,9,11$1.0
125$3,8,6,15,15,10,16,13,5,2,4,1,12,14,9,11$1.0
126$2,8,6,15,15,10,16,13,5,7,4,1,12,14,9,11$1.0
127$3,8,6,15,13,10,16,13,5,2,4,1,12,14,9,11$1.0
128$3,8,6,15,6,10,16,13,5,2,4,1,12,14,9,11$1.0
129$3,8,6,15,15,10,16,13,5,2,4,1,12,14,9,11$1.0
130$3,8,6,15,6,10,16,13,5,7,4,1,12,14,9,11$1.0
131$3,8,6,15,6,10,16,13,5,7,4,1,12,14,9,11$1.0
132$3,8,6,15,15,10,16,13,5,2,4,1,12,14,9,11$1.0
133$3,8,6,15,13,10,16,13,5,7,4,1,12,14,9,11$1.0
134$3,8,6,15,13,10,16,13,5,7,4,1,12,14,9,11$1.0
135$3,8,6,15,13,10,16,13,5,2,4,1,12,14,9,11$1.0
136$3,8,6,15,13,10,16,13,5,2,4,1,12,14,9,11$1.0
137$3,8,6,15,13,10,16,13,5,7,4,1,12,14,9,11$1.0
138$3,8,6,15,3,10,16,13,5,2,4,1,12,14,9,11$1.0
139$3,8,6,15,13,10,16,13,5,2,4,1,12,14,9,11$1.0
140$3,8,6,15,13,10,16,13,5,7,4,1,12,14,9,11$1.0
141$3,8,6,15,13,10,16,13,5,2,4,1,12,14,9,11$1.0
142$3,8,6,15,13,10,16,13,5,7,4,1,12,14,9,11$1.0
143$3,8,6,15,13,10,16,13,5,2,4,1,12,14,9,11$1.0
144$3,8,6,15,13,10,16,13,5,2,4,1,12,14,9,11$1.0
145$3,8,6,15,13,10,16,13,5,2,4,1,12,14,9,11$1.0
146$3,8,6,15,13,10,16,13,5,2,4,1,12,14,9,11$1.0
147$3,8,6,15,6,10,16,13,5,2,4,1,12,14,9,11$1.0
148$3,8,6,15,13,10,16,13,5,2,4,1,12,14,9,11$1.0
149$3,8,6,15,13,10,16,9,5,2,4,1,12,14,9,11$1.0
150$3,8,6,15,13,10,16,9,5,2,4,1,12,14,9,11$1.0
151$3,8,6,15,13,10,16,13,5,2,4,1,12,14,9,11$1.0
152$3,8,6,15,13,10,16,13,5,2,4,1,12,14,9,11$1.0
153$3,8,6,15,3,10,16,13,5,2,4,1,12,14,9,11$1.0
154$3,8,6,15,3,10,16,13,5,2,4,1,12,14,9,11$1.0
155$3,8,6,15,13,10,16,9,5,2,4,1,12,14,9,11$1.0
156$3,8,6,15,3,10,16,13,5,2,4,1,12,14,9,11$1.0
157$3,8,6,15,3,10,16,13,5,2,4,1,12,14,9,11$1.0
158$3,8,6,15,3,10,16,13,5,2,4,1,12,14,9,11$1.0
159$3,8,6,15,13,10,16,13,5,2,4,1,12,14,9,11$1.0
160$3,8,6,15,3,10,16,13,5,2,4,1,12,14,9,11$1.0
161$3,8,6,15,13,10,16,13,5,2,4,1,12,14,9,11$1.0
162$3,8,6,15,3,10,16,13,5,2,4,1,12,14,9,11$1.0
163$3,8,6,15,3,10,16,13,5,2,4,1,12,14,9,11$1.0
164$3,8,6,15,12,10,16,13,5,2,4,1,12,14,9,11$1.0
165$3,8,6,15,3,10,16,13,5,2,4,1,12,14,9,11$1.0
166$3,8,6,15,3,10,16,13,5,2,4,1,12,14,9,11$1.0
167$3,8,6,15,12,10,16,13,5,2,4,1,12,14,9,11$1.0
168$3,8,6,15,13,10,16,13,5,2,4,1,12,14,9,11$1.0
169$3,8,6,15,3,10,16,13,5,2,4,1,12,14,9,11$1.0
170$3,8,6,15,3,10,16,13,5,2,4,1,12,14,9,11$1.0
171$3,8,6,15,3,10,16,13,5,2,4,1,12,14,9,11$1.0
172$3,8,6,15,3,10,16,13,5,2,4,1,12,14,9,11$1.0
173$3,8,6,15,13,10,16,13,5,2,4,1,12,14,9,11$1.0
174$3,8,6,15,3,10,16,13,5,2,4,1,12,14,9,11$1.0
175$3,8,6,15,6,10,16,13,5,2,4,1,12,14,9,11$1.0
176$3,8,6,15,12,10,16,13,5,2,4,1,12,14,9,11$1.0
177$3,8,6,15,12,10,16,13,5,2,4,1,12,14,9,11$1.0
178$3,8,6,15,3,10,16,13,5,2,4,1,12,14,9,11$1.0
179$3,8,6,15,13,10,16,13,5,2,4,1,12,14,9,11$1.0
180$3,8,6,15,3,10,16,13,5,2,4,1,12,14,9,11$1.0
181$3,8,6,15,3,10,16,13,5,2,4,1,12,14,9,11$1.0
182$3,8,6,15,3,10,16,13,5,2,4,1,12,14,9,11$1.0
183$3,8,6,15,3,10,16,13,5,2,4,1,12,14,9,11$1.0
184$3,8,6,15,3,10,16,13,5,2,4,1,12,14,9,11$1.0
185$3,8,6,15,3,10,16,13,5,2,4,1,12,14,9,11$1.0
186$2,8,6,15,3,10,16,13,5,2,4,1,12,14,9,11$1.0
187$2,8,6,15,3,10,16,13,5,2,4,1,12,14,9,11$1.0
188$2,8,6,15,3,10,16,13,5,2,4,1,12,14,9,11$1.0
189$2,8,6,15,3,10,16,13,5,1,4,1,12,14,9,11$1.0
190$3,8,6,15,3,10,16,13,5,2,4,1,12,14,9,11$1.0
191$2,8,6,15,3,10,16,13,5,2,4,1,12,14,9,11$1.0
192$2,8,6,15,3,10,16,13,5,2,4,1,12,14,9,11$1.0
193$3,8,6,15,2,10,16,13,5,2,4,1,12,14,9,11$1.0
194$3,8,6,15,15,10,16,13,5,2,4,1,12,14,9,11$1.0
195$3,8,6,15,15,10,16,13,5,2,4,1,12,14,9,11$1.0
196$3,8,6,15,2,10,16,13,5,2,4,1,12,14,9,11$1.0
197$3,8,6,15,3,10,16,13,5,2,4,1,12,14,9,11$1.0
198$2,8,6,15,3,10,16,13,5,2,4,1,12,14,9,11$1.0
199$3,8,6,15,3,10,16,13,5,2,4,1,12,14,9,11$1.0
200$3,8,6,15,3,10,16,13,5,2,4,1,12,14,9,11$1.0
201$3,8,6,15,2,10,16,13,5,2,4,1,12,14,9,11$1.0
202$3,8,6,15,2,10,16,13,5,2,4,1,12,14,9,11$1.0
203$2,8,6,15,3,10,16,13,5,2,4,1,12,14,9,11$1.0
204$3,8,6,15,2,10,16,13,5,2,4,1,12,14,9,11$1.0
205$3,8,6,15,3,10,16,13,5,2,4,1,12,14,9,11$1.0
206$3,8,6,15,3,10,16,13,5,2,4,1,12,14,9,11$1.0
207$3,8,6,15,3,10,16,13,5,2,4,1,12,14,9,11$1.0
208$3,8,6,15,12,10,16,13,5,2,4,1,12,14,9,4$2.0
209$3,8,6,15,15,10,16,13,5,2,4,1,12,14,9,11$1.0
210$3,8,6,15,2,10,16,13,5,2,4,1,12,14,9,11$1.0
211$3,8,6,15,2,10,16,13,5,2,4,1,12,14,9,11$1.0
212$3,8,6,15,3,10,16,13,5,2,4,1,12,14,9,11$1.0
213$3,8,6,15,2,10,16,13,5,2,4,1,12,14,9,11$1.0
214$3,8,6,15,3,10,16,13,5,2,4,1,12,14,9,11$1.0
215$3,8,6,15,2,10,16,13,5,2,4,1,12,14,9,11$1.0
216$3,8,6,15,2,10,16,13,5,1,4,1,12,14,9,11$1.0
217$3,8,6,15,2,10,16,13,5,1,4,1,12,14,9,11$1.0
218$3,8,6,15,2,10,16,13,5,2,4,1,12,14,9,11$1.0
219$3,8,6,15,3,10,16,13,5,2,4,1,12,14,9,11$1.0
220$3,8,6,15,2,10,16,13,5,2,4,1,12,14,9,11$1.0
221$3,8,6,15,2,10,16,13,5,2,4,1,12,14,9,11$1.0
222$3,8,6,15,3,10,16,13,5,2,4,1,12,14,9,11$1.0
223$3,8,6,15,2,10,16,13,5,2,4,1,12,14,9,11$1.0
224$3,8,6,15,2,10,16,13,5,2,4,1,12,14,9,11$1.0
225$3,8,6,15,2,10,16,13,5,2,4,1,12,14,9,11$1.0
226$3,8,6,15,3,10,16,13,5,2,4,1,12,14,9,11$1.0
227$3,8,6,15,2,10,16,13,5,1,4,1,12,14,7,11$1.0
228$3,8,6,15,2,10,16,13,5,2,4,1,12,14,9,11$1.0
229$3,8,6,15,2,10,16,13,5,1,4,1,12,14,7,11$1.0
230$3,8,6,15,2,10,16,13,5,1,4,1,12,14,9,11$1.0
231$3,8,6,15,2,10,16,13,5,2,4,1,12,14,9,11$1.0
232$3,8,6,15,2,10,16,13,5,2,4,1,12,14,9,11$1.0
233$3,8,6,15,3,10,16,13,5,2,4,1,12,14,9,11$1.0
234$3,8,6,15,3,10,16,13,5,2,4,1,12,14,9,11$1.0
235$3,8,6,15,2,10,16,13,5,2,4,1,12,14,9,11$1.0
236$3,8,6,15,6,10,16,13,5,2,4,1,12,14,9,11$1.0
237$3,8,6,15,15,10,16,13,5,2,4,1,12,14,9,11$1.0
238$3,8,6,15,2,10,16,13,5,2,4,1,12,14,9,11$1.0
239$3,8,6,15,2,10,16,13,5,2,4,1,12,14,9,11$1.0
240$3,8,6,15,6,10,16,13,5,2,4,1,12,14,9,11$1.0
241$3,8,6,15,6,10,16,13,5,2,4,1,12,14,9,11$1.0
242$3,8,15,15,6,10,16,13,5,2,4,1,12,14,9,11$1.0
243$3,8,15,15,6,10,16,13,5,2,4,1,12,14,9,11$1.0
244$3,8,6,15,2,10,16,13,5,2,4,1,12,14,9,11$1.0
245$3,8,6,15,2,10,16,13,5,1,4,1,12,14,9,11$1.0
246$3,8,6,15,2,10,16,13,5,2,4,1,12,14,9,11$1.0
247$3,8,6,15,2,10,16,13,5,2,4,1,12,14,9,11$1.0
248$3,8,6,15,2,10,16,13,5,2,4,1,12,14,9,11$1.0
249$3,8,6,15,2,10,16,13,5,2,4,1,12,14,9,11$1.0
250$3,8,6,15,2,10,16,13,5,2,4,1,12,14,9,11$1.0
251$3,8,6,15,2,10,16,13,5,2,4,1,12,14,9,11$1.0
252$3,8,6,15,2,10,16,13,5,2,4,1,12,14,9,11$1.0
253$3,8,6,15,2,10,16,13,5,2,4,1,12,14,9,11$1.0
254$3,8,6,15,2,10,16,13,5,2,4,1,12,14,9,11$1.0
255$3,8,6,15,2,10,16,13,5,2,4,1,12,14,9,11$1.0
256$3,8,6,15,2,10,16,13,5,2,4,1,12,14,9,11$1.0
257$3,8,6,15,2,10,16,13,5,2,4,1,12,14,9,11$1.0
258$3,8,6,15,2,10,16,13,5,2,4,1,12,14,9,11$1.0
259$3,8,6,15,2,10,16,13,5,2,4,1,12,14,9,11$1.0
260$3,8,6,15,2,10,16,13,5,1,4,1,12,14,9,11$1.0
261$3,8,6,15,15,10,16,13,5,2,4,1,12,14,9,11$1.0
262$3,8,6,15,2,10,16,13,5,2,4,1,12,14,9,11$1.0
263$3,8,6,15,2,10,16,13,5,2,4,1,12,14,9,11$1.0
264$3,10,6,15,2,10,16,13,5,8,4,1,12,14,9,11$1.0
265$3,3,6,15,2,10,16,13,5,8,4,1,12,14,9,11$1.0
266$3,8,6,15,2,10,16,13,5,2,4,1,12,14,9,11$1.0
267$3,8,6,15,2,10,16,13,5,8,4,1,12,14,9,11$1.0
268$3,8,6,15,2,10,16,13,5,1,4,10,12,14,9,11$1.0
269$3,8,6,15,2,10,16,13,5,2,4,1,12,14,9,11$1.0
270$3,8,6,15,2,10,16,13,5,2,4,1,12,14,9,11$1.0
271$3,8,6,15,2,10,16,13,5,2,4,1,12,14,9,11$1.0
272$3,8,6,15,2,10,16,13,5,8,4,1,12,14,9,11$1.0
273$3,8,6,15,2,10,16,13,5,2,4,1,12,14,9,11$1.0
274$3,8,6,15,2,10,16,13,5,2,4,1,12,14,9,11$1.0
275$3,8,6,15,13,10,16,13,5,2,4,1,12,14,9,11$1.0
276$3,8,6,15,2,10,16,13,5,2,4,1,12,14,9,11$1.0
277$3,8,6,15,2,10,16,13,5,1,4,1,12,14,9,11$1.0
278$3,8,6,15,2,10,16,13,5,1,4,1,12,14,9,11$1.0
279$3,8,6,15,2,10,16,13,5,2,4,1,12,14,9,11$1.0
280$3,8,6,15,2,10,16,13,5,2,4,1,12,14,9,11$1.0
281$3,8,6,15,13,10,16,13,5,2,4,1,12,14,9,11$1.0
282$3,8,6,15,2,10,16,13,5,2,4,1,12,14,9,11$1.0
283$3,8,6,15,13,10,16,13,5,2,4,1,12,14,9,11$1.0
284$3,8,6,15,2,10,16,13,5,8,4,1,12,14,9,11$1.0
285$3,8,6,15,2,10,16,13,5,1,4,1,12,14,9,11$1.0
286$3,8,6,15,2,10,16,13,5,1,4,1,12,14,9,11$1.0
287$3,8,6,15,2,10,16,13,5,2,4,1,12,14,9,11$1.0
288$3,8,6,15,2,10,16,13,5,2,4,1,12,14,9,11$1.0
289$3,8,6,15,2,10,16,13,5,1,4,1,12,14,9,11$1.0
290$3,8,6,15,2,10,16,13,5,2,4,1,12,14,9,11$1.0
291$3,8,6,15,2,10,16,13,5,1,4,1,12,14,9,11$1.0
292$3,8,6,15,2,10,16,13,5,2,4,1,12,14,9,11$1.0
293$3,3,6,15,2,10,16,13,5,8,4,1,12,14,9,11$1.0
294$3,8,6,15,2,10,16,13,5,1,4,1,12,14,9,11$1.0
295$3,8,6,15,6,10,16,13,5,2,4,1,12,14,9,11$1.0
296$3,8,6,15,6,10,16,13,5,2,4,1,12,14,9,11$1.0
297$3,8,6,15,6,10,16,13,5,2,4,1,12,14,9,11$1.0
298$3,8,6,15,12,10,16,13,5,2,4,1,12,14,9,11$1.0
299$3,8,6,15,2,10,16,13,5,2,4,1,12,14,9,11$1.0
300$3,8,6,15,2,10,16,13,5,2,4,1,12,14,9,11$1.0
301$3,8,6,15,2,10,16,13,5,2,4,1,12,14,9,11$1.0
302$3,8,6,15,2,10,16,13,5,2,4,1,12,14,9,11$1.0
303$3,8,6,15,2,10,16,13,5,2,4,1,12,14,9,11$1.0
304$3,8,6,15,2,10,16,13,5,2,4,1,12,14,9,11$1.0
305$3,8,6,15,2,10,16,13,5,2,4,1,12,14,9,11$1.0
306$3,8,6,15,6,10,16,13,5,2,4,1,12,14,9,11$1.0
307$3,8,6,15,2,10,16,13,5,2,4,1,12,14,9,11$1.0
308$3,8,6,15,2,10,16,13,5,2,4,1,12,14,9,11$1.0
309$3,8,6,15,2,10,16,13,5,2,4,1,12,14,9,11$1.0
310$3,8,6,15,2,10,16,13,5,2,4,1,12,14,9,11$1.0
311$3,8,6,15,2,10,16,13,5,2,4,1,12,14,9,11$1.0
312$3,8,6,15,12,10,16,13,5,2,4,1,12,14,9,11$1.0
313$2,8,6,15,3,10,16,13,5,2,4,1,12,14,9,11$1.0
314$3,8,6,15,12,10,16,13,5,2,4,1,12,14,9,11$1.0
315$3,8,6,15,2,10,16,13,5,2,4,1,12,14,9,11$1.0
316$3,8,6,15,12,10,16,13,5,2,4,1,12,14,9,11$1.0
317$3,8,6,15,12,10,16,13,5,2,4,1,12,14,9,11$1.0
318$3,8,6,15,6,10,16,13,5,2,4,1,12,14,9,11$1.0
319$3,8,6,15,6,10,16,13,5,2,4,1,12,14,9,11$1.0
320$3,8,6,15,2,10,16,13,5,2,4,1,12,14,9,11$1.0
321$3,8,6,15,2,10,16,13,5,2,4,1,12,14,9,11$1.0
322$3,8,6,15,3,10,16,13,5,2,4,1,12,14,9,11$1.0
323$3,8,6,15,12,10,16,13,5,2,4,1,12,14,9,11$1.0
324$3,8,6,15,6,10,16,13,5,2,4,1,12,14,9,11$1.0
325$3,8,6,15,6,10,16,13,5,2,4,1,12,14,9,11$1.0
326$3,8,6,15,2,10,16,13,5,2,4,1,12,14,9,11$1.0
327$3,8,6,15,2,10,16,13,5,2,4,1,12,14,9,11$1.0
328$3,8,6,15,2,10,16,13,5,2,4,1,12,14,9,11$1.0
329$3,8,6,15,2,10,16,13,5,2,4,1,12,14,9,11$1.0
330$3,8,6,15,6,10,16,13,5,2,4,1,12,14,9,11$1.0
331$3,8,6,15,15,10,16,13,5,2,4,1,12,14,9,11$1.0
332$3,8,6,15,15,10,16,13,5,2,4,1,12,14,9,11$1.0
333$3,8,6,15,12,10,16,13,5,2,4,1,12,14,9,11$1.0
334$3,8,6,15,12,10,16,13,5,2,4,1,12,14,9,11$1.0
335$3,8,6,15,12,10,16,13,5,2,4,1,12,14,9,11$1.0
336$3,8,6,15,6,10,16,13,5,7,4,1,12,14,9,11$1.0
337$3,8,6,15,12,10,16,13,5,2,4,1,12,14,9,11$1.0
338$3,8,6,15,12,10,16,13,5,2,4,1,12,14,9,11$1.0
339$3,8,6,15,12,10,16,13,5,2,4,1,12,14,9,11$1.0
340$3,8,6,15,2,10,16,13,5,2,4,1,12,14,9,11$1.0
341$3,8,6,15,12,10,16,13,5,2,4,1,12,14,9,11$1.0
342$3,8,6,15,12,10,16,13,5,2,4,1,12,14,9,11$1.0
343$3,8,6,15,12,10,16,13,5,2,4,1,12,14,9,11$1.0
344$3,8,6,15,2,10,16,13,5,2,4,1,12,14,9,11$1.0
345$3,8,6,15,12,10,16,13,5,2,4,1,12,14,9,11$1.0
346$3,8,6,15,12,10,16,13,5,2,4,1,12,14,9,11$1.0
347$3,8,6,15,12,10,16,13,5,2,4,1,12,14,9,11$1.0
348$3,8,6,15,6,10,16,13,5,2,4,1,12,14,9,11$1.0
349$3,8,6,15,2,10,16,13,5,2,4,1,12,14,9,11$1.0
350$3,8,6,15,12,10,16,13,5,2,4,1,12,14,9,11$1.0
351$3,8,6,15,6,10,16,13,5,2,4,1,12,14,9,11$1.0
352$3,8,6,15,12,10,16,13,5,2,4,1,12,14,9,11$1.0
353$3,8,6,15,6,10,16,13,5,2,4,1,12,14,9,11$1.0
354$3,8,6,15,12,10,16,13,5,2,4,1,12,14,9,11$1.0
355$3,8,6,15,12,10,16,13,5,2,4,1,12,14,9,11$1.0
356$3,8,6,15,12,10,16,13,5,2,4,1,12,14,9,11$1.0
357$3,8,6,15,2,10,16,13,5,2,4,1,12,14,9,11$1.0
358$3,8,6,15,12,10,16,13,5,2,4,1,12,14,9,11$1.0
359$3,8,6,15,12,10,16,13,5,2,4,1,12,14,9,11$1.0
360$3,8,6,15,12,10,16,13,5,2,4,1,12,14,9,11$1.0
361$3,8,6,15,2,10,16,13,5,2,4,1,12,14,9,11$1.0
362$3,8,6,15,12,10,16,13,5,2,4,1,12,14,9,11$1.0
363$3,8,6,15,12,10,16,13,5,2,4,1,12,14,9,11$1.0
364$3,8,6,15,12,10,16,13,5,2,4,1,12,14,9,11$1.0
365$3,8,6,15,12,10,16,13,5,2,4,1,12,14,9,11$1.0
366$3,8,6,15,12,10,16,13,5,2,4,1,12,14,9,11$1.0
367$3,8,6,15,12,10,16,13,5,2,4,1,12,14,9,11$1.0
368$3,8,6,15,12,10,16,13,5,2,4,1,12,14,9,11$1.0
369$3,8,6,15,12,10,16,13,5,2,4,1,12,14,9,11$1.0
370$3,8,6,15,12,10,16,13,5,2,4,1,12,14,9,11$1.0
371$3,8,6,15,12,10,16,13,5,2,4,1,12,14,9,11$1.0
372$3,8,6,15,12,10,16,13,5,2,4,1,12,14,9,11$1.0
373$3,8,6,16,12,10,15,13,5,2,4,1,12,14,9,11$1.0
374$3,8,6,15,12,10,16,13,5,2,4,1,12,14,9,11$1.0
375$3,8,6,15,12,10,16,13,5,2,4,1,12,14,9,11$1.0
376$3,8,6,15,12,10,16,13,5,2,4,1,12,14,9,11$1.0
377$3,8,6,15,12,10,16,13,5,2,4,1,12,14,9,11$1.0
378$3,8,6,15,12,10,16,13,5,2,4,1,12,14,9,11$1.0
379$3,8,6,15,12,10,16,13,5,2,4,1,12,14,9,11$1.0
380$3,8,6,15,12,10,16,13,5,2,4,1,12,14,9,11$1.0
381$3,8,6,15,2,10,16,13,5,2,4,1,12,14,9,11$1.0
382$3,8,6,15,12,10,16,13,5,2,4,1,12,14,9,11$1.0
383$16,8,6,15,3,10,4,13,5,2,4,1,12,14,9,11$1.0
384$3,8,6,15,12,10,16,13,5,2,4,1,12,14,9,11$1.0
385$3,8,6,15,12,10,16,13,5,2,4,1,12,14,9,11$1.0
386$3,8,6,15,12,10,16,13,5,2,4,1,12,14,9,11$1.0
387$3,8,6,15,12,10,16,13,5,2,4,1,12,14,9,11$1.0
388$3,8,6,15,2,10,16,13,5,2,4,1,12,14,9,11$1.0
389$3,8,6,15,12,10,16,13,5,2,4,1,12,14,9,11$1.0
390$3,8,6,15,12,10,16,13,5,2,4,1,12,14,9,11$1.0
391$3,8,6,15,12,10,16,13,5,2,4,1,12,14,9,11$1.0
392$3,8,6,15,12,10,16,13,5,2,4,1,12,14,9,11$1.0
393$3,8,6,15,12,10,16,13,5,2,4,1,12,14,9,11$1.0
394$3,8,6,15,12,10,16,13,5,2,4,1,12,14,9,11$1.0
395$3,8,6,15,12,10,16,13,5,2,4,1,12,14,9,11$1.0
396$3,8,6,15,12,10,16,13,5,2,4,1,12,14,9,11$1.0
397$3,8,6,15,12,10,16,13,5,2,4,1,12,14,9,11$1.0
398$3,8,6,15,12,10,16,13,5,2,4,1,12,14,9,11$1.0
399$3,8,6,15,12,10,16,13,5,2,4,1,12,14,9,11$1.0
400$3,8,6,15,12,10,16,13,5,2,4,1,12,14,9,11$1.0
401$3,8,6,15,12,10,16,13,5,2,4,1,12,14,9,11$1.0
402$3,8,6,15,12,10,16,13,5,2,4,1,12,14,9,11$1.0
403$3,8,6,15,12,10,16,13,5,2,4,1,12,14,9,11$1.0
404$3,8,6,15,12,10,16,13,5,2,4,1,12,14,9,11$1.0
405$3,8,6,15,12,10,16,13,5,2,4,1,12,14,9,11$1.0
406$3,8,6,15,12,10,16,13,5,2,4,1,12,14,9,11$1.0
407$3,8,6,15,12,10,16,13,5,2,4,1,12,14,9,11$1.0
408$3,8,6,15,12,10,16,13,5,2,4,1,12,14,9,11$1.0
409$3,8,6,15,12,10,16,13,5,2,4,1,12,14,9,11$1.0
410$3,8,6,15,13,10,16,13,5,2,4,1,12,14,9,11$1.0
411$3,8,6,15,12,10,16,13,5,2,4,1,12,14,9,11$1.0
412$3,8,6,15,12,10,16,13,5,2,4,1,12,14,9,11$1.0
413$3,8,6,15,12,10,16,13,5,2,4,1,12,14,9,11$1.0
414$3,8,6,15,12,10,16,13,5,2,4,1,12,14,9,11$1.0
415$3,8,6,15,12,10,16,13,5,2,4,1,12,14,9,11$1.0
416$3,8,6,15,12,10,16,13,5,2,4,1,12,14,9,11$1.0
417$3,8,6,15,12,10,16,13,5,2,4,1,12,14,9,11$1.0
418$3,8,6,15,6,10,16,13,5,2,4,1,12,14,9,11$1.0
419$3,8,6,15,15,10,16,13,5,2,4,1,12,14,9,11$1.0
420$3,8,6,15,12,10,16,13,5,2,4,1,12,14,9,11$1.0
421$3,8,6,15,12,10,16,13,5,2,4,1,12,14,9,11$1.0
422$3,8,6,15,12,10,16,13,5,2,4,1,12,14,9,11$1.0
423$3,8,6,15,6,10,16,13,5,2,4,1,12,14,9,11$1.0
424$3,8,6,15,12,10,16,13,5,2,4,1,12,14,9,11$1.0
425$3,8,6,15,12,10,16,13,5,2,4,1,12,14,9,11$1.0
426$3,8,6,15,12,10,16,13,5,2,4,1,12,14,9,11$1.0
427$3,8,6,15,12,10,16,13,5,2,4,1,12,14,9,11$1.0
428$3,8,6,15,2,10,16,13,5,2,4,1,12,14,9,11$1.0
429$3,8,6,15,12,10,16,13,5,2,4,1,12,14,9,11$1.0
430$3,8,6,15,2,10,16,13,5,2,4,1,12,14,9,11$1.0
431$3,8,6,15,12,10,16,13,5,2,4,1,12,14,9,11$1.0
432$3,8,6,15,12,10,16,13,5,2,4,1,12,14,9,11$1.0
433$3,8,6,15,12,10,16,13,5,2,4,1,12,14,9,11$1.0
434$3,8,6,15,12,10,16,13,5,2,4,1,12,14,9,11$1.0
435$3,8,6,15,12,10,16,13,5,2,4,1,12,14,9,11$1.0
436$3,8,6,15,2,10,16,13,5,2,4,1,12,14,9,11$1.0
437$3,8,6,15,2,10,16,13,5,2,4,1,12,14,9,11$1.0
438$3,8,6,15,12,10,16,13,5,2,4,1,12,14,9,11$1.0
439$3,8,6,15,12,10,16,13,5,2,4,1,12,14,9,11$1.0
440$3,8,6,15,2,10,16,13,5,2,4,1,12,14,9,11$1.0
441$3,8,6,15,12,10,16,13,5,2,4,1,12,14,9,11$1.0
442$3,8,6,15,12,10,16,13,5,2,4,1,12,14,9,11$1.0
443$3,8,6,15,2,10,16,13,5,2,4,1,12,14,9,11$1.0
444$3,8,6,15,12,10,16,13,5,2,4,1,12,14,9,11$1.0
445$3,8,6,15,12,10,16,13,5,2,4,1,12,14,9,11$1.0
446$3,8,6,15,12,10,16,13,5,2,4,1,12,14,9,11$1.0
447$3,8,6,15,12,10,16,13,5,2,4,1,12,14,9,11$1.0
448$3,8,6,15,12,10,16,13,5,2,4,1,12,14,9,11$1.0
449$3,8,6,15,12,10,16,13,5,2,4,1,12,14,9,11$1.0
450$3,8,6,15,2,10,16,13,5,2,4,1,12,14,9,11$1.0
451$3,8,6,15,2,10,16,13,5,2,4,1,12,14,9,11$1.0
452$3,8,6,15,12,10,16,13,5,2,4,1,12,14,9,11$1.0
453$3,8,6,15,12,10,16,13,5,2,4,1,12,14,9,11$1.0
454$3,8,6,15,12,10,16,13,5,2,4,1,12,14,9,11$1.0
455$3,8,6,15,13,10,16,13,5,2,4,1,12,14,9,11$1.0
456$3,8,6,15,12,10,16,13,5,2,4,1,12,14,9,11$1.0
457$3,8,6,15,13,10,16,13,5,2,4,1,12,14,9,11$1.0
458$3,8,6,15,12,10,16,13,5,2,4,1,12,14,9,11$1.0
459$3,8,6,15,12,10,16,13,5,2,4,1,12,14,9,11$1.0
460$3,8,6,15,13,10,16,13,5,2,4,1,12,14,9,11$1.0
461$3,8,6,15,13,10,16,13,5,2,4,1,12,14,9,11$1.0
462$3,8,6,15,2,10,16,13,5,2,4,1,12,14,9,11$1.0
463$3,8,6,15,2,10,16,13,5,2,4,1,12,14,9,11$1.0
464$3,8,6,15,13,10,16,13,5,2,4,1,12,14,9,11$1.0
465$3,8,6,15,12,10,16,13,5,2,4,1,12,14,9,11$1.0
466$3,8,6,15,12,10,16,13,5,2,4,1,12,14,9,11$1.0
467$3,8,6,15,12,10,16,13,5,2,4,1,12,14,9,11$1.0
468$3,8,6,15,2,10,16,13,5,2,4,1,12,14,9,11$1.0
469$3,8,6,15,13,10,16,13,5,2,4,1,12,14,9,11$1.0
470$3,8,6,15,13,10,16,13,5,2,4,1,12,14,9,11$1.0
471$3,8,6,15,3,10,16,13,5,2,4,1,12,14,9,11$1.0
472$3,8,6,15,3,10,16,13,5,2,4,1,12,14,9,11$1.0
473$3,8,6,15,13,10,16,9,5,2,4,1,12,14,9,11$1.0
474$3,8,6,15,13,10,16,9,5,2,4,1,12,14,9,11$1.0
475$3,8,6,15,13,10,16,13,5,2,4,1,12,14,9,11$1.0
476$3,8,6,15,13,10,16,13,5,2,4,1,12,14,9,11$1.0
477$3,8,6,15,13,10,16,13,5,2,4,1,12,14,9,11$1.0
478$3,8,6,15,13,10,16,13,5,7,4,1,12,14,9,11$1.0
479$3,8,6,15,13,10,16,13,5,2,4,1,12,14,9,11$1.0
480$3,8,6,15,13,10,16,13,5,2,4,1,12,14,9,11$1.0
481$3,8,6,15,15,10,16,13,5,2,4,1,12,14,9,11$1.0
482$3,8,6,15,13,10,16,13,5,2,4,1,12,14,9,11$1.0
483$3,8,6,15,13,10,16,13,5,7,4,1,12,14,9,11$1.0
484$3,8,6,15,13,10,16,13,5,2,4,1,12,14,9,11$1.0
485$3,8,6,15,6,10,16,13,5,7,4,1,12,14,9,11$1.0
486$3,8,6,15,6,10,16,13,5,7,4,1,12,14,9,11$1.0
487$3,8,6,15,3,10,16,13,5,7,4,1,12,14,9,11$1.0
488$3,8,6,15,13,10,16,13,5,7,4,1,12,14,9,11$1.0
489$3,8,6,15,13,10,16,13,5,7,4,1,12,14,9,11$1.0
490$3,8,6,15,13,10,16,13,5,7,4,1,12,14,9,11$1.0
491$3,8,6,15,13,10,16,13,5,7,4,1,12,14,9,11$1.0
492$3,8,6,15,6,10,16,13,5,7,4,1,12,14,9,11$1.0
493$3,8,6,15,13,10,16,13,5,7,4,1,12,14,9,11$1.0
494$2,8,6,15,13,10,16,13,5,7,4,1,12,14,9,11$1.0
495$3,8,6,15,13,10,16,13,5,7,4,1,12,14,9,11$1.0
496$2,8,6,15,7,10,16,13,5,7,4,1,12,14,9,11$1.0
497$3,8,6,15,13,10,16,13,5,7,4,1,12,14,9,11$1.0
498$3,8,6,15,13,10,16,13,5,7,4,1,12,14,9,11$1.0
499$3,8,6,15,13,10,16,13,5,7,4,1,12,14,9,11$1.0
500$3,8,6,15,13,10,16,13,5,7,4,1,12,14,9,11$1.0
501$3,8,6,15,13,10,16,13,5,7,4,1,12,14,9,11$1.0
502$3,8,6,15,13,10,16,13,5,7,4,1,12,14,9,11$1.0
503$3,8,6,2,15,10,16,13,5,7,4,1,12,14,9,11$0.0
503$3,8,6,2,15,10,16,13,5,7,4,1,12,14,9,11$0.0
