50
0$21,22,21,49,16,2,11,47,33,19,32,40,35,12,24,3,30,1,44,26,16,33,2,45,13,39,24,43,5,5,42,50,34,19,6,46,1,27,41,32,47,10,8,28,30,16,42,8,47,7$61.0
0$19,12,22,3,6,31,33,30,24,31,11,2,10,23,49,16,1,30,18,36,48,32,6,35,3,27,9,3,47,4,23,27,47,1,42,12,48,28,22,20,2,17,12,14,24,28,40,36,17,42$65.0
0$17,40,43,32,8,21,46,25,36,47,29,15,6,19,35,46,13,19,3,10,3,25,16,22,36,34,21,20,24,32,28,26,2,49,31,24,6,20,48,45,27,23,14,11,3,19,2,28,40,50$63.0
0$21,22,21,49,16,2,11,47,33,19,32,40,35,12,24,3,30,1,44,26,16,33,2,45,13,39,24,43,5,5,42,50,34,19,6,46,1,27,41,32,47,10,8,28,30,16,42,8,47,7$61.0
1$8,34,37,40,45,31,33,30,24,31,11,2,10,23,49,16,1,30,18,36,48,32,6,35,3,27,9,3,47,4,23,27,47,1,42,12,48,28,22,20,2,17,12,14,24,28,40,36,20,42$60.0
1$8,34,37,40,45,31,33,30,24,31,11,2,10,23,49,16,1,30,18,36,48,32,6,35,3,27,9,3,47,4,23,27,47,1,42,12,48,28,22,20,2,17,12,14,24,28,40,36,20,42$60.0
2$21,22,21,49,16,2,11,47,33,19,32,40,35,12,24,3,7,1,44,26,16,48,2,6,13,39,24,43,5,5,42,50,34,19,6,46,1,27,41,32,47,10,8,28,30,16,42,8,47,7$55.0
2$8,34,37,40,45,31,33,30,24,31,11,2,10,23,49,16,1,30,18,36,48,32,6,35,3,27,9,3,47,4,23,27,47,1,48,12,48,28,22,20,2,17,12,14,24,28,40,36,20,42$59.0
2$9,22,21,49,16,2,11,47,33,19,32,40,35,12,24,43,7,1,44,26,16,33,2,6,13,39,24,43,5,5,42,50,34,19,6,46,1,27,41,32,47,10,8,28,30,16,42,8,47,7$58.0
2$21,22,21,49,16,2,11,47,33,19,32,40,35,12,24,3,7,1,44,26,16,48,2,6,13,39,24,43,5,5,42,50,34,19,6,46,1,27,41,32,47,10,8,28,30,16,42,8,47,7$55.0
3$39,17,31,40,45,31,33,30,24,31,11,2,10,47,49,16,1,30,18,36,48,32,6,35,3,27,9,3,47,4,23,27,47,1,42,12,48,28,22,20,2,17,12,14,1,44,21,21,26,13$51.0
3$39,17,31,40,45,31,33,30,24,31,11,2,10,47,49,16,1,30,18,36,48,32,6,35,3,27,9,3,47,4,23,27,47,1,42,12,48,28,22,20,2,17,12,14,1,44,21,21,26,13$51.0
4$1,28,33,11,19,25,38,12,12,6,32,44,35,12,24,3,30,1,44,26,16,33,2,45,13,39,24,43,5,5,42,50,34,19,6,46,1,27,41,32,47,10,8,4,48,11,49,26,27,39$47.0
4$44,13,8,16,20,6,15,44,42,29,7,5,22,23,18,10,6,44,46,50,26,29,14,30,2,9,40,14,31,2,45,17,30,4,45,38,36,39,33,4,33,42,38,19,26,44,36,41,32,41$49.0
4$1,28,33,11,19,25,38,12,12,6,32,44,35,12,24,3,30,1,44,26,16,33,2,45,13,39,24,43,5,5,42,50,34,19,6,46,1,27,41,32,47,10,8,4,48,11,49,26,27,39$47.0
5$11,21,31,33,13,26,9,45,13,37,3,17,35,12,24,3,7,1,44,26,16,48,2,6,13,39,24,43,5,5,42,50,34,19,6,46,1,27,41,32,47,10,8,28,30,16,42,8,47,7$46.0
5$11,21,31,33,13,26,9,45,13,37,3,17,35,12,24,3,7,1,44,26,16,48,2,6,13,39,24,43,5,5,42,50,34,19,6,46,1,27,41,32,47,10,8,28,30,16,42,8,47,7$46.0
6$11,21,31,33,13,26,9,45,13,37,3,17,35,12,24,3,7,1,44,26,16,48,2,6,13,39,24,43,5,5,42,50,34,19,6,46,1,27,41,32,47,10,8,28,30,16,42,8,47,7$46.0
7$11,21,31,33,13,26,9,45,40,37,3,17,35,12,24,3,7,1,44,26,16,48,2,6,13,39,24,43,5,5,42,23,34,19,6,46,1,27,41,32,47,10,8,3,30,16,42,8,47,7$44.0
7$11,21,31,33,13,26,9,45,40,37,3,17,35,12,24,3,7,1,44,26,16,48,2,6,13,39,24,43,5,5,42,23,34,19,6,46,1,27,41,32,47,10,8,3,30,16,42,8,47,7$44.0
8$11,21,31,33,13,26,9,45,13,37,3,17,35,12,24,3,7,1,44,26,16,48,2,6,13,39,24,43,5,5,42,23,34,19,6,46,1,27,41,32,47,10,8,28,30,16,42,8,47,7$44.0
9$11,21,31,33,13,26,11,47,33,19,32,15,35,12,24,3,7,1,44,26,16,48,2,6,13,39,24,43,5,5,42,50,34,19,6,46,30,27,41,32,47,10,8,28,30,16,42,8,35,7$44.0
10$11,21,31,33,13,26,9,25,40,37,3,17,35,12,5,3,7,1,44,26,16,48,2,6,13,39,24,43,5,5,42,50,34,19,6,46,30,27,41,32,47,10,8,28,30,16,42,8,35,7$43.0
10$11,21,31,33,13,26,9,25,40,37,3,17,35,12,5,3,7,1,44,26,16,48,2,6,13,39,24,43,5,5,42,50,34,19,6,46,30,27,41,32,47,10,8,28,30,16,42,8,35,7$43.0
11$43,40,2,32,13,22,9,45,13,37,3,17,35,1,24,3,38,1,44,26,16,48,2,6,13,39,24,43,5,5,42,50,34,19,6,46,17,27,41,32,47,10,8,28,30,16,42,8,9,7$42.0
11$43,40,2,32,13,22,9,45,13,37,3,17,35,1,24,3,38,1,44,26,16,48,2,6,13,39,24,43,5,5,42,50,34,19,6,46,17,27,41,32,47,10,8,28,30,16,42,8,9,7$42.0
12$11,21,27,33,13,26,9,45,40,19,32,15,35,12,24,3,7,1,44,26,29,48,2,6,13,39,24,43,5,5,42,50,34,19,6,46,1,27,41,32,47,10,8,28,30,16,42,8,35,7$41.0
12$11,21,27,33,13,26,9,45,40,19,32,15,35,12,24,3,7,1,44,26,29,48,2,6,13,39,24,43,5,5,42,50,34,19,6,46,1,27,41,32,47,10,8,28,30,16,42,8,35,7$41.0
13$11,21,31,33,13,26,9,45,40,19,32,15,35,12,24,20,7,1,44,26,16,48,2,31,13,39,24,43,5,5,42,50,34,42,6,46,30,27,39,32,47,10,10,28,30,16,42,8,35,7$39.0
13$11,21,31,33,13,26,9,45,40,19,32,15,35,12,24,20,7,1,44,26,16,48,2,31,13,39,24,43,5,5,42,50,34,42,6,46,30,27,39,32,47,10,10,28,30,16,42,8,35,7$39.0
14$11,21,27,33,13,26,9,45,40,19,32,15,35,12,24,3,7,1,44,26,29,48,2,6,13,39,24,43,5,5,42,23,34,19,6,46,1,27,41,32,47,10,18,3,30,16,42,8,35,7$37.0
14$11,21,27,33,13,26,9,45,40,19,32,15,35,12,24,3,7,1,44,26,29,48,2,6,13,39,24,43,5,5,42,23,34,19,6,46,1,27,41,32,47,10,18,3,30,16,42,8,35,7$37.0
15$11,21,27,33,13,26,9,45,40,19,32,15,35,12,24,48,7,1,44,26,29,48,2,6,13,39,24,43,5,5,42,23,34,19,6,46,1,27,41,32,34,10,18,3,30,16,42,8,35,7$36.0
15$11,21,27,33,13,26,9,45,40,19,32,15,35,12,24,48,7,1,44,26,29,48,2,6,13,39,24,43,5,5,42,23,34,19,6,46,1,27,41,32,34,10,18,3,30,16,42,8,35,7$36.0
16$11,21,31,33,13,26,9,45,40,19,32,15,35,12,24,20,7,1,44,26,16,48,2,6,13,39,24,43,25,5,42,23,34,19,6,46,1,27,41,32,47,10,2,28,30,27,42,8,35,7$36.0
17$11,21,31,33,17,26,11,47,33,19,32,15,35,12,24,3,7,18,44,26,29,48,2,6,13,39,24,43,5,5,42,50,34,19,6,46,1,27,41,32,47,10,18,3,30,16,42,8,35,11$35.0
17$11,21,31,33,17,26,11,47,33,19,32,15,35,12,24,3,7,18,44,26,29,48,2,6,13,39,24,43,5,5,42,50,34,19,6,46,1,27,41,32,47,10,18,3,30,16,42,8,35,11$35.0
18$11,21,31,33,13,26,9,45,40,19,32,15,35,12,24,20,7,1,44,26,14,48,2,6,13,39,24,43,5,5,42,23,34,19,6,46,1,27,41,34,47,10,18,28,30,12,42,8,35,7$34.0
18$11,21,31,33,13,26,9,45,40,19,32,15,35,12,24,20,7,1,44,26,14,48,2,6,13,39,24,43,5,5,42,23,34,19,6,46,1,27,41,34,47,10,18,28,30,12,42,8,35,7$34.0
19$11,21,27,33,13,26,9,45,40,19,32,15,35,12,24,20,7,1,44,26,16,48,2,31,13,39,24,43,5,5,42,50,34,6,6,46,1,27,41,32,47,10,18,3,30,16,42,8,28,7$33.0
19$11,21,27,33,13,26,9,45,40,19,32,15,35,12,24,20,7,1,44,26,16,48,2,31,13,39,24,43,5,5,42,50,34,6,6,46,1,27,41,32,47,10,18,3,30,16,42,8,28,7$33.0
20$11,21,31,38,13,26,9,45,40,19,32,15,18,12,24,50,7,1,44,26,16,48,2,31,13,39,24,43,5,5,42,50,34,6,6,46,1,27,41,32,17,10,36,28,30,16,42,8,35,7$34.0
21$11,21,27,33,13,26,9,45,40,4,32,15,18,12,37,20,7,1,44,26,10,48,2,31,13,39,24,43,5,5,42,50,34,6,6,46,1,27,41,32,17,10,36,28,30,16,42,8,35,7$30.0
21$11,21,27,33,13,26,9,45,40,4,32,15,18,12,37,20,7,1,44,26,10,48,2,31,13,39,24,43,5,5,42,50,34,6,6,46,1,27,41,32,17,10,36,28,30,16,42,8,35,7$30.0
22$11,21,27,33,13,26,9,45,40,4,32,15,18,12,24,20,7,1,44,26,16,48,2,31,13,39,24,43,5,5,42,37,34,19,6,46,10,3,39,4,47,10,2,28,30,16,23,8,35,7$28.0
22$11,21,27,33,13,26,9,45,40,4,32,15,18,12,24,20,7,1,44,26,16,48,2,31,13,39,24,43,5,5,42,37,34,19,6,46,10,3,39,4,47,10,2,28,30,16,23,8,35,7$28.0
23$11,21,31,38,13,26,9,45,40,40,32,15,18,12,24,20,7,1,44,19,16,48,2,31,13,39,24,43,5,5,42,37,34,14,6,46,1,27,41,32,17,10,36,28,30,16,29,8,35,7$27.0
23$11,21,31,38,13,26,9,45,40,40,32,15,18,12,24,20,7,1,44,19,16,48,2,31,13,39,24,43,5,5,42,37,34,14,6,46,1,27,41,32,17,10,36,28,30,16,29,8,35,7$27.0
24$11,21,27,33,13,26,9,45,40,4,32,15,27,12,24,20,7,1,12,26,16,48,2,31,13,39,24,43,5,5,42,37,34,19,6,46,10,3,39,4,47,10,2,28,30,16,23,8,35,7$28.0
25$11,21,27,33,13,26,9,45,40,4,32,15,29,12,24,20,7,1,12,26,16,48,2,31,13,39,24,43,5,5,42,37,34,19,6,46,10,3,35,4,47,10,2,28,30,16,42,8,35,7$26.0
25$11,21,27,33,13,26,9,45,40,4,32,15,29,12,24,20,7,1,12,26,16,48,2,31,13,39,24,43,5,5,42,37,34,19,6,46,10,3,35,4,47,10,2,28,30,16,42,8,35,7$26.0
26$11,21,27,33,13,26,9,45,40,4,32,15,18,12,24,20,7,1,44,26,48,48,2,6,13,35,24,43,5,5,42,23,34,19,6,46,10,3,39,4,47,10,36,28,30,16,42,8,35,7$25.0
26$11,21,27,33,13,26,9,45,40,4,32,15,18,12,24,20,7,1,44,26,48,48,2,6,13,35,24,43,5,5,42,23,34,19,6,46,10,3,39,4,47,10,36,28,30,16,42,8,35,7$25.0
27$11,20,27,33,13,26,9,45,40,4,32,15,18,12,24,20,7,1,44,26,48,48,2,6,13,35,24,43,5,5,42,23,34,19,6,46,10,3,39,4,47,10,36,28,30,16,42,8,35,7$26.0
28$11,21,27,33,13,26,33,45,40,4,32,15,18,12,24,20,7,1,44,26,48,48,2,6,13,39,24,43,5,5,42,50,34,30,6,46,10,3,41,4,47,10,2,28,30,16,42,8,35,7$25.0
29$11,21,27,33,13,26,9,45,40,4,32,15,18,12,24,20,7,1,44,9,48,48,2,31,13,39,24,43,5,5,42,50,34,19,6,46,10,3,39,4,47,6,29,28,30,16,42,8,35,7$26.0
30$11,21,27,33,13,26,9,45,40,4,32,15,18,12,24,20,7,1,44,9,48,48,2,31,13,39,24,43,5,5,42,50,34,19,6,46,10,3,39,4,47,10,2,28,30,41,1,8,35,7$21.0
30$11,21,27,33,13,26,9,45,40,4,32,15,18,12,24,20,7,1,44,9,48,48,2,31,13,39,24,43,5,5,42,50,34,19,6,46,10,3,39,4,47,10,36,28,30,16,42,30,35,7$23.0
30$11,21,27,33,13,26,9,45,40,4,32,15,18,12,24,20,7,1,44,9,48,48,2,31,13,39,24,43,5,5,42,50,34,19,6,46,10,3,39,4,47,10,2,28,30,41,1,8,35,7$21.0
31$11,21,27,33,13,26,9,45,40,4,32,15,18,12,24,20,7,1,44,9,48,48,2,31,13,39,24,43,5,5,42,50,34,19,6,46,10,3,39,4,47,10,2,28,30,41,1,8,35,7$21.0
32$11,21,27,38,13,48,9,40,40,4,32,15,18,12,24,20,7,1,44,26,16,48,2,31,13,39,24,43,5,5,42,50,34,19,6,46,10,3,39,4,17,10,36,28,30,16,29,8,35,7$20.0
32$11,21,27,38,13,48,9,40,40,4,32,15,18,12,24,20,7,1,44,26,16,48,2,31,13,39,24,43,5,5,42,50,34,19,6,46,10,3,39,4,17,10,36,28,30,16,29,8,35,7$20.0
33$11,21,27,33,13,26,9,45,40,4,32,15,18,12,24,20,7,1,44,9,48,48,2,31,13,39,24,43,5,5,42,50,34,19,6,46,10,3,39,4,17,10,36,28,30,16,29,8,35,7$21.0
34$11,21,27,33,13,26,9,45,40,4,32,15,18,12,24,20,7,1,44,9,48,48,2,31,13,39,24,43,5,5,42,50,34,19,6,46,10,3,39,4,47,10,2,28,30,41,1,8,35,7$21.0
35$11,21,27,33,13,26,9,45,40,4,32,15,18,12,24,20,7,1,44,9,48,48,2,31,13,39,24,43,5,5,42,50,34,19,6,46,10,3,39,4,47,10,2,28,30,41,1,8,35,7$21.0
36$49,21,27,33,13,26,9,45,40,4,32,15,18,12,24,20,7,1,44,9,48,48,2,31,13,39,24,43,5,5,42,50,34,30,6,46,10,3,41,4,47,10,2,28,30,16,23,8,35,11$19.0
36$49,21,27,33,13,26,9,45,40,4,32,15,18,12,24,20,7,1,44,9,48,48,2,31,13,39,24,43,5,5,42,50,34,30,6,46,10,3,41,4,47,10,2,28,30,16,23,8,35,11$19.0
37$49,21,27,33,13,26,9,45,40,4,32,15,18,12,24,20,7,1,44,9,48,48,2,31,13,39,24,43,5,5,42,23,34,19,6,46,10,3,39,4,17,10,36,28,30,20,29,8,35,11$19.0
38$11,21,27,33,13,26,9,45,40,4,32,15,18,12,24,20,7,1,44,9,48,48,2,31,13,39,24,43,5,5,42,50,34,30,6,46,10,3,39,4,47,10,2,28,30,41,29,8,35,7$17.0
38$11,21,19,33,13,26,9,45,40,4,32,15,18,12,24,20,7,1,44,9,48,48,2,31,13,39,24,43,5,5,42,50,34,30,6,46,10,3,41,4,47,10,2,28,30,16,29,8,35,7$18.0
38$11,21,27,33,13,26,9,45,40,4,32,15,18,12,24,20,7,1,44,9,48,48,2,31,13,39,24,43,5,5,42,50,34,30,6,46,10,3,39,4,47,10,2,28,30,41,29,8,35,7$17.0
39$11,21,27,33,13,26,9,45,40,4,32,15,18,12,24,20,7,1,44,9,48,48,37,31,13,39,24,43,5,5,42,50,34,30,6,46,10,3,1,4,47,10,2,28,30,20,29,8,35,7$17.0
40$11,21,27,33,13,26,9,45,40,4,32,15,18,12,24,20,7,1,44,9,48,48,37,31,13,39,24,43,5,5,42,50,34,30,6,46,10,3,1,4,47,10,2,28,30,16,42,8,35,7$17.0
41$11,21,27,33,13,26,9,45,40,4,32,15,18,12,24,20,7,1,44,9,48,48,37,31,13,39,24,43,5,5,42,50,34,30,6,46,10,3,1,4,47,10,2,28,30,16,29,8,35,7$16.0
41$11,21,27,33,13,26,9,45,40,4,32,15,18,12,24,20,7,1,44,9,48,48,37,31,13,39,24,43,5,5,42,50,34,30,6,46,10,3,1,4,47,10,2,28,30,16,29,8,35,7$16.0
42$11,21,27,33,13,26,9,45,40,4,32,15,18,12,24,20,7,1,44,9,48,48,37,31,13,39,24,43,5,5,42,50,34,30,6,46,10,3,39,4,47,10,2,28,30,16,29,8,35,7$16.0
43$11,21,27,33,13,26,6,45,40,4,32,15,18,12,27,20,7,1,44,9,48,48,2,31,13,22,24,43,5,5,42,50,34,34,26,46,10,3,41,4,17,10,36,28,30,16,42,8,35,7$16.0
44$11,21,27,33,13,26,6,45,40,4,32,15,18,12,27,20,7,1,44,9,48,48,2,31,13,22,24,43,5,5,42,50,34,34,26,46,10,3,39,4,47,10,2,28,30,16,29,8,35,7$16.0
45$11,21,27,33,13,26,9,45,40,4,32,15,18,12,24,20,7,1,44,9,48,48,37,31,13,39,24,43,5,5,42,50,34,30,6,31,10,47,39,4,47,10,2,28,30,16,29,8,35,7$16.0
46$11,21,27,33,13,26,9,45,40,4,32,15,18,12,27,20,7,1,44,9,48,48,37,31,13,39,24,43,5,5,42,50,34,30,6,31,10,47,39,4,47,10,2,28,30,16,29,8,35,7$14.0
46$11,21,27,33,13,26,9,45,40,4,32,15,18,12,27,20,7,1,44,9,48,48,37,31,13,39,24,43,5,5,42,50,34,30,6,31,10,47,39,4,47,10,2,28,30,16,29,8,35,7$14.0
47$11,21,27,33,13,26,9,45,40,4,32,15,18,12,27,20,7,1,44,9,48,48,37,31,13,39,24,43,5,5,42,50,34,30,6,31,10,47,39,4,47,10,2,28,30,16,29,8,35,7$14.0
48$11,21,27,33,13,26,9,45,40,4,32,15,18,12,24,20,7,1,44,9,48,48,37,31,13,39,24,43,5,5,42,50,34,30,6,46,10,3,41,14,47,10,2,28,30,16,29,8,35,7$16.0
49$11,21,27,33,13,26,9,45,40,4,32,15,18,12,27,20,7,1,44,9,48,48,37,31,13,22,24,43,5,5,42,50,34,30,6,31,10,47,39,4,47,10,2,35,30,16,29,8,35,7$16.0
50$11,21,27,33,13,26,9,45,40,4,32,15,18,12,24,20,7,1,44,9,48,48,2,31,13,22,24,43,5,5,42,50,34,25,6,44,10,3,39,4,47,10,2,28,30,16,29,8,35,7$14.0
51$11,21,27,33,13,26,9,45,40,4,32,15,18,12,24,20,7,1,44,9,48,48,2,31,13,22,24,43,5,5,42,50,34,25,6,44,10,3,39,4,47,10,2,28,30,16,29,8,35,7$14.0
52$11,21,27,33,38,26,9,45,40,4,32,15,18,12,24,20,7,1,44,9,48,48,2,31,13,22,24,43,5,5,42,50,34,25,6,44,10,3,39,4,47,10,2,28,30,16,29,8,35,7$13.0
52$11,21,27,33,38,26,9,45,40,4,32,15,18,12,24,20,7,1,44,9,48,48,2,31,13,22,24,43,5,5,42,50,34,25,6,44,10,3,39,4,47,10,2,28,30,16,29,8,35,7$13.0
53$11,21,27,33,13,26,9,45,40,4,32,15,18,12,24,20,7,1,14,9,48,48,2,31,13,22,24,43,5,5,42,50,34,25,6,44,10,27,39,4,47,10,2,28,30,16,29,8,35,7$14.0
54$11,21,27,33,13,26,9,45,40,4,32,15,18,12,24,20,7,1,44,9,48,48,2,31,13,22,24,43,5,5,42,50,34,25,6,44,10,3,39,4,47,10,2,28,30,16,29,8,35,7$14.0
55$11,21,27,33,13,26,9,45,40,4,32,15,18,12,24,20,7,1,44,9,48,48,37,31,13,22,24,43,5,5,42,50,34,25,6,44,10,3,39,4,47,10,2,28,30,16,29,8,35,7$13.0
56$11,21,27,33,13,26,9,45,40,4,32,15,18,12,24,20,7,1,44,9,48,48,37,31,13,22,24,43,5,5,42,50,34,25,6,44,10,3,39,4,47,10,2,28,30,16,29,8,35,7$13.0
57$11,21,27,33,13,26,9,45,40,4,32,15,18,12,24,20,7,1,44,9,48,48,37,31,13,22,24,43,5,5,42,50,34,25,6,44,10,3,39,4,47,10,2,28,30,16,29,8,35,7$13.0
58$11,21,27,33,13,26,9,45,40,4,32,15,18,12,24,20,7,1,44,9,48,48,37,31,13,22,24,43,5,5,42,50,34,25,6,29,10,3,39,4,47,10,2,28,30,16,29,8,35,7$11.0
58$11,21,27,33,13,26,9,45,40,4,32,15,18,12,24,20,7,1,44,9,48,48,37,31,13,22,24,43,5,5,42,50,34,25,6,29,10,3,39,4,47,10,2,28,30,16,29,8,35,7$11.0
59$11,21,27,33,13,26,9,45,40,4,32,15,18,12,24,20,7,1,44,9,48,48,37,31,13,22,24,43,5,5,42,50,34,25,6,44,10,3,39,4,47,10,2,28,30,16,29,8,35,7$13.0
60$11,21,27,33,13,26,9,45,40,4,32,15,18,12,24,20,7,1,14,9,48,48,37,31,13,22,24,43,5,5,42,50,34,25,6,44,10,3,39,4,47,10,2,28,30,16,29,8,35,7$12.0
61$11,21,27,33,13,26,9,45,40,4,32,15,18,12,24,20,7,1,44,9,48,48,37,31,13,22,24,43,5,5,42,50,34,25,6,44,10,3,39,4,47,10,2,28,30,16,29,8,35,7$13.0
62$11,21,27,33,13,26,9,45,40,4,32,15,18,12,24,20,7,1,44,9,48,48,37,31,13,22,24,43,5,5,42,50,34,25,6,29,10,3,39,4,47,10,2,28,30,16,29,8,35,7$11.0
63$11,21,27,33,13,26,9,45,40,4,32,15,18,12,24,20,7,1,44,9,48,48,37,31,13,22,24,43,5,5,42,50,34,25,6,44,10,3,39,4,47,10,2,28,30,16,29,8,35,7$13.0
64$11,21,27,33,13,26,9,45,40,4,32,15,18,12,24,20,7,1,44,9,48,48,37,31,13,22,24,43,21,5,42,50,34,25,6,44,10,47,39,4,47,10,2,28,30,16,29,8,35,7$14.0
65$11,21,27,33,13,26,9,45,40,4,32,15,18,12,24,20,7,1,44,9,48,48,37,31,13,22,24,43,5,5,42,50,34,25,6,44,10,3,39,4,47,10,2,28,30,16,29,8,35,7$13.0
66$11,21,27,33,13,26,9,45,41,4,32,15,18,12,24,20,7,1,44,9,48,48,37,31,13,22,24,43,5,5,42,50,34,25,6,44,10,3,39,4,47,10,2,28,30,16,29,8,35,7$13.0
67$11,21,27,33,13,26,9,45,40,4,32,15,18,12,24,20,7,1,44,9,48,48,37,31,13,22,24,43,5,5,42,50,34,25,6,44,10,3,39,4,47,10,2,28,30,16,29,8,35,7$13.0
68$11,21,27,33,13,26,9,45,40,4,32,15,18,12,24,20,7,1,44,9,48,48,37,31,13,22,24,43,5,5,42,50,34,25,6,44,10,3,39,4,47,10,2,28,30,16,29,8,35,7$13.0
69$11,21,27,33,13,26,9,45,40,4,32,15,18,12,24,20,7,1,44,9,48,48,37,31,13,22,24,43,5,5,42,50,34,25,6,44,10,3,39,4,47,10,2,28,30,16,29,8,35,7$13.0
70$11,21,27,33,13,26,9,45,40,4,32,15,18,12,24,20,7,1,44,9,48,48,37,31,13,22,24,43,21,5,42,50,34,25,6,44,10,49,39,4,47,10,2,28,30,16,29,8,35,31$13.0
71$11,21,27,33,13,26,9,45,41,4,32,15,18,12,24,20,7,1,44,9,44,48,2,31,13,22,39,43,5,5,42,50,34,25,6,13,10,3,39,4,47,10,2,28,30,16,29,8,35,7$13.0
72$11,21,27,33,13,26,9,45,40,4,32,15,18,12,24,20,7,1,44,9,48,48,37,31,13,22,24,43,5,5,42,50,34,25,6,44,10,3,39,4,47,10,2,28,30,16,29,8,35,31$13.0
73$11,21,27,33,13,26,9,45,41,4,32,15,18,12,24,20,7,1,44,9,37,48,37,31,13,22,24,43,5,5,42,50,34,25,6,44,10,3,39,4,47,10,2,28,30,16,29,8,35,7$13.0
74$11,21,27,33,13,26,9,45,40,4,32,15,18,12,24,20,7,1,44,9,48,48,2,31,13,22,1,43,5,5,42,50,34,25,22,44,10,3,39,4,47,10,2,28,30,16,29,8,35,31$13.0
75$11,21,27,33,13,26,9,45,40,4,32,15,18,12,49,20,7,1,44,9,48,46,37,31,13,22,24,43,5,5,42,50,34,25,6,44,10,3,39,4,47,10,2,28,30,16,29,8,35,31$13.0
76$11,21,27,33,13,26,9,45,40,4,32,15,18,12,24,20,7,1,44,9,48,48,37,31,13,22,24,43,5,5,42,50,34,25,6,44,10,3,39,4,47,10,2,28,30,16,29,8,35,7$13.0
77$11,21,27,33,13,26,9,45,40,4,32,15,18,12,24,20,7,1,44,9,48,48,37,31,13,22,24,43,5,5,42,50,34,25,22,44,10,3,39,4,47,10,2,28,30,16,29,8,35,31$12.0
78$11,21,27,33,4,26,9,45,40,4,32,15,18,12,24,20,7,1,44,9,48,48,37,31,13,22,39,43,5,5,42,50,34,25,6,44,10,3,39,4,47,10,2,28,30,16,29,8,35,7$12.0
79$11,21,27,33,13,26,9,45,40,4,32,15,18,12,24,20,7,1,44,9,48,48,37,31,13,22,24,43,5,5,42,50,34,25,6,44,10,3,39,4,47,10,2,28,30,16,29,8,35,31$13.0
80$11,21,27,33,4,26,9,45,40,4,32,15,18,12,24,20,7,1,44,38,48,48,37,31,13,22,24,43,5,5,42,50,34,25,22,44,10,3,39,4,47,10,2,28,30,16,29,8,35,31$12.0
81$11,21,27,33,13,26,9,45,40,4,32,15,18,12,24,20,7,1,44,9,48,48,2,36,13,22,1,43,5,5,42,50,34,25,22,44,10,3,39,4,47,10,2,28,30,16,29,8,35,31$12.0
82$11,21,27,33,13,26,9,45,40,4,32,15,18,12,24,20,7,1,44,9,48,48,2,36,13,22,1,43,5,5,42,50,34,25,22,44,10,3,39,4,47,10,2,28,30,16,29,8,35,31$12.0
83$11,21,27,33,13,26,9,45,40,4,32,15,18,12,24,20,7,1,44,9,48,48,37,31,13,22,24,43,5,5,42,50,34,25,6,14,10,3,39,4,47,10,2,28,30,16,29,8,35,7$10.0
83$11,21,27,33,13,26,9,45,40,4,32,15,18,12,24,20,7,1,44,9,48,48,37,31,13,22,24,43,5,5,42,50,34,25,6,14,10,3,39,4,47,10,2,28,30,16,29,8,35,7$10.0
84$11,21,27,33,13,26,9,45,40,4,32,15,18,12,24,20,7,1,44,9,48,48,37,31,13,22,24,43,5,5,42,50,34,25,6,14,10,3,39,4,47,10,2,28,30,16,29,8,35,7$10.0
85$11,21,27,33,13,26,9,45,40,4,32,15,18,12,24,20,7,1,44,9,48,48,37,31,13,22,24,43,5,5,42,50,34,25,6,14,10,16,39,4,47,10,2,28,30,16,29,8,35,7$11.0
86$11,21,27,33,13,26,9,45,40,4,32,15,18,12,24,20,7,1,44,9,48,48,37,31,13,22,24,43,5,5,42,50,34,25,6,14,10,16,39,4,47,10,2,28,30,16,29,8,35,7$11.0
87$11,21,27,33,33,26,9,45,40,4,32,15,18,12,24,20,7,1,44,9,48,48,37,31,13,22,24,43,5,5,42,50,34,25,22,44,10,3,39,4,47,41,2,28,30,16,29,8,35,31$11.0
88$11,21,27,33,4,26,9,45,40,4,32,15,18,12,24,20,7,1,44,9,48,48,37,31,13,22,24,43,5,5,42,50,34,25,22,44,10,3,39,4,47,10,2,28,30,16,29,8,35,31$11.0
89$11,21,27,33,4,26,9,45,40,4,32,15,18,12,24,20,7,1,44,9,48,48,37,31,13,22,24,43,5,5,42,50,34,25,22,44,10,3,39,4,47,10,2,28,30,16,29,8,35,31$11.0
90$11,21,27,33,17,26,9,45,40,4,32,15,18,12,24,20,7,1,44,9,48,48,37,31,13,22,24,43,5,5,42,50,34,25,30,44,10,3,39,4,47,10,2,28,30,16,29,8,35,7$9.0
90$11,21,27,33,17,26,9,45,40,4,32,15,18,12,24,20,7,1,44,9,48,48,37,31,13,22,24,43,5,5,42,50,34,25,30,44,10,3,39,4,47,10,2,28,30,16,29,8,35,7$9.0
91$11,21,27,33,17,26,9,45,40,4,32,15,18,12,24,20,7,1,44,9,48,48,37,31,3,22,24,43,5,5,42,50,34,25,22,44,10,3,39,4,47,41,2,28,30,16,29,8,35,31$9.0
92$11,21,27,33,17,26,9,45,40,4,32,15,18,12,24,20,7,1,44,9,48,48,37,31,13,22,24,43,5,5,42,50,34,25,22,44,10,3,19,4,47,10,2,28,30,16,29,8,35,31$9.0
93$11,21,27,33,13,26,9,45,40,4,32,15,18,12,24,20,7,1,44,9,48,48,2,36,13,22,1,43,5,5,42,50,34,25,22,14,29,3,19,4,47,10,2,28,30,16,29,8,35,31$9.0
94$11,21,27,33,13,26,9,45,40,4,32,15,18,12,24,20,7,1,44,9,48,48,2,36,13,22,1,43,5,5,42,50,34,25,22,14,29,3,19,4,47,10,2,28,30,16,29,8,35,31$9.0
95$11,21,27,33,13,26,9,45,40,4,32,15,18,12,24,20,7,1,44,9,48,48,2,36,13,22,1,43,5,5,42,50,34,25,22,14,29,3,19,4,47,10,3,28,30,16,29,20,35,31$10.0
96$11,21,27,33,13,26,9,45,40,4,32,15,18,12,24,20,7,1,44,9,48,48,2,36,13,22,1,43,5,5,42,50,34,25,22,14,29,3,19,4,47,10,2,28,30,16,29,8,35,31$9.0
97$11,21,27,33,13,26,9,45,40,4,32,15,18,12,24,20,7,1,44,9,48,48,2,36,13,22,1,43,5,5,42,50,34,25,22,14,29,3,19,4,47,10,2,28,30,16,29,8,35,31$9.0
98$11,21,27,33,13,26,9,45,40,4,32,15,18,12,24,20,7,1,44,9,48,48,2,36,13,22,1,43,5,5,42,50,34,25,22,14,29,3,19,4,47,10,2,28,30,16,29,8,35,31$9.0
99$11,21,27,33,13,26,9,45,40,4,32,15,18,12,24,20,7,1,44,9,48,48,2,36,13,22,1,43,5,5,42,50,34,25,22,14,29,3,19,4,47,10,2,28,30,16,29,8,35,31$9.0
100$11,21,27,33,13,26,9,45,40,4,32,15,18,12,24,20,7,1,44,9,48,48,2,36,13,22,1,43,5,5,42,50,34,25,22,14,29,3,19,4,47,10,2,28,30,16,29,8,35,31$9.0
101$11,21,27,33,13,26,9,45,40,4,32,15,18,12,24,20,7,1,44,9,48,48,2,36,13,22,1,43,5,5,42,50,34,25,22,14,29,3,19,4,47,10,2,28,30,16,29,8,35,31$9.0
102$11,21,27,33,13,26,9,45,40,4,32,15,18,12,24,20,7,1,44,9,48,48,2,36,13,22,1,43,5,5,42,50,34,25,22,14,29,3,19,4,47,10,2,28,30,16,29,8,35,31$9.0
103$11,21,27,33,13,26,9,45,40,4,32,15,18,12,49,20,7,1,44,9,48,48,2,36,13,22,1,43,5,5,42,50,34,25,22,14,29,3,19,4,47,10,2,28,30,16,29,8,35,31$9.0
104$11,21,27,33,13,26,9,45,40,4,32,15,18,12,24,38,7,1,44,9,48,39,2,36,13,22,1,43,5,5,42,50,34,25,22,14,29,3,19,4,47,10,2,28,30,16,29,8,35,31$8.0
104$11,21,27,33,13,26,9,45,40,4,32,15,18,12,24,38,7,1,44,9,48,39,2,36,13,22,1,43,5,5,42,50,34,25,22,14,29,3,19,4,47,10,2,28,30,16,29,8,35,31$8.0
105$11,21,27,33,13,26,9,45,40,4,32,15,18,12,24,38,7,46,44,9,48,39,2,36,13,22,1,43,5,5,42,50,34,25,22,14,29,3,19,4,47,10,2,28,30,16,29,8,35,31$7.0
105$11,21,27,33,13,26,9,45,40,4,32,15,18,12,24,38,7,46,44,9,48,39,2,36,13,22,1,43,5,5,42,50,34,25,22,14,29,3,19,4,47,10,2,28,30,16,29,8,35,31$7.0
106$11,21,27,33,13,26,9,45,40,4,32,15,18,12,24,38,7,46,44,9,48,39,2,36,13,22,1,43,5,5,42,50,34,25,22,14,29,3,19,4,47,10,2,28,30,16,29,8,35,31$7.0
107$11,21,27,33,13,26,9,45,40,4,32,15,18,12,24,38,7,46,44,9,48,39,2,36,13,22,1,43,5,5,42,50,34,25,22,14,29,3,19,4,47,10,3,28,30,16,29,20,35,31$7.0
108$11,21,27,33,13,26,9,45,40,4,32,15,18,12,24,38,7,1,44,9,48,39,2,36,13,22,1,43,5,5,42,50,34,25,22,14,29,3,19,4,47,10,3,28,30,16,29,20,35,31$8.0
109$11,21,27,33,13,26,9,45,40,4,32,15,18,12,49,20,7,1,44,9,48,48,2,36,13,22,1,43,5,5,42,50,34,25,22,14,29,3,19,4,47,10,2,28,30,16,29,8,35,31$9.0
110$39,21,27,33,13,26,9,45,40,4,32,15,18,12,24,20,7,1,44,9,48,48,2,36,13,22,1,43,5,5,42,50,34,25,22,14,29,3,19,4,47,10,2,28,30,16,29,8,35,31$9.0
111$39,21,27,33,13,26,9,45,40,4,32,15,18,12,24,20,7,1,44,9,48,48,2,36,13,22,1,43,5,5,42,50,34,25,22,14,29,3,19,4,47,10,2,28,30,16,29,8,35,31$9.0
112$11,21,27,33,13,26,9,45,40,4,32,15,18,12,24,20,7,1,44,9,48,48,2,36,13,22,1,43,5,5,42,50,34,25,22,14,29,3,19,4,47,10,2,28,30,16,46,20,35,31$9.0
113$11,21,27,33,13,26,9,45,40,4,32,15,18,12,24,20,7,1,44,9,48,48,2,36,13,22,1,43,5,5,42,50,34,25,22,14,29,3,19,4,47,10,2,28,30,16,29,8,35,31$9.0
114$11,21,27,33,12,26,9,45,40,4,32,15,18,12,24,20,7,1,44,9,48,48,2,36,13,22,1,43,5,5,42,50,34,25,22,14,29,3,19,4,47,10,43,28,30,16,29,8,35,31$9.0
115$11,21,27,17,13,26,9,45,40,3,32,15,18,12,49,20,7,1,44,9,48,39,2,36,13,22,1,43,5,5,42,50,34,25,22,14,29,3,19,4,47,10,2,28,30,16,29,8,35,31$8.0
116$11,21,27,33,13,26,9,45,40,4,32,15,18,12,49,20,7,1,44,9,48,48,2,36,13,22,1,43,5,5,42,50,34,25,22,14,37,3,19,4,47,10,2,28,30,16,29,8,35,31$8.0
117$11,21,27,33,13,26,9,45,40,4,32,15,18,12,49,20,7,1,44,9,48,48,2,36,13,22,1,43,5,5,42,50,34,25,22,14,37,3,19,4,47,10,2,28,30,16,29,8,35,31$8.0
118$11,21,27,33,46,26,9,45,40,4,32,15,18,12,24,20,7,1,44,9,48,48,2,36,13,22,1,43,5,5,42,50,34,25,22,14,10,3,39,4,47,10,2,28,30,16,29,8,35,31$8.0
119$11,21,27,33,13,26,9,45,40,4,32,15,18,12,24,20,7,1,44,9,48,48,2,36,13,22,1,43,5,5,42,50,34,25,22,14,37,3,19,4,47,10,2,28,30,16,29,8,35,31$8.0
120$11,21,27,33,46,26,9,45,40,3,32,15,18,12,49,20,7,1,44,9,48,39,2,36,13,22,1,43,5,5,42,50,34,25,22,14,37,3,19,4,47,10,2,28,30,16,29,8,35,31$6.0
120$11,21,27,33,46,26,9,45,40,3,32,15,18,12,49,20,7,1,44,9,48,39,2,36,13,22,1,43,5,5,42,50,34,25,22,14,37,3,19,4,47,10,2,28,30,16,29,8,35,31$6.0
121$11,21,27,33,46,26,9,45,40,3,32,15,18,12,49,20,7,1,44,9,48,39,2,36,13,22,1,43,5,5,42,50,34,25,22,14,37,3,19,4,47,10,2,28,30,16,29,8,35,31$6.0
122$11,21,27,33,46,26,9,45,40,3,32,15,18,12,49,20,7,1,44,9,48,39,2,36,13,22,1,43,5,5,42,50,34,25,22,14,37,3,19,4,47,10,2,28,30,16,29,8,35,31$6.0
123$39,21,27,33,37,26,9,45,40,4,32,15,18,12,24,20,7,1,44,9,48,48,2,36,13,22,1,43,5,5,42,50,34,25,22,14,29,3,19,4,47,10,2,28,30,16,46,20,35,31$8.0
124$11,21,27,33,13,26,9,45,40,3,32,15,18,12,49,20,7,1,44,9,48,48,2,36,13,22,41,43,5,5,42,50,34,25,22,14,29,3,19,4,47,10,6,28,30,16,46,8,35,31$8.0
125$11,21,27,33,46,26,9,45,40,3,32,15,18,12,49,20,7,1,44,9,48,39,2,36,13,22,1,43,5,5,42,50,34,25,22,14,10,3,39,4,47,10,15,28,30,16,29,8,35,31$8.0
126$11,21,27,33,46,26,9,45,40,4,32,15,18,12,49,20,7,1,44,9,48,39,2,36,13,22,1,43,5,5,42,50,34,25,22,14,10,3,39,4,47,10,15,28,30,16,29,8,35,31$8.0
127$11,21,27,33,46,26,9,45,40,3,32,15,18,12,49,20,7,1,44,9,48,39,2,36,13,22,1,43,5,5,42,50,34,25,22,14,10,3,39,4,47,10,15,28,30,16,29,8,35,31$8.0
128$11,21,27,33,46,26,9,45,40,3,32,15,18,12,49,20,7,1,44,9,48,48,2,36,13,22,1,43,5,5,42,50,34,25,22,14,37,3,19,4,47,10,2,28,30,16,39,8,35,31$7.0
129$11,21,27,33,46,26,9,45,40,3,32,15,18,12,49,20,7,1,44,9,48,48,2,36,13,22,1,43,5,5,42,50,34,25,22,14,37,3,19,4,47,10,2,28,30,16,39,8,35,31$7.0
130$11,21,27,33,46,26,9,45,40,3,32,15,18,12,49,20,7,1,44,9,48,39,2,36,13,22,1,43,5,5,42,50,34,25,22,14,29,3,19,4,47,10,2,28,30,16,29,8,35,31$7.0
131$11,21,27,33,46,26,9,45,40,3,32,15,18,12,24,20,7,1,44,50,48,39,2,36,13,22,1,43,5,5,42,50,34,25,22,14,29,3,19,4,47,10,2,28,30,16,29,8,35,31$7.0
132$11,21,27,33,46,26,9,45,40,3,32,15,18,12,49,20,7,1,44,9,48,39,2,36,13,22,1,43,5,5,42,50,34,25,22,14,37,3,19,4,47,10,2,28,30,16,29,8,35,31$6.0
133$11,21,27,33,46,26,9,45,40,4,32,15,18,12,24,20,7,1,44,9,48,48,2,36,13,22,41,43,5,5,42,50,34,25,22,14,37,3,19,4,47,10,2,28,30,16,29,8,35,31$6.0
134$11,21,27,33,46,26,9,45,40,4,32,15,18,12,24,20,7,1,44,50,48,39,2,36,13,39,1,43,5,5,42,50,34,25,22,14,37,3,19,4,47,10,2,28,30,16,29,8,35,31$6.0
135$11,21,27,33,46,26,9,45,40,4,32,15,18,12,49,20,7,1,44,9,48,48,2,36,13,22,1,43,5,5,42,50,34,25,22,14,37,3,19,4,47,10,2,28,30,16,29,8,35,31$7.0
136$11,21,27,33,46,26,9,45,40,4,32,15,18,12,24,20,7,1,44,9,48,39,2,36,13,22,1,43,5,5,42,50,34,25,22,49,37,3,19,4,47,10,2,28,30,16,29,8,35,31$6.0
137$11,21,27,33,46,26,9,45,40,3,32,15,18,12,24,20,7,1,44,9,48,39,2,36,13,22,1,43,5,5,42,50,34,25,22,49,37,3,19,4,47,10,2,28,30,16,29,8,35,31$6.0
138$11,21,27,33,46,26,9,45,40,3,32,15,18,12,24,20,7,1,44,9,48,39,2,36,13,22,1,43,5,5,42,50,34,25,22,14,10,3,19,4,47,10,2,28,30,16,29,8,35,31$7.0
139$11,21,27,33,46,26,9,45,40,4,32,15,18,12,49,20,7,1,44,9,48,39,2,36,13,22,1,43,5,5,42,50,34,25,22,14,29,3,19,4,47,10,2,28,30,16,29,8,35,31$7.0
140$11,21,27,33,46,26,9,45,40,4,32,15,18,12,24,20,7,1,44,9,48,48,2,36,13,22,41,43,5,5,42,50,34,25,30,49,37,3,19,4,47,10,36,28,30,16,29,8,35,31$6.0
141$11,21,27,33,37,26,9,45,40,3,32,15,18,12,24,20,7,1,44,9,48,39,2,36,13,22,41,43,5,5,42,50,34,25,22,14,29,3,19,4,47,10,2,28,30,16,29,8,35,31$6.0
142$11,21,27,33,46,26,9,45,40,4,32,15,18,12,24,20,7,1,44,9,48,48,2,36,13,22,41,43,5,5,42,50,34,25,22,14,37,3,19,4,47,10,2,28,30,16,39,8,35,31$6.0
143$11,21,27,33,46,26,9,45,40,4,32,15,18,12,24,20,7,1,44,9,48,48,2,36,13,22,41,43,5,5,42,50,34,25,30,49,37,3,19,4,47,10,2,28,30,16,29,8,35,31$6.0
144$11,21,27,33,46,26,9,45,40,4,32,15,18,12,24,20,7,1,44,9,48,48,2,36,13,22,41,43,5,5,42,50,34,25,30,49,37,3,19,4,47,10,2,28,30,16,29,8,35,31$6.0
145$11,21,27,33,46,26,9,45,40,3,32,15,18,12,49,20,7,1,44,9,48,48,2,36,13,22,41,43,5,5,42,50,34,25,22,14,37,47,19,4,47,10,2,39,30,16,29,8,35,31$6.0
146$11,21,27,33,46,26,9,45,40,4,32,15,18,12,24,20,7,1,44,9,48,48,2,36,13,22,41,43,5,5,42,50,34,25,30,49,37,3,19,4,47,10,2,28,30,16,29,8,35,31$6.0
147$11,21,27,33,46,26,9,45,40,3,32,15,18,12,49,20,7,1,44,9,48,48,2,36,13,22,41,43,5,5,42,50,34,25,22,14,37,47,19,4,49,10,2,39,30,16,29,8,35,31$6.0
148$11,21,27,33,46,26,9,45,40,3,32,15,18,12,24,20,7,1,44,9,48,48,2,36,13,22,41,43,5,5,42,50,34,25,22,14,37,3,19,4,47,10,2,28,30,16,29,8,35,31$6.0
149$11,21,27,33,46,26,9,45,40,4,32,15,18,12,24,20,7,1,44,9,48,39,2,36,13,22,41,43,5,5,42,50,34,25,22,14,37,3,19,4,47,10,2,28,30,16,29,8,35,31$5.0
149$11,21,27,33,46,26,9,45,40,4,32,15,18,12,24,20,7,1,44,9,48,39,2,36,13,22,41,43,5,5,42,50,34,25,22,14,37,3,19,4,47,10,2,28,30,16,29,8,35,31$5.0
150$11,21,27,33,46,26,9,45,40,4,32,15,18,12,49,20,7,1,44,9,48,48,2,36,13,22,41,43,5,5,42,50,34,25,22,14,37,3,19,4,47,10,2,28,30,16,29,8,35,31$6.0
151$11,21,27,33,46,26,9,45,40,4,32,15,18,12,24,20,7,1,44,9,48,39,2,36,13,22,41,43,5,5,42,50,34,25,22,49,37,3,19,4,47,10,2,28,30,16,29,8,35,31$5.0
152$11,21,27,33,46,26,9,45,40,4,32,15,18,12,24,20,7,1,44,9,48,39,2,36,13,22,41,43,5,5,42,50,34,25,22,49,37,3,19,4,47,10,2,28,30,16,29,8,35,31$5.0
153$11,21,27,33,46,26,9,45,40,4,32,15,18,12,24,20,7,1,44,9,48,39,2,36,13,22,41,43,5,5,42,50,34,25,22,49,37,3,19,4,47,10,2,28,30,16,29,8,35,31$5.0
154$11,21,27,33,46,26,9,45,40,4,32,15,18,12,24,20,7,1,44,9,48,39,2,36,13,22,41,43,5,5,42,50,34,25,22,49,37,3,19,4,47,10,2,28,30,16,29,8,35,31$5.0
155$11,21,27,33,46,26,9,45,40,4,32,15,18,12,24,20,7,1,44,9,48,39,2,36,13,22,41,43,5,5,42,50,34,25,22,49,37,3,19,4,47,10,2,28,30,16,29,8,35,31$5.0
156$11,21,27,33,46,26,9,45,40,4,32,15,18,12,24,20,7,1,44,9,48,39,2,36,13,22,41,43,5,5,42,50,34,25,22,49,37,3,19,4,47,10,2,28,30,16,29,8,35,31$5.0
157$11,21,27,33,46,26,9,45,40,4,32,15,18,12,24,20,7,1,44,9,48,39,2,36,13,22,41,43,5,5,42,50,34,25,22,14,37,3,19,4,47,10,2,28,30,16,29,8,35,31$5.0
158$11,21,27,33,46,26,9,45,40,4,32,15,18,12,24,20,7,1,44,9,48,39,2,36,13,22,1,43,5,5,42,50,34,25,22,14,37,3,19,6,47,10,2,28,30,16,29,8,35,31$5.0
159$11,1,27,33,46,26,9,45,40,4,32,15,18,12,24,20,7,1,44,9,48,39,2,36,13,22,41,43,5,5,42,50,34,25,22,49,37,3,19,4,47,10,2,28,30,16,29,8,35,31$6.0
160$11,21,27,33,46,26,9,45,40,4,32,15,18,12,24,20,7,1,44,9,48,39,2,36,13,22,41,43,5,5,42,50,34,25,22,49,37,3,19,4,47,10,2,28,30,16,29,8,35,31$5.0
161$11,21,27,33,46,26,9,45,40,3,32,15,18,12,24,20,7,1,44,9,48,39,2,36,13,22,41,43,5,5,42,50,34,25,22,14,37,3,19,4,47,10,2,28,30,16,29,8,35,31$5.0
162$11,21,27,33,46,26,9,45,40,4,32,15,18,12,24,20,7,1,44,9,48,39,2,36,13,22,41,43,5,5,42,50,34,25,22,14,37,3,19,6,47,10,2,28,30,16,29,8,35,31$4.0
162$11,21,27,33,46,26,9,45,40,4,32,15,18,12,24,20,7,1,44,9,48,39,2,36,13,22,41,43,5,5,42,50,34,25,22,14,37,3,19,6,47,10,2,28,30,16,29,8,35,31$4.0
163$11,21,27,33,46,26,9,45,40,4,32,15,18,12,24,20,7,1,44,9,48,39,2,36,13,22,41,43,5,5,42,50,34,25,22,14,37,3,19,4,49,10,2,28,30,16,29,8,35,31$5.0
164$11,21,27,33,46,26,9,45,40,4,32,15,18,12,24,20,7,1,44,9,48,39,2,36,13,22,41,43,5,5,42,50,34,25,22,49,37,3,19,4,47,10,2,28,30,16,29,8,35,31$5.0
165$11,21,27,33,46,26,9,45,40,4,32,15,18,12,24,20,7,1,44,9,48,39,2,36,13,22,41,43,5,5,42,50,34,25,22,49,37,3,19,47,47,10,2,28,30,16,29,8,35,31$5.0
166$11,21,27,33,46,26,9,45,40,3,32,15,18,12,24,20,7,1,44,9,48,39,2,36,13,22,41,43,5,5,42,50,34,25,22,14,37,3,19,4,47,10,2,28,30,16,29,8,35,31$5.0
167$11,21,27,33,46,26,9,45,40,4,32,15,18,12,24,20,7,1,44,9,48,39,2,36,13,22,41,43,5,5,42,50,34,25,22,14,37,3,19,4,47,10,2,28,30,16,29,8,35,31$5.0
168$11,21,27,33,46,26,9,45,40,4,32,15,18,12,24,20,7,1,44,9,48,39,2,36,13,22,41,43,5,5,42,50,34,25,22,14,37,3,19,6,47,10,2,28,30,16,29,8,35,31$4.0
169$11,21,27,33,46,26,9,45,40,4,32,15,18,12,24,20,7,1,44,9,48,39,2,36,13,22,41,43,5,5,42,50,34,25,22,14,37,3,19,6,47,10,2,28,30,16,29,8,35,31$4.0
170$11,21,27,33,46,26,9,45,40,4,32,15,18,12,24,20,7,1,44,9,48,39,2,36,13,22,41,43,5,5,42,50,34,25,22,14,37,3,19,6,47,10,2,28,30,16,29,8,35,31$4.0
171$11,21,27,33,46,26,9,45,40,4,32,15,18,12,24,20,7,1,44,9,48,39,2,36,13,22,41,43,5,5,42,50,34,25,22,14,37,3,19,4,47,10,2,28,30,16,29,8,35,31$5.0
172$11,21,27,33,46,26,9,45,40,4,32,15,18,12,24,20,7,1,44,9,48,39,2,36,13,22,41,43,5,5,42,50,34,25,22,14,37,3,19,6,47,10,2,28,30,16,29,8,35,31$4.0
173$11,21,27,33,46,26,9,45,40,3,32,15,18,12,24,20,7,1,44,9,48,39,2,36,13,22,41,43,5,5,42,50,34,25,22,14,37,3,19,6,47,10,2,28,30,16,29,8,35,31$5.0
174$11,21,27,33,46,26,9,45,40,4,32,15,18,12,24,20,7,1,44,9,48,39,2,36,13,22,41,43,5,5,42,50,34,25,22,49,37,3,19,6,47,10,2,28,30,16,29,8,35,31$4.0
175$11,21,27,33,46,26,9,45,40,4,32,15,18,12,24,49,7,1,44,9,48,39,2,36,13,22,41,43,5,5,42,50,34,25,22,14,37,3,19,6,47,10,2,28,30,16,29,8,35,31$4.0
176$11,21,27,33,46,26,9,45,40,4,32,15,18,12,24,20,7,1,44,9,48,39,2,36,13,22,41,43,5,5,42,50,34,25,22,14,37,3,19,6,47,10,2,28,30,16,29,8,35,31$4.0
177$11,21,27,33,46,26,9,45,40,4,32,15,18,12,24,20,7,1,44,9,48,39,2,36,13,22,41,43,5,5,42,50,34,25,22,49,37,3,19,6,47,10,2,28,30,16,29,8,35,31$4.0
178$11,21,27,33,46,26,9,45,40,4,32,15,18,12,24,20,7,1,44,9,48,39,2,36,13,22,41,43,5,5,42,50,34,25,22,49,37,3,19,6,47,10,2,28,30,16,29,8,35,31$4.0
179$11,21,27,33,46,26,9,45,40,4,32,15,18,12,24,20,7,1,44,9,48,39,2,36,13,22,41,43,5,5,42,50,34,25,22,14,37,3,19,6,47,10,2,28,30,16,29,8,35,31$4.0
180$11,21,27,33,46,26,9,45,40,4,32,15,18,12,24,20,7,1,44,9,48,39,2,36,13,22,41,43,5,5,42,50,34,25,22,14,37,3,19,6,47,10,2,28,30,16,29,8,35,31$4.0
181$11,21,27,33,46,26,9,45,40,4,32,15,18,12,24,20,7,1,44,9,48,39,2,36,13,22,41,43,5,5,42,50,34,25,22,49,37,3,19,6,47,10,2,28,30,16,29,8,35,31$4.0
182$11,21,27,33,46,26,9,45,40,4,32,15,18,12,24,20,7,1,44,9,48,39,2,36,13,22,41,43,5,5,42,50,34,25,22,49,37,3,19,6,47,10,2,28,30,16,29,8,35,31$4.0
183$11,21,27,33,46,26,9,45,40,4,32,15,18,12,24,20,7,1,44,9,48,39,2,36,13,22,41,43,5,5,42,50,34,25,22,14,37,3,19,6,47,10,2,28,30,16,29,8,35,31$4.0
184$11,21,27,33,46,26,9,45,40,4,32,15,18,12,24,20,7,1,44,9,48,39,2,36,13,22,41,43,5,5,42,50,34,25,22,14,37,3,19,6,47,10,2,28,30,16,29,8,35,31$4.0
185$11,21,27,33,46,26,15,45,40,4,32,15,18,12,24,20,7,1,44,9,48,39,2,36,13,22,41,43,5,5,42,50,34,25,22,14,37,3,19,6,47,10,2,28,30,16,29,8,35,31$4.0
186$11,21,27,33,46,26,9,45,40,4,32,15,18,12,24,20,7,1,44,9,48,39,2,36,13,22,41,43,5,5,42,50,34,25,22,14,37,3,19,6,47,49,2,28,30,16,29,8,35,31$4.0
187$11,21,27,33,46,26,9,45,40,4,32,15,18,12,24,20,7,1,44,9,48,39,2,36,13,22,41,43,5,5,42,50,34,25,22,14,37,3,19,6,47,10,2,28,30,16,29,8,35,31$4.0
188$11,21,27,33,46,26,9,45,40,4,32,15,18,12,24,20,7,1,44,9,48,39,2,36,13,22,41,43,5,5,42,50,34,25,22,49,37,3,19,6,47,10,2,28,30,16,29,8,35,31$4.0
189$11,21,27,33,46,26,9,45,40,4,32,15,18,12,24,20,7,1,44,9,48,39,2,36,13,22,41,43,5,5,42,50,34,25,22,49,37,3,19,6,47,10,2,28,30,16,29,8,35,31$4.0
190$11,21,27,33,46,26,15,45,40,4,32,15,18,12,24,20,7,1,44,9,48,39,2,36,13,22,41,43,5,5,42,50,34,25,22,49,37,3,19,6,47,10,2,28,30,16,29,8,35,31$4.0
191$11,21,27,33,46,26,9,45,40,4,32,15,18,12,24,20,7,1,44,9,48,39,2,36,13,22,41,43,5,5,42,50,34,25,22,14,37,3,19,6,47,10,2,28,30,16,29,8,35,31$4.0
192$11,21,27,33,46,26,9,45,40,4,32,15,18,12,24,20,7,1,44,9,48,39,2,36,13,22,41,43,5,5,42,50,34,25,22,14,37,3,19,6,47,49,2,28,30,16,29,8,35,31$4.0
193$11,21,27,33,46,26,37,45,40,4,32,15,18,12,24,20,7,1,44,9,48,39,2,36,13,22,41,43,5,5,42,50,34,25,22,49,37,3,19,6,47,10,2,28,30,16,29,8,35,31$4.0
194$11,21,27,33,46,26,9,45,40,4,32,15,18,12,24,20,7,1,44,9,48,39,2,36,13,22,41,43,5,5,42,50,34,25,22,14,37,3,19,6,47,10,2,28,30,16,29,8,35,31$4.0
195$11,21,27,33,46,26,9,45,40,4,32,15,18,12,24,20,7,1,44,50,48,39,2,36,13,22,41,43,5,5,42,50,34,25,22,49,37,3,19,6,47,10,2,28,30,16,29,8,35,31$4.0
196$11,21,27,33,46,26,15,45,40,4,32,15,18,12,24,20,7,1,44,9,48,39,2,36,13,22,41,43,5,5,42,50,34,25,22,14,37,3,19,6,47,10,2,28,30,16,29,8,35,31$4.0
197$11,21,27,33,46,26,15,45,40,4,32,15,18,12,24,20,7,1,44,9,48,39,2,36,13,22,41,43,5,5,42,50,34,25,22,14,37,3,19,6,47,10,2,28,30,16,29,8,35,31$4.0
198$11,21,27,33,46,26,9,45,40,4,32,15,18,12,24,20,7,1,44,9,48,39,2,36,13,22,41,43,5,5,42,50,34,25,48,14,37,3,19,6,47,10,35,28,30,16,29,8,35,31$4.0
199$11,21,27,33,46,26,9,45,40,4,32,15,18,12,24,20,7,1,44,9,48,39,2,36,13,22,41,43,37,5,42,50,34,25,22,14,37,3,19,6,47,10,2,28,30,16,29,8,35,31$4.0
200$11,21,27,33,46,26,9,45,40,4,32,15,18,12,24,20,7,1,44,9,48,39,2,36,13,22,41,43,5,5,42,50,34,25,48,14,37,3,19,6,47,10,2,28,30,16,29,8,35,31$4.0
201$11,21,27,33,46,26,9,45,40,4,32,15,18,12,24,20,7,1,44,9,48,39,2,36,13,22,41,43,5,5,42,50,34,25,48,14,37,3,19,6,47,10,2,28,30,16,29,8,35,31$4.0
202$11,21,27,33,46,26,9,45,40,4,32,15,18,12,24,20,7,1,44,9,48,39,2,36,13,22,41,43,5,5,42,50,34,25,22,14,37,3,19,6,47,10,2,28,30,16,29,8,35,31$4.0
203$11,21,27,33,46,26,9,45,40,4,32,15,18,12,24,20,7,1,44,9,48,39,2,36,13,22,41,43,5,5,42,50,34,25,22,49,37,3,19,6,47,10,2,28,30,16,29,8,35,31$4.0
204$11,21,27,33,46,26,9,45,40,4,32,15,18,12,24,20,7,1,44,9,48,39,2,36,13,22,41,43,5,5,42,50,34,25,48,14,37,3,19,6,47,10,2,28,30,16,29,8,35,31$4.0
205$11,21,27,33,46,26,15,45,40,4,32,15,18,12,24,20,7,1,44,9,48,39,2,36,13,22,41,43,5,5,42,50,34,25,22,49,37,3,19,6,47,10,2,28,30,16,29,8,35,31$4.0
206$11,21,27,33,46,26,9,45,40,4,32,15,18,12,24,20,7,1,44,50,48,39,2,36,13,22,41,43,5,5,42,50,34,25,22,14,37,3,19,6,47,10,2,28,30,16,29,8,35,31$4.0
207$11,21,27,33,46,26,9,45,40,4,32,15,18,12,24,20,7,1,44,9,48,39,2,36,13,22,41,43,36,5,42,50,34,25,48,14,37,3,19,6,47,10,2,28,30,16,29,8,35,31$4.0
208$11,21,27,33,46,26,9,45,40,4,32,15,18,12,24,20,7,1,44,9,48,39,2,36,13,22,41,43,5,5,42,50,34,25,22,49,37,3,19,6,47,10,2,28,30,16,29,8,35,31$4.0
209$11,21,27,33,46,26,9,45,40,4,32,15,18,12,24,20,7,1,44,9,48,39,2,36,13,22,41,43,5,5,42,50,34,25,22,49,37,3,19,6,47,10,2,28,30,16,29,8,35,31$4.0
210$11,21,27,33,46,26,9,45,40,4,32,15,18,12,24,20,7,1,44,9,48,39,2,36,13,22,41,43,5,5,42,50,34,25,48,14,37,3,19,6,47,10,2,28,30,16,29,8,35,31$4.0
211$11,21,27,33,46,26,9,45,40,4,32,15,18,12,24,20,7,1,44,9,48,39,2,36,13,22,41,43,5,5,42,50,34,25,22,49,37,3,19,6,47,10,2,28,30,16,29,8,35,31$4.0
212$11,21,27,33,46,26,9,45,40,4,32,15,18,12,24,20,7,1,44,50,48,39,2,36,13,22,41,43,36,5,42,50,34,25,48,14,37,3,19,6,47,10,2,28,30,16,29,8,35,31$4.0
213$11,21,27,33,46,26,9,45,40,4,32,15,18,12,24,20,7,1,44,9,48,39,2,36,13,22,41,43,36,5,42,50,34,25,48,14,37,3,19,6,47,10,2,28,30,16,29,8,35,31$4.0
214$11,21,27,33,46,26,9,45,40,4,32,15,18,12,24,20,7,1,44,9,48,39,2,36,13,22,41,43,36,5,42,50,34,25,48,14,37,3,19,6,47,10,2,28,30,16,29,8,35,31$4.0
215$11,21,27,33,46,26,9,45,40,4,32,15,18,12,24,20,7,1,44,9,48,39,2,36,13,22,41,43,36,5,42,50,34,25,48,14,37,3,19,6,47,10,2,28,30,16,29,8,35,31$4.0
216$11,21,27,33,46,26,9,45,40,4,32,15,18,12,24,20,7,1,44,9,48,39,2,36,13,22,41,43,36,5,42,50,34,25,48,14,37,3,19,6,47,10,2,28,30,16,29,8,35,31$4.0
217$11,21,27,33,46,26,9,45,40,4,32,15,18,12,24,20,7,1,44,9,48,39,2,36,13,22,41,43,36,5,42,50,34,25,22,14,37,3,19,6,47,10,2,28,30,16,29,8,35,31$4.0
218$11,21,27,33,46,26,9,45,40,4,32,15,18,12,24,20,7,1,44,9,48,39,2,36,13,22,41,43,5,5,42,50,34,25,22,49,37,3,19,6,47,10,2,28,30,16,29,8,35,31$4.0
219$11,21,27,33,46,26,9,45,40,4,32,15,18,12,24,20,7,1,44,50,48,39,2,36,13,22,41,43,5,5,42,50,34,25,42,14,37,3,19,6,47,10,2,28,30,16,29,8,35,31$4.0
220$11,21,27,33,46,26,9,45,40,4,32,15,18,12,24,20,7,1,44,50,48,39,2,36,13,22,41,43,5,5,42,50,34,25,22,49,37,3,19,6,47,10,2,28,30,16,29,8,35,31$4.0
221$11,21,27,33,46,26,9,45,40,4,32,15,18,12,24,20,7,1,44,9,48,39,2,36,13,22,41,43,5,5,42,50,34,25,48,14,37,3,19,17,47,10,2,28,30,16,29,8,35,31$4.0
222$11,21,27,33,46,26,9,45,40,4,32,15,18,12,24,20,7,1,44,50,48,39,2,36,13,22,41,43,5,5,42,50,34,25,22,14,37,3,19,6,47,10,2,28,30,16,29,8,35,31$4.0
223$11,21,27,33,46,26,9,45,40,4,32,15,18,12,24,20,7,1,44,9,48,39,2,36,13,22,41,43,36,5,42,50,34,25,48,14,37,3,19,6,47,10,2,28,30,16,29,8,35,31$4.0
224$11,21,27,33,46,26,9,45,40,4,32,15,18,12,24,20,7,1,44,50,48,39,2,36,13,22,41,43,5,5,42,50,34,25,48,14,37,3,19,6,47,10,2,28,30,16,29,8,35,31$4.0
225$11,21,27,33,46,26,9,45,40,4,32,15,18,12,24,20,7,1,44,9,48,39,2,36,13,22,41,43,5,5,42,50,34,25,48,14,37,3,19,6,47,10,2,28,30,16,29,8,35,31$4.0
226$11,21,27,33,46,26,9,45,40,4,32,15,18,12,24,20,7,1,44,9,48,39,2,36,13,22,41,43,5,5,42,50,34,25,48,14,37,3,19,6,47,10,2,28,30,16,29,8,35,31$4.0
227$11,21,27,33,46,26,9,45,40,4,32,15,18,12,24,20,7,1,44,50,48,39,2,36,13,22,41,43,36,5,42,50,34,25,48,14,37,3,19,6,47,10,2,28,30,16,29,8,35,31$4.0
228$11,21,27,33,46,26,9,45,40,4,32,15,18,12,24,20,7,1,44,50,48,39,2,36,13,22,41,43,36,5,42,50,34,25,48,14,37,3,19,6,47,10,2,28,30,16,29,8,35,31$4.0
229$11,21,27,33,46,26,9,45,40,4,32,15,18,12,24,20,7,1,44,50,48,39,2,36,13,22,41,43,36,5,42,50,34,25,48,14,37,3,19,6,47,10,2,28,30,16,29,8,35,31$4.0
230$11,21,27,33,46,38,9,45,40,4,32,15,18,12,24,20,7,1,44,50,48,39,2,36,13,22,41,43,26,5,42,50,34,25,48,14,37,3,19,17,47,10,2,28,30,16,29,8,35,31$3.0
230$11,21,27,33,46,38,9,45,40,4,32,15,18,12,24,20,7,1,44,50,48,39,2,36,13,22,41,43,26,5,42,50,34,25,48,14,37,3,19,17,47,10,2,28,30,16,29,8,35,31$3.0
231$11,21,27,33,46,26,9,45,40,4,32,15,18,12,24,20,7,1,44,50,48,39,2,36,13,22,41,43,36,5,42,50,34,25,48,14,37,3,19,6,47,10,2,28,30,16,29,8,35,31$4.0
232$11,21,27,33,46,26,9,45,40,4,32,15,18,12,24,20,7,1,44,50,48,39,2,36,13,22,41,43,26,5,42,50,34,25,48,14,37,3,19,17,47,10,2,28,30,16,29,8,35,31$4.0
233$11,21,27,33,46,26,9,45,40,4,32,15,18,12,24,20,7,1,44,50,48,39,2,36,13,22,41,43,26,5,42,50,34,25,48,14,37,3,19,6,47,10,2,28,30,16,29,8,35,31$4.0
234$11,21,27,33,46,26,9,45,40,4,32,15,18,12,24,20,7,1,44,9,48,39,2,36,13,22,41,43,36,5,42,50,34,25,48,14,37,3,19,6,47,10,2,28,30,16,29,8,35,31$4.0
235$11,21,27,33,46,26,9,45,40,4,32,15,18,12,24,20,7,1,44,9,48,39,2,36,13,22,41,43,36,5,42,50,34,25,48,14,37,3,19,6,47,10,14,28,30,16,29,8,35,31$4.0
236$11,21,27,33,46,26,9,45,40,4,32,15,18,12,24,20,7,1,44,9,48,39,2,36,13,22,41,43,36,5,42,50,34,25,48,14,37,3,19,6,47,10,14,28,30,16,29,8,35,31$4.0
237$11,21,27,33,46,26,9,45,40,4,32,15,18,12,24,20,7,1,44,50,48,39,2,36,13,22,41,43,36,5,42,50,34,25,48,14,37,3,19,6,47,10,2,28,30,16,29,8,35,31$4.0
238$11,21,27,33,46,26,9,45,40,4,32,15,18,12,24,20,7,1,44,9,48,39,2,36,13,22,41,43,36,5,42,50,34,25,48,14,37,3,19,6,47,10,14,28,30,16,29,8,35,31$4.0
239$11,21,27,33,46,26,9,45,40,4,32,15,18,12,24,20,7,1,44,50,48,39,2,36,13,22,41,43,36,5,42,50,34,25,48,14,37,3,19,6,47,10,14,28,30,16,29,8,35,31$4.0
240$11,38,27,33,46,26,9,45,40,4,32,15,18,12,24,20,7,1,44,9,48,39,2,36,13,22,41,43,36,5,42,50,34,25,48,14,37,3,19,6,47,10,14,28,30,16,29,8,35,31$4.0
241$11,21,27,33,46,26,9,45,40,4,32,15,18,12,24,20,7,1,44,9,48,39,2,36,13,22,41,43,26,5,42,50,34,25,48,14,37,3,19,6,47,10,14,28,30,16,29,8,35,31$4.0
242$11,21,27,33,46,26,9,45,40,4,32,15,18,12,24,20,7,1,44,9,48,39,2,36,13,22,41,43,26,5,42,50,34,25,48,14,37,3,19,6,47,10,14,28,30,16,29,8,35,31$4.0
243$11,21,27,33,46,26,9,45,40,4,32,15,18,12,24,20,7,1,44,50,13,39,2,36,13,22,41,43,36,5,42,50,34,25,48,14,37,3,19,6,47,10,2,28,30,16,29,8,35,31$4.0
244$11,21,27,33,46,26,9,45,40,4,32,15,18,12,24,20,7,1,44,9,48,39,2,36,13,22,41,43,36,5,42,50,34,25,48,14,37,3,19,6,47,10,14,28,30,16,29,8,35,31$4.0
245$11,21,27,33,46,26,9,45,40,4,32,15,18,12,24,20,7,1,44,50,13,39,2,36,13,22,41,43,36,5,42,50,34,25,48,14,37,3,19,6,47,10,14,28,30,16,29,8,35,31$4.0
246$11,21,27,33,46,26,9,45,40,4,32,15,18,12,24,20,7,1,44,9,48,39,2,36,13,22,41,43,26,5,42,50,34,25,48,14,37,3,19,6,47,10,14,28,30,16,29,8,35,31$4.0
247$11,21,27,33,46,26,9,45,40,4,32,15,18,12,24,20,7,1,44,50,13,39,2,36,13,22,41,43,36,5,42,50,34,25,48,14,37,3,19,6,47,10,14,28,30,16,29,8,35,31$4.0
248$11,21,27,33,46,26,9,45,40,4,32,15,18,12,24,20,7,1,44,9,48,39,2,36,13,22,41,43,36,5,42,50,34,25,48,14,37,3,19,6,47,10,14,28,30,16,29,8,35,31$4.0
249$11,21,27,33,46,26,9,45,40,4,32,15,18,12,24,20,7,1,44,50,13,39,2,36,13,22,41,43,36,5,42,50,34,25,48,14,37,3,19,6,47,10,14,28,30,16,29,8,35,31$4.0
250$11,21,27,33,46,26,9,45,40,4,32,15,18,12,24,20,7,1,44,50,13,39,2,36,13,22,41,43,36,5,42,50,34,25,48,14,37,3,19,6,47,10,14,28,30,16,29,8,35,31$4.0
251$11,21,27,33,46,26,9,45,40,4,32,15,18,12,24,20,7,1,44,50,13,39,2,36,13,22,41,43,36,5,42,50,34,25,48,14,37,3,19,6,47,10,14,28,30,16,29,8,35,31$4.0
252$11,21,27,33,46,26,9,45,40,4,32,15,18,12,24,20,7,1,44,9,48,39,2,36,13,22,41,43,36,5,42,50,34,25,48,14,37,3,19,6,47,10,2,28,30,16,29,8,35,31$4.0
253$11,21,27,33,46,26,9,45,40,4,32,15,18,12,24,20,7,1,44,9,48,39,2,36,13,22,41,43,26,5,42,50,34,25,48,14,37,3,19,6,47,10,14,28,30,16,29,8,35,31$4.0
254$11,21,27,33,46,26,9,45,40,4,32,15,18,12,24,20,7,1,44,50,13,39,2,36,13,22,41,43,36,5,42,50,34,25,48,14,37,3,19,6,49,10,2,28,30,16,29,8,35,31$4.0
255$11,21,27,33,46,26,9,45,40,4,32,15,18,12,24,20,7,1,44,9,48,39,2,36,13,22,41,43,26,5,42,50,34,25,48,14,37,3,19,6,47,10,2,28,30,16,29,8,35,31$4.0
256$11,21,27,33,46,26,9,45,40,4,32,15,18,12,24,20,7,1,44,9,48,39,2,36,13,22,41,43,36,5,42,50,34,25,48,14,37,3,19,6,49,10,2,28,30,16,29,8,35,31$4.0
257$11,21,27,33,46,26,47,45,40,4,32,15,18,12,24,20,7,1,44,9,13,39,2,36,13,22,41,43,36,5,42,50,34,25,48,14,37,3,19,6,49,10,2,28,30,16,29,8,35,31$3.0
258$11,21,27,33,46,26,9,45,40,4,32,15,18,12,24,20,7,1,44,50,13,39,31,36,13,22,41,43,36,5,42,50,34,25,48,14,37,3,19,6,47,10,2,28,30,16,29,8,35,31$4.0
259$11,21,27,33,46,26,9,45,40,4,32,15,18,12,24,20,7,1,44,50,13,39,2,36,13,22,41,43,36,5,42,50,34,25,48,14,37,3,19,6,47,10,2,28,30,16,29,8,35,31$4.0
260$11,21,27,33,46,26,9,45,40,4,32,15,18,12,24,20,7,1,44,50,13,39,2,36,13,22,41,43,36,5,42,50,34,25,48,14,37,3,19,6,49,10,2,28,30,16,29,8,35,31$4.0
261$11,21,27,33,46,26,9,45,40,4,32,15,18,12,24,20,7,1,44,50,13,39,31,36,13,22,41,43,26,5,42,50,34,25,48,14,37,3,19,6,47,10,2,28,30,16,29,8,35,31$4.0
262$11,21,27,33,46,26,9,45,40,4,32,15,18,12,24,20,7,1,44,9,13,39,2,36,13,22,41,43,26,5,42,50,34,25,48,14,37,3,19,6,47,10,2,28,30,16,29,8,35,31$4.0
263$11,21,27,33,46,26,9,45,40,4,32,15,18,12,24,20,7,1,44,50,13,39,2,36,13,22,41,43,36,5,42,50,34,25,48,14,37,3,19,6,47,10,2,28,30,16,29,8,35,31$4.0
264$11,21,27,33,46,26,47,45,40,4,32,15,18,12,24,39,7,1,44,9,49,39,2,36,13,22,41,43,36,5,42,50,34,25,48,14,37,3,19,6,47,10,2,28,30,16,29,8,35,31$4.0
265$11,21,27,33,46,26,9,45,40,4,32,15,18,12,24,20,7,1,44,50,13,39,2,36,13,22,41,43,26,5,42,50,34,25,48,14,37,3,19,6,47,10,2,28,30,16,29,8,35,31$4.0
266$11,21,27,33,46,26,9,45,40,4,32,15,18,12,24,20,7,1,44,9,48,39,2,36,13,22,41,43,36,5,42,50,34,25,48,14,37,3,19,6,47,10,2,28,30,16,29,8,35,31$4.0
267$11,21,27,33,46,26,9,45,40,4,32,15,18,12,24,20,7,1,44,9,13,39,2,36,13,22,41,43,36,5,42,50,34,25,48,14,37,3,19,6,47,10,2,28,30,16,29,8,35,31$4.0
268$11,21,27,33,46,26,9,45,40,4,32,15,18,12,24,20,7,1,44,9,13,39,2,36,13,22,41,43,36,5,42,50,34,25,48,14,37,3,19,6,47,10,2,28,30,16,29,8,35,31$4.0
269$11,21,27,33,46,26,9,45,40,4,32,15,18,12,24,20,7,1,44,9,48,39,2,36,13,22,41,43,36,5,42,50,34,25,48,14,37,3,19,6,47,10,2,28,30,16,29,8,35,31$4.0
270$11,21,27,33,46,26,9,45,40,4,32,15,18,12,24,20,7,1,44,9,48,39,2,36,13,22,41,43,36,5,42,50,34,25,48,14,37,3,19,6,47,10,2,28,30,16,29,8,35,31$4.0
271$11,21,27,33,46,26,9,45,40,4,32,15,18,12,24,20,7,1,44,9,48,39,2,36,13,22,41,43,36,5,42,50,34,25,48,14,37,3,19,6,47,10,2,28,30,16,29,8,35,31$4.0
272$11,21,27,33,46,26,9,45,40,4,32,15,18,12,24,20,7,1,44,50,13,39,2,36,13,22,41,43,26,5,42,50,34,25,48,14,37,3,19,6,47,10,2,28,30,16,29,8,35,31$4.0
273$11,21,27,33,46,26,9,45,40,4,32,15,18,12,24,20,7,1,44,9,48,39,2,36,13,22,41,43,26,5,42,50,34,25,48,14,37,3,19,6,47,10,2,28,30,16,29,8,35,31$4.0
274$11,21,27,33,46,26,9,45,40,4,32,15,18,12,24,20,7,1,44,50,13,39,2,36,13,22,41,43,26,5,42,50,34,25,48,14,37,3,19,6,47,10,2,28,30,16,29,8,35,31$4.0
275$11,21,27,33,46,26,9,45,40,4,32,15,18,12,24,20,7,1,44,9,49,39,2,36,13,22,41,43,36,5,42,50,34,25,48,14,37,3,19,6,47,10,2,28,30,16,29,8,35,31$3.0
276$11,21,27,33,46,26,9,45,40,4,32,15,18,12,24,20,7,1,44,50,13,39,2,36,13,22,41,43,26,5,42,50,34,25,48,14,37,3,19,6,47,10,2,28,30,16,29,8,35,31$4.0
277$11,21,27,33,46,26,9,45,40,4,32,15,18,12,24,20,7,1,44,9,48,39,2,36,13,22,41,43,36,5,42,50,34,25,48,14,37,3,19,6,47,10,2,28,30,16,29,8,35,31$4.0
278$11,21,27,33,46,26,9,45,40,4,32,15,18,12,24,20,7,1,44,9,48,39,2,36,13,22,41,43,36,5,42,50,34,25,48,14,37,3,19,6,47,10,2,28,30,16,29,8,35,31$4.0
279$11,21,27,33,46,26,9,45,40,4,32,15,18,12,24,20,7,1,44,50,48,39,2,36,13,22,41,43,36,5,42,50,34,25,48,14,37,3,19,6,47,10,2,28,30,16,29,8,35,31$4.0
280$11,21,27,33,46,26,9,45,40,4,32,15,18,12,24,20,7,1,44,50,13,39,2,36,13,22,41,43,26,5,42,50,34,25,48,14,37,3,19,6,47,10,2,28,30,16,29,8,35,31$4.0
281$11,21,27,33,46,26,9,45,40,4,32,15,18,12,24,20,7,1,44,50,48,39,2,36,13,22,41,43,36,5,42,50,34,25,48,14,37,3,19,6,47,10,35,28,30,16,29,8,35,31$4.0
282$11,21,27,33,46,26,9,45,40,4,32,15,18,12,24,20,7,1,44,9,48,39,2,36,13,22,41,43,36,5,42,50,34,25,48,14,37,3,19,17,47,10,2,28,30,16,29,8,35,31$4.0
283$11,21,27,33,46,26,9,45,40,4,32,15,18,12,24,20,7,1,44,9,48,39,2,36,13,22,41,43,36,5,42,50,34,25,48,14,37,3,19,6,47,10,2,28,30,16,29,8,35,31$4.0
284$11,21,27,33,46,26,9,45,40,4,32,15,18,12,24,20,7,1,44,9,48,39,2,36,13,22,41,43,26,5,42,50,34,25,48,14,37,3,19,6,47,10,2,28,30,16,29,8,35,31$4.0
285$11,21,27,33,46,26,9,45,40,4,32,15,18,12,24,20,7,1,44,9,13,39,2,36,13,22,41,43,36,5,42,50,34,25,48,14,37,3,19,17,47,10,2,28,30,16,29,8,35,31$4.0
286$11,21,27,33,46,26,9,45,40,4,32,15,18,12,24,20,7,1,44,50,13,39,2,36,13,22,41,43,26,5,42,50,34,25,48,14,37,3,19,6,47,10,2,28,30,16,29,8,35,31$4.0
287$11,21,27,33,46,26,9,45,40,4,32,15,18,12,24,20,7,1,44,9,13,39,2,36,13,22,41,43,36,5,42,50,34,25,48,14,37,3,19,6,47,10,2,28,30,16,29,8,35,31$4.0
288$11,21,27,33,46,26,9,45,40,4,32,15,18,12,24,20,7,1,44,9,48,39,2,36,13,22,41,43,36,5,42,50,34,25,48,14,37,3,19,17,47,10,2,28,30,16,29,8,35,31$4.0
289$11,21,27,33,46,26,9,45,40,4,32,15,18,12,24,20,7,1,44,9,13,39,2,36,13,22,41,43,36,5,42,50,34,25,48,14,37,3,19,6,47,10,2,28,30,16,29,8,35,31$4.0
290$11,21,27,33,46,26,9,45,40,4,32,15,18,12,24,20,7,1,44,9,48,39,2,36,13,22,41,43,36,5,42,50,34,25,48,14,37,3,19,6,47,10,2,28,30,16,29,8,35,31$4.0
291$11,21,27,33,46,26,9,45,40,4,32,15,18,12,24,20,7,1,44,9,48,39,2,36,13,22,41,43,36,5,42,50,34,25,48,14,37,3,19,6,47,10,2,28,30,16,29,8,35,31$4.0
292$11,21,27,33,46,26,9,45,40,4,32,15,18,12,24,20,7,1,44,9,13,39,2,36,13,22,41,43,36,5,42,50,34,25,48,14,37,3,19,6,47,10,2,28,30,16,29,8,35,31$4.0
293$11,21,27,33,46,26,9,45,40,4,32,15,18,12,24,20,7,1,44,9,13,39,2,36,13,22,41,43,36,5,42,50,34,25,48,14,37,3,19,6,47,10,2,28,30,16,29,8,35,31$4.0
294$11,21,27,33,46,26,9,45,40,4,32,15,18,12,24,20,7,1,44,9,48,39,2,36,13,22,41,43,36,5,42,50,34,25,48,14,37,3,19,6,47,10,2,28,30,16,29,8,35,31$4.0
295$11,21,27,33,46,26,9,45,40,4,32,15,18,12,24,20,7,1,44,9,48,39,2,36,13,22,41,43,36,5,42,50,34,25,48,14,37,3,19,6,47,10,2,28,30,16,29,8,35,31$4.0
296$11,21,27,33,46,26,9,45,40,4,32,15,18,12,24,20,7,1,44,9,13,39,2,36,13,22,41,43,36,5,42,50,34,25,48,14,37,3,19,6,47,10,2,28,30,16,29,8,35,31$4.0
297$11,21,27,33,46,26,9,45,40,4,32,15,18,12,24,20,7,1,44,9,48,39,2,36,13,22,41,43,36,5,42,50,34,25,48,14,37,3,19,6,47,10,2,28,30,16,29,8,35,31$4.0
298$11,21,27,33,46,26,9,45,40,4,32,15,18,12,24,20,7,1,44,9,48,39,2,36,13,22,41,43,36,5,42,50,34,25,48,14,37,3,19,6,47,10,2,28,30,16,29,8,35,31$4.0
299$11,21,27,33,46,26,9,45,40,4,32,15,18,12,24,20,7,1,44,9,13,39,2,36,13,22,41,43,36,5,42,50,34,25,48,14,37,3,19,17,47,10,2,28,30,16,29,8,35,31$4.0
300$11,21,27,33,46,26,9,45,40,4,32,15,18,12,24,20,7,1,44,9,13,39,2,36,13,22,41,43,36,5,42,50,34,25,48,14,37,3,19,17,47,10,2,28,30,16,29,8,35,31$4.0
301$11,21,27,33,46,26,9,45,40,4,32,15,18,12,24,20,7,1,44,9,13,39,2,36,13,22,41,43,26,5,42,50,34,25,48,14,37,3,19,6,47,10,2,28,30,16,29,8,35,31$4.0
302$11,21,27,33,46,26,9,45,40,4,32,15,18,12,24,20,7,1,44,9,13,39,2,36,13,22,41,43,36,5,42,50,34,25,48,14,37,3,19,17,47,10,2,28,30,16,29,8,35,31$4.0
303$11,21,27,33,46,26,9,45,40,4,32,15,18,12,24,20,7,1,44,9,13,39,2,36,13,22,41,43,36,5,42,50,34,25,48,14,37,3,19,17,47,10,2,28,30,16,29,8,35,31$4.0
304$11,21,27,33,46,26,9,45,40,4,32,15,18,12,24,20,7,1,44,9,48,39,2,36,13,22,41,43,36,5,42,50,34,25,48,14,37,3,19,17,47,10,2,28,30,16,29,8,35,31$4.0
305$11,21,27,33,46,26,9,45,40,4,32,15,18,12,24,20,7,1,44,9,48,39,2,36,13,22,41,43,36,5,42,50,34,25,48,14,37,3,19,17,47,10,2,28,30,16,29,8,35,31$4.0
306$11,21,27,33,46,26,9,45,40,4,32,15,18,12,24,20,7,1,44,9,13,39,2,36,13,22,41,43,36,5,42,50,34,25,48,14,37,3,19,17,47,10,2,28,30,16,29,8,35,31$4.0
307$11,21,27,33,46,26,9,45,40,4,32,15,18,12,24,20,7,1,44,9,48,39,2,36,13,22,41,43,36,5,42,50,34,25,48,14,37,3,19,17,47,10,2,28,30,16,29,8,35,31$4.0
308$11,21,27,33,46,26,9,45,40,4,32,15,18,12,24,20,7,1,44,9,48,39,2,36,13,22,41,43,36,5,42,50,34,25,48,14,37,3,19,17,47,10,2,28,30,16,29,8,35,31$4.0
309$11,21,27,33,46,26,9,45,40,4,32,15,18,12,24,20,7,1,44,9,13,39,2,36,13,22,41,43,26,5,42,50,34,25,48,14,37,3,19,17,47,10,2,28,30,16,29,8,35,31$4.0
310$11,21,27,33,46,26,9,45,40,4,32,15,18,12,24,20,7,1,44,9,48,39,2,36,13,22,41,43,36,5,42,50,34,25,48,14,37,3,19,17,47,10,2,28,30,16,29,8,35,31$4.0
311$11,21,27,33,46,26,9,45,40,4,32,15,18,12,24,20,7,1,44,9,48,39,2,36,13,22,41,43,36,5,42,50,34,25,48,14,37,3,19,17,47,10,2,28,30,16,29,8,35,31$4.0
312$11,21,27,33,46,26,9,45,40,4,32,15,18,12,24,20,7,1,44,9,48,39,2,36,13,22,41,43,36,5,42,50,34,25,48,14,37,3,19,6,47,10,2,28,30,16,29,8,35,31$4.0
313$11,21,27,33,46,26,9,45,40,4,32,15,18,12,24,20,7,1,44,9,48,39,2,36,13,22,41,43,36,5,42,50,34,25,48,14,37,3,19,17,47,10,2,28,30,16,29,8,35,31$4.0
314$11,21,27,33,46,26,9,45,40,4,32,15,18,12,24,20,7,1,44,9,48,39,2,36,13,22,41,43,36,5,42,50,34,25,48,14,37,3,19,6,47,10,2,28,30,16,29,8,35,31$4.0
315$11,21,27,33,46,26,9,45,40,4,32,15,18,12,24,20,7,1,44,9,48,39,2,36,13,22,41,43,36,5,42,50,34,25,48,14,37,3,19,17,47,10,2,28,30,16,29,8,35,31$4.0
316$11,21,27,33,46,26,9,45,40,4,32,15,18,12,24,20,7,1,44,9,48,39,2,36,13,22,41,43,36,5,42,50,34,25,48,14,37,3,19,6,47,10,2,28,30,16,29,8,35,31$4.0
317$11,21,27,33,46,26,9,45,40,4,32,15,18,12,24,20,7,1,44,9,13,39,2,36,13,22,41,43,36,5,42,50,34,25,48,14,37,3,19,17,47,10,2,28,30,16,29,8,35,31$4.0
318$11,21,27,33,46,26,9,45,40,4,32,15,18,12,24,20,7,1,44,9,48,39,2,36,13,22,41,43,36,5,42,50,34,25,48,14,37,3,19,17,47,10,2,28,30,16,29,8,35,31$4.0
319$11,21,27,33,46,26,9,45,40,4,32,15,18,12,24,20,7,1,44,9,13,39,2,36,13,22,41,43,36,5,42,50,34,25,48,14,37,3,19,17,47,10,2,28,30,16,29,8,35,31$4.0
320$11,21,27,33,46,26,9,45,40,4,32,15,18,12,24,20,7,1,44,9,13,39,2,36,13,22,41,43,36,5,42,50,34,25,48,14,37,3,19,17,47,10,2,28,30,16,29,8,35,31$4.0
321$11,21,27,33,46,26,9,45,40,4,32,15,18,12,24,20,7,1,44,9,13,39,2,36,13,22,41,43,36,5,42,50,34,25,48,14,37,3,19,17,47,10,2,28,30,16,29,8,35,31$4.0
322$11,21,27,33,46,26,9,45,40,4,32,15,18,12,24,20,7,1,44,9,13,39,2,36,13,22,41,43,36,5,42,50,34,25,48,14,37,3,19,17,47,10,2,28,30,16,29,8,35,31$4.0
323$11,21,27,33,46,26,9,45,40,4,32,15,18,12,24,20,7,1,44,9,13,39,2,36,13,22,41,43,36,5,42,50,34,25,48,14,37,3,19,17,47,10,2,28,30,16,29,8,35,31$4.0
324$11,21,27,33,46,26,9,45,40,4,32,15,18,12,24,20,7,1,44,9,13,39,2,36,13,22,41,43,26,5,42,50,34,25,48,14,37,3,19,17,47,10,2,28,30,16,29,8,35,31$4.0
325$11,21,27,33,46,26,9,45,40,4,32,15,18,12,24,20,7,1,44,9,48,39,2,23,13,22,41,43,36,5,42,50,34,25,48,14,37,3,19,17,47,10,2,28,30,16,29,8,35,31$3.0
326$11,21,27,33,46,26,35,45,40,4,32,15,18,12,24,20,7,1,44,9,48,39,2,23,13,22,41,43,36,5,42,50,34,25,48,14,37,3,19,17,47,10,2,28,30,16,29,8,35,31$3.0
327$11,21,27,33,46,26,35,45,40,4,32,15,18,12,24,20,7,1,44,9,48,39,2,23,13,22,41,43,36,5,42,50,34,25,48,14,37,3,19,17,47,10,2,28,30,16,29,8,35,31$3.0
328$11,21,27,33,46,26,35,45,40,4,32,15,18,12,24,20,7,1,44,9,48,39,2,23,13,22,41,43,36,5,42,50,34,25,48,14,37,3,19,17,47,10,2,28,30,16,29,8,35,31$3.0
329$11,21,27,33,46,26,35,45,40,4,32,15,18,12,24,20,7,1,44,9,48,39,2,23,13,22,41,43,36,5,42,50,34,25,48,14,37,3,19,17,47,10,2,28,30,16,29,8,35,31$3.0
330$11,21,27,33,46,26,9,45,40,4,32,15,18,12,24,20,7,1,44,9,13,39,2,23,13,22,41,43,36,5,42,50,34,25,48,14,37,3,19,6,47,10,2,28,30,16,29,8,35,31$3.0
331$11,21,27,33,46,26,35,45,40,4,32,15,18,12,24,20,49,1,44,9,13,39,2,36,13,22,41,43,36,5,42,50,34,25,48,14,37,3,19,17,47,10,2,28,30,16,29,8,35,31$4.0
332$11,21,27,33,46,26,9,45,40,7,32,15,18,12,24,20,49,1,44,9,13,39,2,36,13,22,41,43,36,5,42,50,34,25,48,14,37,3,19,6,47,10,2,28,30,16,29,8,35,31$4.0
333$11,21,27,33,46,26,35,45,40,4,32,15,18,12,24,20,7,1,44,9,48,39,2,23,13,22,41,43,36,5,42,50,34,25,48,14,37,3,19,17,47,10,2,28,30,16,29,8,35,31$3.0
334$11,21,27,33,46,26,35,45,40,4,32,15,18,12,24,20,7,1,44,9,48,39,2,23,13,22,41,43,36,5,42,50,34,25,48,14,37,3,19,17,47,10,2,28,30,16,29,8,35,31$3.0
335$11,21,27,33,46,26,35,45,40,4,32,15,18,12,24,20,7,1,44,9,48,39,2,23,13,22,41,43,36,5,42,50,34,25,48,14,37,3,19,6,47,10,2,28,30,16,29,8,35,31$3.0
336$11,21,27,33,46,26,35,45,40,4,32,15,18,12,24,20,7,1,44,9,48,39,2,23,13,22,41,43,36,5,42,50,34,25,48,14,37,3,19,17,47,10,2,28,30,16,29,8,35,31$3.0
337$11,21,27,33,46,26,35,45,40,4,32,15,18,12,24,20,7,1,44,9,48,39,2,23,13,22,41,43,36,5,42,50,34,25,48,14,37,3,19,17,47,10,2,28,30,16,29,8,35,31$3.0
338$11,21,27,33,46,26,35,45,40,4,32,15,18,12,24,20,7,1,44,9,48,39,2,23,13,22,41,43,36,5,42,50,34,25,48,14,37,3,19,6,47,10,2,28,30,16,29,8,21,31$3.0
339$11,21,27,33,46,26,35,45,40,4,32,15,18,12,24,20,7,1,44,9,48,39,2,23,13,22,41,43,36,5,42,50,34,25,48,14,37,3,19,6,47,10,2,28,30,16,29,8,35,31$3.0
340$11,21,27,33,46,26,35,45,40,4,32,15,18,12,24,20,7,1,44,9,48,39,2,23,13,22,41,43,36,5,42,50,34,25,48,14,37,3,19,6,47,10,2,28,30,16,29,8,35,31$3.0
341$11,21,27,33,46,26,35,45,40,4,32,15,18,12,24,20,7,1,44,9,48,39,2,23,13,22,41,43,36,5,42,50,34,25,48,14,37,3,19,6,47,10,2,28,30,16,29,8,35,31$3.0
342$11,21,27,33,46,26,35,45,40,4,32,15,18,12,24,20,7,1,44,9,48,39,2,23,13,22,41,43,36,5,42,50,34,25,48,14,37,3,19,6,47,10,2,28,30,16,29,8,35,31$3.0
343$11,21,27,33,46,26,35,45,40,4,32,15,18,12,24,20,7,1,44,9,48,39,2,23,13,22,41,43,36,5,42,50,34,25,48,14,37,3,19,6,47,10,2,28,30,16,29,8,35,31$3.0
344$11,21,27,33,46,26,35,45,40,4,32,15,18,12,24,20,7,1,44,9,48,39,2,23,13,22,41,43,36,5,42,50,34,25,48,14,37,3,19,17,47,10,2,28,30,16,29,8,35,31$3.0
345$11,21,27,33,46,26,35,45,40,4,32,15,18,12,24,20,7,1,44,9,48,39,2,23,13,22,41,43,36,5,42,50,34,25,48,14,37,3,19,6,47,10,2,28,30,16,29,8,35,31$3.0
346$11,21,27,33,46,26,9,45,40,4,32,15,18,12,24,20,7,1,44,9,48,39,2,23,13,22,41,43,36,5,42,50,34,25,48,14,37,3,19,17,47,10,2,28,30,16,29,8,35,31$3.0
347$11,21,27,33,46,26,9,45,40,4,32,15,18,12,24,20,7,1,44,9,48,39,2,23,13,22,41,43,36,5,42,50,34,25,48,14,37,3,19,17,47,10,2,28,30,16,29,8,35,31$3.0
348$11,21,27,33,46,26,9,45,40,4,32,15,18,12,24,20,7,1,44,9,48,39,2,23,13,22,41,43,36,5,42,50,34,25,48,14,37,3,19,17,47,10,2,28,30,16,29,8,35,31$3.0
349$11,21,27,33,46,26,35,45,40,4,32,15,18,12,24,20,7,1,44,9,48,39,2,23,13,22,41,43,36,5,42,50,34,25,48,14,37,3,19,17,47,10,2,28,30,16,29,8,35,31$3.0
350$11,21,27,33,46,26,35,45,40,4,32,15,18,12,24,20,7,1,44,9,48,39,2,23,13,22,41,43,36,5,42,50,34,25,48,14,37,3,19,17,47,10,2,28,30,16,29,8,35,31$3.0
351$11,21,27,33,46,26,35,45,40,4,32,15,18,12,24,20,7,1,44,9,48,39,2,23,13,22,41,43,36,5,42,50,34,25,48,14,37,3,19,6,47,10,17,28,30,16,29,8,21,31$2.0
351$11,21,27,33,46,26,35,45,40,4,32,15,18,12,24,20,7,1,44,9,48,39,2,23,13,22,41,43,36,5,42,50,34,25,48,14,37,3,19,6,47,10,17,28,30,16,29,8,21,31$2.0
352$11,21,27,33,46,26,35,45,40,4,32,15,18,12,24,20,7,1,44,9,48,39,2,23,13,22,41,43,36,5,42,50,34,25,48,14,37,3,19,6,47,10,17,28,30,16,29,8,21,31$2.0
353$11,21,27,33,46,26,9,45,40,4,32,15,18,12,24,20,7,1,44,9,48,39,2,23,13,22,41,43,36,5,42,50,34,25,48,14,37,3,19,6,47,10,2,28,30,16,29,8,35,31$3.0
354$11,21,27,33,46,26,35,45,40,4,32,15,18,12,24,20,7,1,44,9,48,39,2,23,13,22,41,43,36,5,42,50,34,25,48,14,37,3,19,17,47,10,2,28,30,16,29,8,35,31$3.0
355$11,21,27,33,46,26,35,45,40,4,32,15,18,12,24,20,7,1,44,9,48,39,2,23,13,22,41,43,36,5,42,50,34,25,48,14,37,3,19,17,47,10,2,28,30,16,29,8,35,31$3.0
356$11,21,27,33,46,26,35,45,40,4,32,15,18,12,24,20,7,1,44,9,48,39,2,23,13,22,41,43,36,5,42,50,34,25,48,14,37,3,19,6,47,10,17,28,30,16,29,8,21,31$2.0
357$11,21,27,33,46,26,35,45,40,4,32,15,18,12,24,20,7,1,44,9,48,39,2,23,13,22,41,43,36,5,42,50,34,25,48,14,37,3,19,6,47,10,17,28,30,16,29,8,35,31$2.0
358$11,21,27,33,46,26,35,45,40,4,32,15,18,12,24,20,7,1,44,9,48,39,2,23,13,22,41,43,36,5,42,50,34,25,48,14,37,3,19,6,47,10,17,28,30,16,29,8,35,31$2.0
359$11,21,27,33,46,26,35,45,40,4,32,15,18,12,24,20,7,1,44,9,48,39,2,23,13,22,41,43,36,5,42,50,34,25,48,14,37,3,19,6,47,10,17,28,30,16,29,8,35,31$2.0
360$11,21,27,33,46,26,9,45,40,4,32,15,18,12,24,20,7,1,44,9,48,39,2,23,13,22,41,43,36,5,42,50,34,25,48,14,37,3,19,6,47,10,17,28,30,16,29,8,35,31$2.0
361$11,21,27,33,46,26,35,45,40,4,32,15,18,12,24,20,7,1,44,9,48,39,2,23,13,22,41,43,36,5,42,50,34,25,48,14,37,3,19,6,47,10,17,28,30,16,29,8,35,31$2.0
362$11,21,27,33,46,26,9,45,40,4,32,15,18,12,24,20,7,1,44,9,48,39,2,23,13,22,41,43,36,5,42,50,34,25,48,14,37,3,19,6,47,10,17,28,30,16,29,8,35,31$2.0
363$11,21,27,33,46,26,9,45,40,4,32,15,18,12,24,20,7,1,44,9,48,39,2,23,13,22,41,43,36,5,42,50,34,25,48,14,37,3,19,6,47,10,17,28,30,16,29,8,35,31$2.0
364$11,21,27,33,46,26,9,45,40,4,32,15,18,12,24,20,7,1,44,9,48,39,2,23,13,22,41,43,36,5,42,50,34,25,48,14,37,3,19,6,47,10,17,28,30,16,29,8,35,31$2.0
365$11,21,27,33,46,26,35,45,40,4,32,15,18,12,24,20,7,1,44,9,48,39,2,23,13,22,41,43,36,5,42,50,34,25,48,14,37,3,19,6,47,10,17,28,30,16,29,8,35,31$2.0
366$11,21,27,33,46,26,35,45,40,4,32,15,18,12,24,20,7,1,44,9,48,39,2,23,13,22,41,43,36,5,42,50,34,25,48,14,37,3,19,6,47,10,17,28,30,16,29,8,35,31$2.0
367$11,21,27,33,46,26,35,45,40,4,32,15,18,12,24,20,7,1,44,9,48,39,2,23,13,22,41,43,36,5,42,50,34,25,48,14,37,3,19,6,47,10,17,28,30,16,29,8,35,31$2.0
368$11,21,27,33,46,26,9,45,40,4,32,15,18,12,24,20,7,1,44,50,48,39,2,23,13,22,41,43,36,5,42,50,34,25,48,14,37,3,19,6,47,10,17,28,30,16,29,8,35,31$2.0
369$11,21,27,33,46,26,35,45,40,4,32,15,18,12,24,20,7,1,44,9,48,39,2,23,13,22,41,43,36,5,42,50,34,25,48,14,37,3,19,6,47,10,17,28,30,16,29,8,35,31$2.0
370$11,21,27,33,46,26,35,45,40,4,32,15,18,12,24,20,7,1,44,9,48,39,2,23,13,22,41,43,36,5,42,50,34,25,48,14,37,3,19,6,47,10,17,28,30,16,29,8,35,31$2.0
371$11,21,27,33,46,26,35,45,40,4,32,15,18,12,24,20,7,1,44,9,48,39,2,23,13,22,41,43,36,5,42,50,34,25,48,14,37,3,19,6,47,10,17,28,30,16,29,8,35,31$2.0
372$11,21,27,33,46,26,35,45,40,4,32,15,18,12,24,20,7,1,44,9,48,39,2,23,13,22,41,43,36,5,42,50,34,25,48,14,37,3,19,6,47,10,17,28,30,16,29,8,35,31$2.0
373$11,21,27,33,46,26,35,45,40,4,32,15,18,12,24,20,7,1,44,9,48,39,2,23,13,22,41,43,36,5,42,50,34,25,48,14,37,3,19,6,47,10,17,28,30,16,29,8,35,31$2.0
374$11,21,27,33,46,26,9,45,40,4,32,15,18,12,24,20,7,1,44,9,48,39,2,23,13,22,41,43,36,5,42,50,34,25,48,14,37,3,19,6,47,10,17,28,30,16,29,8,35,31$2.0
375$11,21,27,33,46,26,9,45,40,4,32,15,18,12,24,20,7,1,44,9,48,39,2,23,13,22,41,43,36,5,42,50,34,25,48,14,37,3,19,6,47,10,17,28,30,16,29,8,35,31$2.0
376$11,21,27,33,46,26,9,45,40,4,32,15,18,12,24,20,7,1,44,9,48,39,2,23,13,22,41,43,36,5,42,50,34,25,48,14,37,3,19,6,47,10,17,28,30,16,29,8,35,31$2.0
377$11,21,27,33,46,26,9,45,40,4,32,15,18,12,24,20,7,1,44,9,48,39,2,23,13,22,41,43,36,5,42,50,34,25,48,14,37,3,19,6,47,10,17,28,30,16,29,8,35,31$2.0
378$11,21,27,33,46,26,35,45,40,4,32,15,18,12,24,20,7,1,44,9,48,39,2,23,13,22,41,43,36,5,42,50,34,25,48,14,37,3,19,6,47,10,17,28,30,16,29,8,35,31$2.0
379$11,21,27,33,46,26,9,45,40,4,32,15,18,12,24,20,7,1,44,9,48,39,2,23,13,22,41,43,36,5,42,50,34,25,48,14,37,3,19,6,47,10,17,28,30,16,29,8,35,31$2.0
380$11,21,27,33,46,26,35,45,40,4,32,15,18,12,24,20,7,1,44,9,48,39,2,23,13,22,41,43,36,5,42,50,34,25,48,14,37,3,19,6,47,10,17,28,30,16,29,8,35,31$2.0
381$11,21,27,33,46,26,35,45,40,4,32,15,18,12,24,20,7,1,44,9,48,39,2,23,13,22,41,43,36,5,42,50,34,25,48,14,37,3,19,6,47,10,17,28,30,16,29,8,35,31$2.0
382$11,21,27,33,46,26,35,45,40,4,32,15,18,12,24,20,7,1,44,9,48,39,2,23,13,22,41,43,36,5,42,50,34,25,48,14,37,3,19,6,47,10,17,28,30,16,29,8,35,31$2.0
383$11,21,27,33,46,26,9,45,40,4,32,15,18,12,24,20,7,1,44,9,48,39,2,23,13,22,41,43,36,5,42,50,34,25,48,14,37,3,19,6,47,10,17,28,30,16,29,8,35,31$2.0
384$11,21,27,33,46,26,9,45,40,4,32,15,18,12,24,20,7,1,44,9,48,39,2,23,13,22,41,43,36,5,42,50,34,25,48,14,37,3,19,6,47,10,17,28,30,16,29,8,35,31$2.0
385$11,21,27,33,46,26,9,45,40,4,32,15,18,12,24,20,7,1,44,9,48,39,2,23,13,22,41,43,36,5,42,50,34,25,48,14,37,3,19,6,47,10,17,28,30,16,29,8,35,31$2.0
386$11,21,27,33,46,26,35,45,40,4,32,15,18,12,24,20,7,1,44,9,48,39,2,23,13,22,41,43,36,5,42,50,34,25,48,14,37,3,19,6,47,10,17,28,30,16,29,8,35,31$2.0
387$11,21,27,33,46,26,9,45,40,4,32,15,18,12,24,20,7,1,44,9,48,39,2,23,13,22,41,43,36,5,42,50,34,25,48,14,37,3,19,6,47,10,17,28,30,16,29,8,35,31$2.0
388$11,21,27,33,46,26,9,45,40,4,32,15,18,12,24,20,7,1,44,9,48,39,2,23,13,22,41,43,36,5,42,50,34,25,48,14,37,3,19,6,47,10,17,28,30,16,29,8,35,31$2.0
389$11,21,27,33,46,26,35,45,40,4,32,15,18,12,24,20,7,1,44,9,48,39,2,23,13,22,41,43,36,5,42,50,34,25,48,14,37,3,19,6,47,10,17,28,30,16,29,8,35,31$2.0
390$11,21,27,33,46,26,9,45,40,4,32,15,18,12,24,20,7,1,44,9,48,39,2,23,13,22,41,43,36,5,42,50,34,25,48,14,37,3,19,6,47,10,17,28,30,16,29,8,35,31$2.0
391$11,21,27,33,46,26,35,45,40,4,32,15,18,12,24,20,7,1,44,9,48,39,2,23,13,22,41,43,36,5,42,50,34,25,48,14,37,3,19,6,47,10,17,28,30,16,29,8,35,31$2.0
392$11,21,27,33,46,26,35,45,40,4,32,15,18,12,24,20,7,1,44,9,48,39,2,23,13,22,41,43,36,5,42,50,34,25,48,14,37,3,19,6,47,10,17,28,30,16,29,8,35,31$2.0
393$11,21,27,33,46,26,9,45,40,4,32,15,18,12,24,20,7,1,44,9,48,39,2,23,13,22,41,43,36,5,42,50,34,25,48,14,37,3,19,6,47,10,17,28,30,16,29,8,35,31$2.0
394$11,21,27,33,46,26,9,45,40,4,32,15,18,12,24,20,7,1,44,9,48,39,2,23,13,22,41,43,36,5,42,50,34,25,48,14,37,3,19,6,47,10,17,28,30,16,29,8,35,31$2.0
395$11,21,27,33,46,26,35,45,40,4,32,15,18,12,24,20,7,1,44,9,48,39,2,23,13,22,41,43,36,5,42,50,34,25,48,14,37,3,19,6,47,10,17,28,30,16,29,8,35,31$2.0
396$11,21,27,33,46,26,35,45,40,4,32,15,18,12,24,20,7,1,44,9,48,39,2,23,13,22,41,43,36,5,42,50,34,25,48,14,37,3,19,6,47,10,17,28,30,16,29,8,35,31$2.0
397$11,21,27,33,46,26,9,45,40,4,32,15,18,12,24,20,7,1,44,9,48,39,2,23,13,22,41,43,36,5,42,50,34,25,48,14,37,3,19,6,47,10,17,28,30,16,29,8,35,31$2.0
398$11,21,27,33,46,26,9,45,40,4,32,15,18,12,24,20,7,1,44,9,48,39,2,23,13,22,41,43,36,5,42,50,34,25,48,14,37,3,19,6,47,10,17,28,30,16,29,8,35,31$2.0
399$11,21,27,33,46,26,35,45,40,4,32,15,18,12,24,20,7,1,44,9,48,39,2,23,13,22,41,43,36,5,42,50,34,25,48,14,37,3,19,6,47,10,17,28,30,16,29,8,35,31$2.0
400$11,21,27,33,46,26,35,45,40,4,32,15,18,12,24,20,7,1,44,9,48,39,2,23,13,22,41,43,36,5,42,50,34,25,48,14,37,3,19,6,47,10,17,28,30,16,29,8,35,31$2.0
401$11,21,27,33,46,26,9,45,40,4,32,15,18,12,24,20,7,1,44,9,48,39,2,23,13,22,41,43,36,5,42,50,34,25,48,14,37,3,19,6,47,10,17,28,30,16,29,8,35,31$2.0
402$11,21,27,33,46,26,35,45,40,4,32,15,18,12,24,20,7,1,44,9,48,39,2,23,13,22,41,43,36,5,42,50,34,25,48,14,37,3,19,6,47,10,17,28,30,16,29,8,35,31$2.0
403$11,21,27,33,46,26,35,45,40,4,32,15,18,12,24,20,7,1,44,9,48,39,2,23,13,22,41,43,36,5,42,50,34,25,48,14,37,3,19,6,47,10,17,28,30,16,29,8,35,31$2.0
404$11,21,27,33,46,26,9,45,40,4,32,15,18,12,24,20,7,1,44,9,48,39,2,23,13,22,41,43,36,5,42,50,34,25,48,14,37,3,19,6,47,10,17,28,30,16,29,8,35,31$2.0
405$11,21,27,33,46,26,35,45,40,4,32,15,18,12,24,20,7,1,44,9,48,39,2,23,13,22,41,43,36,5,42,50,34,25,48,14,37,3,19,6,47,10,17,28,30,16,29,8,35,31$2.0
406$11,21,27,33,46,26,35,45,40,4,32,15,18,12,24,20,7,1,44,9,48,39,2,23,13,22,41,43,36,5,42,50,34,25,48,14,37,3,19,6,47,10,17,28,30,16,29,8,35,31$2.0
407$11,21,27,33,46,26,9,45,40,4,32,15,18,12,24,20,7,1,44,9,48,39,2,23,13,22,41,43,36,5,42,50,34,25,48,14,37,3,19,6,47,10,17,28,30,16,29,8,35,31$2.0
408$11,21,27,33,46,26,9,45,40,4,32,15,18,12,24,20,7,1,44,9,48,39,2,23,13,22,41,43,36,5,42,50,34,25,48,14,37,3,19,6,47,10,17,28,30,16,29,8,35,31$2.0
409$11,21,27,33,46,26,9,45,40,4,32,15,18,12,24,20,7,1,44,9,48,39,2,23,13,22,41,43,36,5,42,50,34,25,48,14,37,3,19,6,47,10,17,28,30,16,29,8,35,31$2.0
410$11,21,27,33,46,26,9,45,40,4,32,15,18,12,24,20,7,1,44,9,48,39,2,23,13,22,41,43,36,5,42,50,34,25,48,14,37,3,19,6,47,10,17,28,30,16,29,8,35,31$2.0
411$11,21,27,33,46,26,9,45,40,4,32,15,18,12,24,20,7,1,44,9,48,39,2,23,13,22,41,43,36,5,42,50,34,25,48,14,37,3,19,6,47,10,17,28,30,16,29,8,35,31$2.0
412$11,21,27,33,46,26,35,45,40,4,32,15,18,12,24,20,7,1,44,9,48,39,2,23,13,22,41,43,36,5,42,50,34,25,48,14,37,3,19,6,47,10,17,28,30,16,29,8,35,31$2.0
413$11,21,27,33,46,26,9,45,40,4,32,15,18,12,24,20,7,1,44,9,13,39,2,23,13,22,41,43,36,5,42,50,34,25,48,14,37,3,19,6,47,10,17,28,30,16,29,8,35,31$2.0
414$11,21,27,33,46,26,9,45,40,4,32,15,18,12,24,20,49,1,44,9,48,39,2,23,13,22,41,43,36,5,42,50,34,25,48,14,37,3,19,6,47,10,17,28,30,16,29,8,35,31$2.0
415$11,21,27,33,46,26,35,45,40,4,32,15,18,12,24,20,7,1,44,9,48,39,2,23,13,22,41,43,36,5,42,50,34,25,48,14,37,3,19,6,47,10,17,28,30,16,29,8,35,31$2.0
416$11,21,27,33,46,26,9,45,40,4,32,15,18,12,24,20,7,1,44,9,48,39,2,23,13,22,41,43,36,5,42,50,34,25,48,14,37,3,19,6,47,10,17,28,30,16,29,8,35,31$2.0
417$11,21,27,33,46,26,9,45,40,4,32,15,18,12,24,20,7,1,44,9,48,39,2,23,13,22,41,43,36,5,42,50,34,25,48,14,37,3,19,6,47,10,17,28,30,16,29,8,35,31$2.0
418$11,21,27,33,46,26,9,45,40,4,32,15,18,12,24,20,7,1,44,9,48,39,2,23,13,22,41,43,36,5,42,50,34,25,48,14,37,3,19,6,47,10,17,28,30,16,29,8,35,31$2.0
419$11,21,27,33,46,26,9,45,40,4,32,15,18,12,24,20,7,1,44,9,48,39,2,23,13,22,41,43,36,5,42,50,34,25,48,14,37,3,19,6,47,10,17,28,30,16,29,8,35,31$2.0
420$11,21,27,33,46,26,9,45,40,4,32,15,18,12,24,20,7,1,44,9,48,39,2,23,13,22,41,43,36,5,42,50,34,25,48,14,37,3,19,6,47,10,17,28,30,16,29,8,35,31$2.0
421$11,21,27,33,46,26,9,45,40,4,32,15,18,12,24,20,7,1,44,9,48,39,2,23,13,22,41,43,36,5,42,50,34,25,48,14,37,3,19,6,47,10,17,28,30,16,29,8,35,31$2.0
422$11,21,27,33,46,26,9,45,40,4,32,15,18,12,24,20,7,1,44,9,48,39,2,23,13,22,41,43,36,5,42,50,34,25,48,14,37,3,19,6,47,10,17,28,30,16,29,8,35,31$2.0
423$11,21,27,33,46,26,9,45,40,4,32,15,18,12,24,20,7,1,44,9,48,39,2,23,13,22,41,43,36,5,42,50,34,25,48,14,37,3,19,6,47,10,17,28,30,16,29,8,35,31$2.0
424$11,21,27,33,46,26,35,45,40,4,32,15,18,12,24,20,7,1,44,9,48,39,2,23,13,22,41,43,36,5,42,50,34,25,48,14,37,3,19,6,47,10,17,28,30,16,29,8,35,31$2.0
425$11,21,27,33,46,26,9,45,40,4,32,15,18,12,24,20,7,1,44,9,48,39,2,23,13,22,41,43,36,5,42,50,34,25,48,14,37,3,19,6,47,10,17,28,30,16,29,8,35,31$2.0
426$11,21,27,33,46,26,35,45,40,4,32,15,18,12,24,20,7,1,44,9,48,39,2,23,13,22,41,43,36,5,42,50,34,25,48,14,37,3,19,6,47,10,17,28,30,16,29,8,35,31$2.0
427$11,21,27,33,46,26,9,45,40,4,32,15,18,12,24,20,7,1,44,9,48,39,2,23,13,22,41,43,36,5,42,50,34,25,48,14,37,3,19,6,47,10,17,28,30,16,29,8,35,31$2.0
428$11,21,27,33,46,26,9,45,40,4,32,15,18,12,24,20,7,1,44,9,48,39,2,23,13,22,41,43,36,5,42,50,34,25,48,14,37,3,19,6,47,10,17,28,30,16,29,8,35,31$2.0
429$11,21,27,33,46,26,9,45,40,4,32,15,18,12,24,20,7,1,44,9,48,39,2,23,13,22,41,43,36,5,42,50,34,25,48,14,37,3,19,6,47,10,17,28,30,16,29,8,35,31$2.0
430$11,21,27,33,46,26,9,45,40,4,32,15,18,12,24,20,7,1,44,9,48,39,2,23,13,22,41,43,36,5,42,50,34,25,48,14,37,3,19,6,47,10,17,28,30,16,29,8,35,31$2.0
431$11,21,27,33,46,26,9,45,40,4,32,15,18,12,24,20,7,1,44,9,48,39,2,23,13,22,41,43,36,5,42,50,34,25,48,14,37,3,19,6,47,10,17,28,30,16,29,8,35,31$2.0
432$11,21,27,33,46,26,9,45,40,4,32,15,18,12,24,20,7,1,44,9,48,39,2,23,13,22,41,43,36,5,42,50,34,25,48,14,37,3,19,6,47,10,17,28,30,16,29,8,35,31$2.0
433$11,21,27,33,46,26,9,45,40,4,32,15,18,12,24,20,7,1,44,9,48,39,2,23,13,22,41,43,36,5,42,50,34,25,48,14,37,3,19,6,47,10,17,28,30,16,29,8,35,31$2.0
434$11,21,27,33,46,26,47,45,40,4,32,15,18,12,24,20,7,1,44,9,48,39,2,23,13,22,41,43,36,5,42,50,34,25,48,14,37,3,19,6,47,10,17,28,30,16,29,8,35,31$2.0
435$11,21,27,33,46,26,35,45,40,4,32,15,18,12,24,20,7,1,44,9,48,39,2,23,13,22,41,43,36,5,42,50,34,25,48,14,37,3,19,6,47,10,17,28,30,16,29,8,35,31$2.0
436$11,21,27,33,46,26,35,45,40,4,32,15,18,12,24,20,7,1,44,9,48,39,2,23,13,22,41,43,36,5,42,50,34,25,48,14,37,3,19,6,47,10,17,28,30,16,29,8,35,31$2.0
437$11,21,27,33,46,26,35,45,40,4,32,15,18,12,24,20,7,1,44,9,48,39,2,23,13,22,41,43,36,5,42,50,34,25,48,14,37,3,19,6,47,10,17,28,30,16,29,8,35,31$2.0
438$11,21,27,33,46,26,35,45,40,4,32,15,18,12,24,20,7,1,44,9,48,39,2,23,13,22,41,43,36,5,42,50,34,25,48,14,37,3,19,6,47,10,17,28,30,16,29,8,35,31$2.0
439$11,21,27,33,46,26,35,45,40,4,32,15,18,12,24,20,7,1,44,9,48,39,2,23,13,22,41,43,36,5,42,50,34,25,22,14,37,3,19,6,47,10,17,28,30,16,29,8,35,31$2.0
440$11,21,27,33,46,26,35,45,40,4,32,15,18,12,24,20,7,1,44,9,48,39,2,23,13,22,41,43,36,5,42,50,34,25,48,14,37,3,19,6,47,10,17,28,30,16,29,8,35,31$2.0
441$11,21,27,33,46,26,35,45,40,4,32,15,18,12,24,20,7,1,44,9,48,39,2,23,13,22,41,43,36,5,42,50,34,25,48,14,37,3,19,6,47,10,17,28,30,16,29,8,35,31$2.0
442$11,21,27,33,46,26,9,45,40,4,32,15,18,12,24,20,7,1,44,9,48,39,2,23,13,22,41,43,36,5,42,50,34,25,48,14,37,3,19,6,47,10,17,28,30,16,29,8,35,31$2.0
443$11,21,27,33,46,26,35,45,40,4,32,15,18,12,24,20,7,1,44,9,48,39,2,23,13,22,41,43,36,5,42,50,34,25,48,14,37,3,19,6,47,10,17,28,30,16,29,8,35,31$2.0
444$11,21,27,33,46,26,35,45,40,4,32,15,18,12,24,20,7,1,44,9,48,39,2,23,13,22,41,43,36,5,42,50,34,25,22,14,37,3,19,6,47,10,17,28,30,16,29,8,35,31$2.0
445$11,21,27,33,46,26,35,45,40,4,32,15,18,12,24,20,7,1,44,9,48,39,2,23,13,22,41,43,36,5,42,50,34,25,48,14,37,3,19,6,47,10,17,28,30,16,29,8,35,31$2.0
446$11,21,27,33,46,26,35,45,40,4,32,15,18,12,24,20,7,1,44,9,48,39,2,23,13,22,41,43,36,5,42,50,34,25,22,14,37,3,19,6,47,10,17,28,30,16,29,8,35,31$2.0
447$11,21,27,33,46,26,9,45,40,4,32,15,18,12,24,20,7,1,44,9,48,39,2,23,13,22,41,43,36,5,42,50,34,25,48,14,37,3,19,6,47,10,17,28,30,16,29,8,35,31$2.0
448$11,21,27,33,46,26,9,45,40,4,32,15,18,12,24,20,7,1,44,9,48,39,2,23,13,22,41,43,36,5,42,50,34,25,48,14,37,3,19,6,47,10,17,28,30,16,29,8,35,31$2.0
449$11,21,27,33,46,26,35,45,40,4,32,15,18,12,24,20,7,1,44,9,48,39,2,23,13,22,41,43,36,5,42,50,34,25,48,14,37,3,19,6,47,10,17,28,30,16,29,8,35,31$2.0
450$11,21,27,33,46,26,35,45,40,4,32,15,18,12,24,20,7,1,44,9,48,39,2,23,13,22,41,43,36,5,42,50,34,25,48,14,37,3,19,6,47,10,17,28,30,16,29,8,35,31$2.0
451$11,21,27,33,46,26,35,45,40,4,32,15,18,12,24,20,7,1,44,9,48,39,2,23,13,22,41,43,36,5,42,50,34,25,48,14,37,3,19,6,47,10,17,28,30,16,29,8,35,31$2.0
452$11,21,27,33,46,26,35,45,40,4,32,15,18,12,24,20,7,1,44,9,48,39,2,23,13,22,41,43,36,5,42,50,34,25,48,14,37,3,19,6,47,10,17,28,30,16,29,8,35,31$2.0
453$11,21,27,33,46,26,9,45,40,4,32,15,18,12,24,20,7,1,44,9,48,39,2,23,13,22,41,43,36,5,42,50,34,25,48,14,37,3,19,6,47,10,17,28,30,16,29,8,35,31$2.0
454$11,21,27,33,46,26,35,45,40,4,32,15,18,12,24,20,7,1,44,9,48,39,2,23,13,22,41,43,36,5,42,50,34,25,48,14,37,3,19,6,47,10,17,28,30,16,29,8,35,31$2.0
455$11,21,27,33,46,26,9,45,40,4,32,15,18,12,24,20,7,1,44,9,48,39,2,23,13,22,41,43,36,5,42,50,34,25,48,14,37,3,19,6,47,10,17,28,30,16,29,8,35,31$2.0
456$11,21,27,33,46,26,9,45,40,4,32,15,18,12,24,20,7,1,44,9,48,39,2,23,13,22,41,43,36,5,42,50,34,25,48,14,37,3,19,6,47,10,17,28,30,16,29,8,35,31$2.0
457$11,21,27,33,46,26,35,45,40,4,32,15,18,12,24,20,7,1,44,9,48,39,2,23,13,22,41,43,36,5,42,50,34,25,48,14,37,3,19,6,47,10,17,28,30,16,29,8,35,31$2.0
458$11,21,27,33,46,26,9,45,40,4,32,15,18,12,24,20,7,1,44,9,48,39,2,23,13,22,41,43,36,5,42,50,34,25,48,14,37,3,19,6,47,10,17,28,30,16,29,8,35,31$2.0
459$11,21,27,33,46,26,35,45,40,4,32,15,18,12,24,20,7,1,44,9,48,39,2,23,13,22,41,43,36,5,42,50,34,25,48,14,37,3,19,6,47,10,17,28,30,16,29,8,35,31$2.0
460$11,21,27,33,46,26,9,45,40,4,32,15,18,12,24,20,7,1,44,9,48,39,2,23,13,22,41,43,36,5,42,50,34,25,48,14,37,3,19,6,47,10,17,28,30,16,29,8,35,31$2.0
461$11,21,27,33,46,26,35,45,40,4,32,15,18,12,24,20,7,1,44,9,48,39,2,23,13,22,41,43,36,5,42,50,34,25,48,14,37,3,19,6,47,10,17,28,30,16,29,8,35,31$2.0
462$11,21,27,33,46,26,9,45,40,4,32,15,18,12,24,20,7,1,44,9,48,39,2,23,13,22,41,43,36,5,42,50,34,25,48,14,37,3,19,6,47,10,17,28,30,16,29,8,35,31$2.0
463$11,21,27,33,46,26,9,45,40,4,32,15,18,12,24,20,7,1,44,9,48,39,2,23,13,22,41,43,36,5,42,50,34,25,48,14,37,3,19,6,47,10,17,28,30,16,29,8,35,31$2.0
464$11,21,27,33,46,26,35,45,40,4,32,15,18,12,24,20,7,1,44,9,48,39,2,23,13,22,41,43,36,5,42,50,34,25,48,14,37,3,19,6,47,10,17,28,30,16,29,8,35,31$2.0
465$11,21,27,33,46,26,9,45,40,4,32,15,18,12,24,20,7,1,44,9,48,39,2,23,13,22,41,43,36,5,42,50,34,25,48,14,37,3,19,6,47,10,17,28,30,16,29,8,35,31$2.0
466$11,21,27,33,46,26,9,45,40,4,32,15,18,12,24,20,7,1,44,9,48,39,2,23,13,22,41,43,36,5,42,50,34,25,48,14,37,3,19,6,47,10,17,28,30,16,29,8,35,31$2.0
467$11,21,27,33,46,26,35,45,40,4,32,15,18,12,24,20,7,1,44,9,48,39,2,23,13,22,41,43,36,5,42,50,34,25,48,14,37,3,19,6,47,10,17,28,30,16,29,8,35,31$2.0
468$11,21,27,33,46,26,35,45,40,4,32,15,18,12,24,20,7,1,44,9,48,39,2,23,13,22,41,43,36,5,42,50,34,25,48,14,37,3,19,6,47,10,17,28,30,16,29,8,35,31$2.0
469$11,21,27,33,46,26,9,45,40,4,32,15,18,12,24,20,7,1,44,9,48,39,2,23,13,22,41,43,36,5,42,50,34,25,48,14,37,3,19,6,47,10,17,28,30,16,29,8,35,31$2.0
470$11,21,27,33,46,26,35,45,40,4,32,15,18,12,24,20,7,1,44,9,48,39,2,23,13,22,41,43,36,5,42,50,34,25,48,14,37,3,19,6,47,10,17,28,30,16,29,8,35,31$2.0
471$11,21,27,33,46,26,35,45,40,4,32,15,18,12,24,20,7,1,44,9,48,39,2,23,13,22,41,43,36,5,42,50,34,25,48,14,37,3,19,6,47,10,17,28,30,16,29,8,35,31$2.0
472$11,21,27,33,46,26,9,45,40,4,32,15,18,12,24,20,7,1,44,9,48,39,2,23,13,22,41,43,36,5,42,50,34,25,48,14,37,3,19,6,47,10,17,28,30,16,29,8,35,31$2.0
473$11,21,27,33,46,26,9,45,40,4,32,15,18,12,24,20,7,1,44,9,48,39,2,23,13,22,41,43,36,5,42,50,34,25,48,14,37,3,19,6,47,10,17,28,30,16,29,8,35,31$2.0
474$11,21,27,33,46,26,9,45,40,4,32,15,18,12,24,20,7,1,44,9,48,39,2,23,13,22,41,43,36,5,42,50,34,25,48,14,37,3,19,6,47,10,17,28,30,16,29,8,35,31$2.0
475$11,21,27,33,46,26,9,45,40,4,32,15,18,12,24,20,7,1,44,9,48,39,2,23,13,22,41,43,36,5,42,50,34,25,48,14,37,3,19,6,47,10,17,28,30,16,29,8,35,31$2.0
476$11,21,27,33,46,26,9,45,40,4,32,15,18,12,24,20,7,1,44,9,48,39,2,23,13,22,41,43,36,5,42,50,34,25,48,14,37,3,19,6,47,10,17,28,30,16,29,8,35,31$2.0
477$11,21,27,33,46,26,9,45,40,4,32,15,18,12,24,20,7,1,44,9,48,39,2,23,13,22,41,43,36,5,42,50,34,25,48,14,37,3,19,6,47,10,17,28,30,16,29,8,35,31$2.0
478$11,21,27,33,46,26,35,45,40,4,32,15,18,12,24,20,7,1,44,9,48,39,2,23,13,22,41,43,36,5,42,50,34,25,48,14,37,3,19,6,47,10,17,28,30,16,29,8,35,31$2.0
479$11,21,27,33,46,26,35,45,40,4,32,15,18,12,24,20,7,1,44,9,48,39,2,23,13,22,41,43,36,5,42,50,34,25,48,14,37,3,19,6,47,10,17,28,30,16,29,8,35,31$2.0
480$11,21,27,33,46,26,9,45,40,4,32,15,18,12,24,20,7,1,44,9,48,39,2,23,13,22,41,43,36,5,42,50,34,25,48,14,37,3,19,6,47,10,17,28,30,16,29,8,35,31$2.0
481$11,21,27,38,46,26,9,45,40,4,32,15,18,12,24,20,7,1,44,9,48,39,2,23,13,22,41,43,36,5,42,50,34,25,48,14,37,3,19,6,47,10,17,28,30,16,29,8,35,31$2.0
482$11,21,27,38,46,26,9,45,40,4,32,15,18,12,24,20,7,1,44,9,48,39,2,23,13,22,41,43,36,5,42,50,34,25,48,14,37,3,19,6,47,10,17,28,30,16,29,8,35,31$2.0
483$11,21,27,38,46,26,9,45,40,4,32,15,18,12,24,20,7,1,44,9,48,39,2,23,13,22,41,43,36,5,42,50,34,25,48,14,37,3,19,6,47,10,17,28,30,16,29,8,35,31$2.0
484$11,21,27,33,46,26,9,45,40,4,32,15,18,12,24,20,7,1,44,9,48,39,2,23,13,22,41,43,36,5,42,50,34,25,48,14,37,3,19,6,47,10,17,28,30,16,29,8,35,31$2.0
485$11,21,27,33,46,26,9,45,40,4,32,15,18,12,24,20,7,1,44,9,48,39,2,23,13,22,41,43,36,5,42,50,34,25,48,14,37,3,19,6,38,10,17,28,30,16,29,8,35,31$2.0
486$11,21,27,38,46,26,9,45,40,4,32,15,18,12,24,20,7,1,44,9,48,39,2,23,13,22,41,43,36,5,42,50,34,25,48,14,37,3,19,6,47,10,17,28,30,16,29,8,35,31$2.0
487$11,21,27,38,46,26,9,45,40,4,32,15,18,12,24,20,7,1,44,9,48,39,2,23,13,22,41,43,36,5,42,50,34,25,48,14,37,3,19,6,47,10,17,28,30,16,29,8,35,31$2.0
488$11,21,27,33,46,26,9,45,40,4,32,15,18,12,24,20,7,1,44,9,48,39,2,23,13,22,41,43,36,5,42,50,34,25,48,14,37,3,19,6,47,10,17,28,30,16,29,8,35,31$2.0
489$11,21,27,38,46,26,9,45,40,4,32,15,18,12,24,20,7,1,44,9,48,39,2,23,13,22,41,43,36,5,42,50,34,25,48,14,37,3,19,6,47,10,17,28,30,16,29,8,35,31$2.0
490$11,21,27,38,46,26,9,45,40,4,32,15,18,12,24,20,7,1,44,9,48,39,2,23,13,22,41,43,36,5,42,50,34,25,48,14,37,3,19,6,47,10,17,28,30,16,29,8,35,31$2.0
491$11,38,27,33,46,26,9,45,40,4,32,15,18,12,24,20,7,1,44,9,48,39,2,23,13,22,41,43,36,5,42,50,34,25,48,14,37,3,19,6,47,10,17,28,30,16,29,8,35,31$2.0
492$11,21,27,33,46,26,9,45,40,4,32,15,18,12,24,20,7,1,44,9,48,39,2,23,13,22,41,43,36,5,42,50,34,25,48,14,37,3,19,6,47,10,17,28,30,16,29,8,35,31$2.0
493$11,21,27,33,46,26,9,45,40,4,32,15,18,12,24,20,7,1,44,9,48,39,2,23,13,22,41,43,36,5,42,50,34,25,48,14,37,3,19,6,47,10,17,28,30,16,29,8,35,31$2.0
494$11,21,27,33,46,26,9,45,40,4,32,15,18,12,24,20,7,1,44,9,48,39,2,23,13,22,41,43,36,5,42,50,34,25,48,14,37,3,19,6,47,10,17,28,30,16,29,8,35,31$2.0
495$11,21,27,33,46,26,9,45,40,4,32,15,18,12,24,20,7,1,44,9,43,39,2,23,13,22,41,43,36,5,42,50,34,25,48,14,37,3,19,6,47,10,17,28,30,16,29,8,35,31$2.0
496$11,21,27,33,46,26,9,45,40,4,32,15,18,12,24,20,7,1,44,9,48,39,2,23,13,22,41,43,36,5,42,50,34,25,48,14,37,3,19,6,38,10,17,28,30,16,29,8,35,31$2.0
497$11,21,27,33,46,26,9,45,40,4,32,15,18,12,24,20,7,1,44,9,48,39,2,23,13,22,41,43,36,5,42,50,34,25,48,14,37,3,19,6,38,10,17,28,30,16,29,8,35,31$2.0
498$11,21,27,33,46,26,9,45,40,4,32,15,18,12,24,20,7,1,44,9,48,39,2,23,13,22,41,43,36,5,42,50,34,25,48,14,37,3,19,6,47,10,17,28,30,16,29,8,35,31$2.0
499$11,21,27,33,46,26,9,45,40,4,32,15,18,12,24,20,7,1,44,9,43,39,2,23,13,22,41,43,36,5,42,50,34,25,48,14,37,3,19,6,47,10,17,28,30,16,29,8,35,31$2.0
500$11,21,27,33,46,26,9,45,40,4,32,15,18,12,24,20,7,1,44,9,48,39,2,23,13,22,41,43,36,5,42,50,34,25,48,14,37,3,19,6,47,10,17,28,30,16,29,8,35,31$2.0
501$11,21,27,33,46,26,9,45,40,4,32,15,18,12,24,20,7,1,44,9,49,39,2,23,13,22,41,43,36,5,42,50,34,25,48,14,37,3,19,6,47,10,17,28,30,16,29,8,35,31$1.0
501$11,21,27,33,46,26,9,45,40,4,32,15,18,12,24,20,7,1,44,9,49,39,2,23,13,22,41,43,36,5,42,50,34,25,48,14,37,3,19,6,47,10,17,28,30,16,29,8,35,31$1.0
502$11,21,27,33,46,26,9,45,40,4,32,15,18,12,24,20,7,1,44,9,49,39,2,23,13,22,41,43,36,5,42,50,34,25,48,14,37,3,19,6,47,10,17,28,30,16,29,8,35,31$1.0
503$11,21,27,33,46,26,9,45,40,4,32,15,18,12,24,20,7,1,44,9,49,39,2,23,13,22,41,43,36,5,42,50,34,25,48,14,37,3,19,6,47,10,17,28,30,16,29,8,35,31$1.0
504$11,21,27,33,46,26,47,45,40,4,32,15,18,12,24,20,7,1,44,9,49,39,2,23,13,22,41,43,36,5,42,50,34,25,48,14,37,3,19,6,47,10,17,28,30,16,29,8,35,31$1.0
505$11,21,27,33,46,26,47,45,40,4,32,15,18,12,24,20,7,1,44,9,49,39,2,23,13,22,41,43,36,5,42,50,34,25,48,14,37,3,19,6,47,10,17,28,30,16,29,8,35,31$1.0
506$11,21,27,33,46,26,47,45,40,4,32,15,18,12,24,20,7,1,44,9,49,39,2,23,13,22,41,43,36,5,42,50,34,25,48,14,37,3,19,6,47,10,17,28,30,16,29,8,35,31$1.0
507$11,21,27,33,46,26,47,45,40,4,32,15,18,12,24,20,7,1,44,9,49,39,2,23,13,22,41,43,36,5,42,50,34,25,48,14,37,3,19,6,47,10,17,28,30,16,29,8,35,31$1.0
508$11,21,27,33,46,26,47,45,40,4,32,15,18,12,24,20,7,1,44,9,48,39,2,23,13,22,41,43,36,5,42,50,34,25,48,14,37,3,19,6,47,10,17,28,30,16,29,8,35,31$2.0
509$11,21,27,33,46,26,9,45,40,4,32,15,18,12,24,20,7,1,44,9,48,39,2,23,13,22,41,43,36,5,42,50,34,25,48,14,37,3,19,6,47,10,17,28,30,16,29,8,35,31$2.0
510$11,21,27,33,46,26,47,45,40,4,32,15,18,12,24,20,7,1,44,9,48,39,2,23,13,22,41,43,36,5,42,50,34,25,48,14,37,3,19,6,38,10,17,28,30,16,29,8,35,31$1.0
511$11,21,27,33,46,26,47,45,40,4,32,15,18,12,24,20,7,1,44,9,48,39,2,23,13,22,41,43,36,5,42,50,34,25,48,14,37,3,19,6,47,10,17,28,30,16,29,8,35,31$2.0
512$11,21,27,33,46,26,9,45,40,4,32,15,18,12,24,20,7,1,44,9,48,39,2,23,13,22,41,43,36,5,42,50,34,25,48,14,37,3,19,6,47,10,17,28,30,16,29,8,35,31$2.0
513$11,21,27,33,46,26,47,45,40,4,32,15,18,12,24,20,7,1,44,9,48,39,2,23,13,22,41,43,36,5,42,50,34,25,48,14,37,3,19,6,38,10,17,28,30,16,29,8,35,31$1.0
514$11,21,27,33,46,26,47,45,40,4,32,15,18,12,24,20,7,1,44,9,48,39,2,23,13,22,41,43,36,5,42,50,34,25,48,14,37,3,19,6,38,10,17,28,30,16,29,8,35,31$1.0
515$11,21,27,33,46,26,47,45,40,4,32,15,18,12,24,20,7,1,44,9,48,39,2,23,13,22,41,43,36,5,42,50,34,25,48,14,37,3,19,6,38,10,17,28,30,16,29,8,35,31$1.0
516$11,21,27,33,46,26,47,45,40,4,32,15,18,12,24,20,7,1,44,9,48,39,2,23,13,22,41,43,36,5,42,50,34,25,48,14,37,3,19,6,38,10,17,28,30,16,29,8,35,31$1.0
517$11,21,27,33,46,26,47,45,40,4,32,15,18,12,24,20,7,1,44,9,48,39,2,23,13,22,41,43,36,5,42,50,34,25,48,14,37,3,19,6,38,10,17,28,30,16,29,8,35,31$1.0
518$11,21,27,33,46,26,47,45,40,4,32,15,18,12,24,20,7,1,44,9,48,39,2,23,13,22,41,43,36,5,42,50,34,25,48,14,37,3,19,6,38,10,17,28,30,16,29,8,35,31$1.0
519$11,21,27,33,46,26,47,45,40,4,32,15,18,12,24,20,7,1,44,9,48,39,2,23,13,22,41,43,36,5,42,50,34,25,48,14,37,3,19,6,38,10,17,28,30,16,29,8,35,31$1.0
520$11,21,27,38,46,26,47,45,40,4,32,15,18,12,24,20,7,1,44,9,49,39,2,23,13,22,41,43,36,5,42,50,34,25,48,14,37,3,19,6,47,10,17,28,30,16,29,8,35,31$1.0
521$11,21,27,38,46,26,47,45,40,4,32,15,18,12,24,20,7,1,44,9,49,39,2,23,13,22,41,43,36,5,42,50,34,25,48,14,37,3,19,6,47,10,17,28,30,16,29,8,35,31$1.0
522$11,21,27,33,46,26,47,45,40,4,32,15,18,12,24,20,7,1,44,9,48,39,2,23,13,22,41,43,36,5,42,50,34,25,48,14,37,3,19,6,38,10,17,28,30,16,29,8,35,31$1.0
523$11,21,27,33,46,26,47,45,40,4,32,15,18,12,24,20,7,1,44,9,48,39,2,23,13,22,41,43,36,5,42,50,34,25,48,14,37,3,19,6,38,10,17,28,30,16,29,8,35,31$1.0
524$11,21,27,33,46,26,47,45,40,4,32,15,18,12,24,20,7,1,44,9,48,39,2,23,13,22,41,43,36,5,42,50,34,25,48,14,37,3,19,6,38,10,17,28,30,16,29,8,35,31$1.0
525$11,21,27,33,46,26,47,45,40,4,32,15,18,12,24,20,7,1,44,9,48,39,2,23,13,22,41,43,36,5,42,50,34,25,48,14,37,3,19,6,38,10,17,28,30,16,29,8,35,31$1.0
526$11,21,27,33,46,26,47,45,40,4,32,15,18,12,24,20,7,1,44,9,48,39,2,23,13,22,41,43,36,5,42,50,34,25,48,14,37,3,19,6,38,10,17,28,30,16,29,8,35,31$1.0
527$11,21,27,33,46,26,47,45,40,4,32,15,18,12,24,20,7,1,44,9,48,39,2,23,13,22,41,43,36,5,42,50,34,25,48,14,37,3,19,6,38,10,17,28,30,16,29,8,35,31$1.0
528$11,21,27,33,46,26,47,45,40,4,32,15,18,12,24,20,7,1,44,9,49,39,2,23,13,22,41,43,36,5,42,50,34,25,48,14,37,3,19,6,38,10,17,28,30,16,29,8,35,31$0.0
528$11,21,27,33,46,26,47,45,40,4,32,15,18,12,24,20,7,1,44,9,49,39,2,23,13,22,41,43,36,5,42,50,34,25,48,14,37,3,19,6,38,10,17,28,30,16,29,8,35,31$0.0
