16
0$14,3,8,1,13,15,5,2,1,7,14,8,13,16,11,6$14.0
0$16,5,11,3,15,4,9,8,12,8,8,4,16,3,6,3$30.0
0$2,12,14,11,4,10,2,13,16,1,7,3,2,8,5,14$16.0
0$14,3,8,1,13,15,5,2,1,7,14,8,13,16,11,6$14.0
1$10,5,14,9,7,4,13,16,6,1,3,8,15,4,15,9$9.0
1$10,5,14,9,7,4,13,16,6,1,3,8,15,4,15,9$9.0
2$5,1,2,4,14,4,13,16,6,13,3,8,15,4,15,9$11.0
3$2,7,14,6,8,4,11,8,12,16,10,3,1,10,1,13$11.0
4$9,12,14,11,4,10,2,13,16,1,3,8,15,7,15,6$9.0
5$3,1,2,14,11,15,5,2,6,13,3,8,15,4,15,9$11.0
6$7,7,3,16,14,13,5,16,4,1,3,11,15,4,2,9$6.0
6$3,5,2,14,10,15,5,2,4,1,3,8,10,12,15,9$7.0
6$7,7,3,16,14,13,5,16,4,1,3,11,15,4,2,9$6.0
7$9,5,2,14,16,13,2,16,6,1,3,10,15,4,15,9$8.0
8$14,5,2,14,10,15,3,16,4,1,3,8,15,4,12,9$10.0
9$2,2,10,15,14,4,13,16,6,1,3,8,15,4,2,9$9.0
10$2,11,2,14,9,4,13,16,6,13,3,7,15,4,15,1$8.0
11$2,11,2,14,9,4,13,16,6,13,3,7,15,4,15,1$8.0
12$14,6,10,15,11,5,5,16,6,1,3,8,15,4,2,9$7.0
13$14,6,10,15,11,4,16,16,6,1,3,8,15,4,2,10$7.0
14$4,7,10,15,11,4,2,16,6,1,3,8,15,13,15,9$6.0
15$4,7,10,15,11,4,5,16,6,1,3,8,15,4,2,9$6.0
16$4,7,10,15,11,4,2,16,6,1,3,8,15,13,15,9$6.0
17$13,4,10,15,11,5,5,16,6,1,11,8,14,4,2,9$5.0
17$13,4,10,15,11,5,5,16,6,1,11,8,14,4,2,9$5.0
18$4,7,10,15,11,5,1,16,6,1,3,8,15,4,2,9$5.0
19$14,6,10,15,11,4,2,16,13,1,3,8,14,4,2,9$5.0
20$14,6,10,15,11,5,2,16,12,1,3,8,14,4,2,9$4.0
20$14,6,10,15,11,5,2,16,12,1,3,8,14,4,2,9$4.0
21$1,7,5,14,11,13,5,16,6,1,3,8,14,4,2,9$5.0
22$11,7,10,15,11,4,1,16,6,1,3,8,14,4,2,9$3.0
22$11,7,10,15,11,4,1,16,6,1,3,8,14,4,2,9$3.0
23$11,7,10,15,11,4,1,16,6,1,3,8,14,4,2,9$3.0
24$11,7,10,15,11,4,1,16,6,1,3,8,14,4,2,9$3.0
25$11,7,10,15,11,4,1,16,6,1,3,8,14,4,2,9$3.0
26$11,7,10,15,11,4,1,16,6,1,3,8,14,4,2,9$3.0
27$11,7,10,15,11,4,1,16,6,1,3,8,14,4,2,9$3.0
28$11,7,10,15,11,4,1,16,6,1,3,8,14,4,2,9$3.0
29$11,7,10,15,11,4,1,16,6,1,3,8,14,4,2,9$3.0
30$11,7,10,15,11,15,1,16,6,1,3,8,14,4,2,9$3.0
31$11,7,10,15,11,4,1,16,6,1,3,8,14,4,2,9$3.0
32$11,5,10,15,11,4,1,16,6,1,3,8,14,4,2,9$3.0
33$11,7,10,15,11,4,1,16,12,1,3,8,14,14,2,9$3.0
34$11,5,10,15,11,4,1,16,6,1,3,8,14,14,2,9$3.0
35$11,7,10,15,11,4,1,16,12,1,3,8,14,14,2,9$3.0
36$11,7,10,15,11,4,1,16,6,12,3,8,8,4,2,9$3.0
37$11,7,10,15,11,4,1,16,6,13,3,8,14,14,2,9$2.0
37$11,7,10,15,11,4,1,16,6,13,3,8,14,14,2,9$2.0
38$5,7,10,15,11,4,1,16,6,1,3,8,16,14,2,9$2.0
39$5,7,10,15,11,4,1,16,6,1,3,8,16,14,2,9$2.0
40$11,7,10,15,11,4,1,16,6,13,3,8,14,14,2,9$2.0
41$5,7,10,15,11,4,1,16,6,1,3,8,14,14,2,9$2.0
42$5,7,10,15,11,4,1,16,6,1,3,8,13,4,2,9$2.0
43$5,7,10,15,11,4,1,16,6,1,3,8,14,4,2,9$2.0
44$5,7,10,15,11,4,1,16,6,13,3,8,14,4,2,9$1.0
44$5,7,10,15,11,4,1,16,6,13,3,8,14,4,2,9$1.0
45$5,7,10,15,11,4,1,16,6,13,3,8,14,4,2,9$1.0
46$5,7,10,15,11,4,1,16,6,13,3,8,14,4,2,9$1.0
47$5,7,10,15,11,4,1,16,6,13,3,8,14,4,2,9$1.0
48$5,7,10,15,11,4,1,16,6,13,3,8,14,4,2,9$1.0
49$5,7,10,15,11,4,1,16,6,13,3,8,14,4,2,9$1.0
50$5,7,10,15,11,4,1,16,6,13,3,8,14,4,2,9$1.0
51$5,7,10,15,11,4,1,16,6,13,3,8,14,4,2,9$1.0
52$5,7,10,15,11,4,1,16,6,13,3,8,14,4,2,9$1.0
53$5,7,10,15,11,4,1,16,6,13,3,8,14,4,2,9$1.0
54$5,7,10,15,11,4,1,16,6,13,3,8,14,4,2,9$1.0
55$5,7,10,15,11,4,1,16,6,13,3,8,14,4,2,9$1.0
56$5,7,10,15,11,4,1,16,6,13,3,8,14,4,2,9$1.0
57$5,7,10,15,11,4,1,16,6,13,3,8,14,4,2,9$1.0
58$5,7,10,15,11,4,1,16,6,13,3,8,14,4,2,9$1.0
59$5,7,10,15,11,1,1,16,6,13,3,8,14,4,2,9$1.0
60$5,7,10,15,11,4,1,16,6,13,3,8,14,4,2,9$1.0
61$5,7,10,15,11,4,1,16,6,13,3,8,14,4,2,9$1.0
62$5,7,10,15,11,6,1,16,6,13,3,8,14,4,2,9$1.0
63$5,7,10,15,11,4,1,16,6,13,3,8,14,4,2,9$1.0
64$5,7,10,15,11,4,1,16,6,13,3,8,14,4,2,9$1.0
65$5,7,10,15,11,4,1,16,6,13,3,8,14,4,2,9$1.0
66$5,7,10,15,11,4,1,16,6,13,3,8,14,4,2,9$1.0
67$5,7,10,15,11,4,1,16,6,13,3,8,14,4,2,9$1.0
68$5,7,10,15,11,4,1,16,6,13,3,8,14,4,2,9$1.0
69$5,7,10,15,11,6,1,16,6,13,3,8,14,4,2,9$1.0
70$5,7,10,15,11,4,1,16,6,13,3,8,14,4,2,9$1.0
71$5,7,10,15,11,4,1,16,6,13,3,8,14,4,2,9$1.0
72$5,7,10,15,11,4,1,16,6,13,3,8,14,4,2,9$1.0
73$5,7,10,15,11,16,1,16,6,13,3,8,14,4,2,9$1.0
74$5,7,10,15,11,4,1,16,6,13,3,8,14,4,2,9$1.0
75$5,7,10,15,11,4,1,16,6,13,3,8,14,16,2,9$1.0
76$5,7,10,15,11,15,1,16,6,13,3,8,14,12,2,9$1.0
77$5,7,10,15,11,4,1,16,6,13,3,8,14,4,2,9$1.0
78$5,7,10,15,11,15,1,16,6,13,3,8,14,12,2,9$1.0
79$5,7,10,15,11,4,1,16,6,13,3,8,14,4,2,9$1.0
80$5,7,10,15,11,4,1,16,6,13,3,8,14,16,2,9$1.0
81$5,7,10,15,11,4,1,16,6,13,3,8,14,16,2,9$1.0
82$5,7,10,15,11,4,1,16,6,13,3,8,14,4,2,9$1.0
83$5,7,10,15,11,1,1,16,6,13,3,8,14,4,2,9$1.0
84$5,7,10,15,11,4,1,16,6,13,3,8,14,4,2,9$1.0
85$5,7,10,15,11,1,1,16,6,13,3,8,14,4,2,9$1.0
86$5,7,10,15,11,1,1,16,6,13,3,8,14,4,2,9$1.0
87$5,7,10,15,11,4,1,16,6,13,3,8,14,4,2,9$1.0
88$5,7,10,15,11,4,1,16,6,13,3,8,14,4,2,9$1.0
89$5,7,10,15,11,4,1,16,6,13,3,8,14,4,2,9$1.0
90$5,7,10,15,11,1,1,16,6,13,3,8,14,4,2,9$1.0
91$5,7,10,15,11,1,1,16,6,13,3,8,14,4,2,9$1.0
92$5,7,10,15,11,1,1,16,6,13,3,8,14,4,2,9$1.0
93$5,7,10,15,11,1,1,16,6,13,3,8,14,4,2,9$1.0
94$5,7,10,15,11,4,1,16,6,13,3,8,14,4,2,9$1.0
95$5,7,10,15,11,1,1,16,6,13,3,8,14,4,2,9$1.0
96$3,7,10,15,11,5,1,16,6,13,3,8,14,4,2,9$1.0
97$5,7,10,15,11,1,1,16,6,12,3,8,14,4,2,9$1.0
98$5,7,10,15,11,1,1,16,6,13,3,8,14,4,2,9$1.0
99$5,7,10,15,11,1,1,16,6,13,3,8,14,12,2,9$1.0
100$5,7,10,15,11,1,1,16,6,13,3,8,14,4,2,9$1.0
101$5,7,10,15,11,6,1,16,6,13,3,8,14,4,2,9$1.0
102$5,7,10,15,11,1,1,16,6,13,3,8,14,4,2,9$1.0
103$5,7,10,15,11,5,1,16,6,13,3,8,14,12,2,9$1.0
104$5,7,10,15,11,1,1,16,6,13,3,8,14,4,2,9$1.0
105$5,7,10,15,11,1,1,16,6,13,3,8,14,4,2,9$1.0
106$5,7,10,15,11,6,1,16,6,13,3,8,14,4,2,9$1.0
107$5,7,10,15,11,6,1,16,6,13,3,8,14,4,2,9$1.0
108$5,7,10,15,11,6,1,16,6,13,3,8,14,4,2,9$1.0
109$5,7,10,15,11,1,1,16,6,13,3,8,14,4,2,9$1.0
110$5,7,10,15,11,1,1,16,6,13,3,8,14,4,2,9$1.0
111$5,7,10,15,11,1,1,16,6,13,3,8,14,4,2,9$1.0
112$5,7,10,15,11,1,1,16,6,13,3,8,14,4,2,9$1.0
113$5,7,10,15,11,6,1,16,6,13,3,8,14,4,2,9$1.0
114$5,7,10,15,11,6,1,16,6,13,3,8,14,12,2,9$1.0
115$5,7,10,15,11,1,1,16,6,13,3,8,14,4,2,9$1.0
116$5,7,10,15,11,6,1,16,6,13,3,8,14,4,2,9$1.0
117$5,7,10,15,11,6,1,16,6,13,3,8,14,4,2,9$1.0
118$5,7,10,15,11,6,1,16,6,13,3,8,14,4,2,9$1.0
119$5,7,10,15,11,1,1,16,6,13,3,8,14,4,2,9$1.0
120$5,7,10,15,11,6,1,16,6,13,3,8,14,4,2,9$1.0
121$5,7,10,15,11,1,1,16,6,13,3,8,14,4,2,9$1.0
122$5,7,10,15,11,1,1,16,6,13,3,8,14,4,2,9$1.0
123$5,7,10,15,11,1,1,16,6,13,3,8,14,4,2,9$1.0
124$5,7,10,15,11,16,1,16,6,13,3,8,14,4,2,9$1.0
125$5,7,10,15,11,6,1,16,6,12,3,8,14,4,2,9$1.0
126$5,7,10,15,11,16,1,16,6,13,3,8,14,4,2,9$1.0
127$5,7,10,15,11,6,1,16,6,13,3,8,14,4,2,9$1.0
128$5,7,10,15,11,16,1,16,6,13,3,8,14,4,2,9$1.0
129$5,7,10,15,11,6,1,16,6,13,3,8,14,4,2,9$1.0
130$5,7,10,15,11,6,1,16,6,13,3,8,14,4,2,9$1.0
131$5,7,10,15,11,6,1,16,6,13,3,8,14,4,2,9$1.0
132$5,7,10,15,11,6,1,16,6,12,3,8,14,4,2,9$1.0
133$5,7,10,15,11,6,1,16,6,12,3,8,14,4,2,9$1.0
134$5,7,10,15,11,6,1,16,6,12,3,8,14,4,2,9$1.0
135$5,7,10,15,11,6,1,16,6,13,3,8,14,4,2,9$1.0
136$5,7,10,15,11,6,1,16,6,13,3,8,14,4,2,9$1.0
137$5,7,10,15,11,6,1,16,6,13,3,8,14,4,2,9$1.0
138$5,7,10,15,11,6,1,16,6,12,3,8,14,4,2,9$1.0
139$5,7,10,15,11,6,1,16,6,12,3,8,14,4,2,9$1.0
140$5,7,10,15,11,6,1,16,6,12,3,8,14,4,2,9$1.0
141$5,7,10,15,11,6,1,16,6,13,3,8,14,4,2,9$1.0
142$5,7,10,15,11,1,1,16,6,13,3,8,14,4,2,9$1.0
143$5,7,10,15,11,6,1,16,6,13,3,8,14,4,2,9$1.0
144$5,7,10,15,11,6,1,16,6,13,3,8,14,4,2,9$1.0
145$5,7,10,15,11,1,1,16,6,13,3,8,14,4,2,9$1.0
146$5,7,10,15,11,6,1,16,6,13,3,8,14,4,2,9$1.0
147$5,7,10,15,11,16,1,16,6,13,3,8,14,4,2,9$1.0
148$5,7,10,15,11,16,1,16,6,13,3,8,14,4,2,9$1.0
149$5,7,10,3,11,15,1,16,6,13,3,8,14,4,2,9$1.0
150$5,7,10,15,11,6,1,16,6,13,3,8,14,4,2,9$1.0
151$5,7,10,15,11,1,1,16,6,13,3,8,14,4,2,9$1.0
152$5,7,10,15,11,6,1,16,6,13,3,8,14,4,2,9$1.0
153$5,7,10,15,11,1,1,16,6,13,3,8,14,4,2,9$1.0
154$5,7,10,15,11,6,1,16,6,13,3,8,14,4,2,9$1.0
155$5,7,10,15,11,16,1,16,6,13,3,8,14,4,2,9$1.0
156$5,7,10,15,11,6,1,16,6,13,3,8,14,4,2,9$1.0
157$5,7,10,15,11,15,1,16,6,13,3,8,14,4,2,9$1.0
158$5,7,10,15,11,6,1,16,6,13,3,8,14,4,2,9$1.0
159$5,7,10,15,11,1,1,16,6,13,3,8,14,4,2,9$1.0
160$5,7,10,15,11,6,1,16,6,13,3,8,14,4,2,9$1.0
161$5,7,10,15,11,1,1,16,6,13,3,8,14,4,2,9$1.0
162$5,7,10,15,11,1,1,16,6,13,3,8,14,4,2,9$1.0
163$5,7,10,15,11,6,1,16,6,13,3,8,14,4,2,9$1.0
164$5,7,10,15,11,16,1,16,6,13,3,8,14,4,2,9$1.0
165$5,7,10,15,11,16,1,16,6,13,3,8,14,4,2,9$1.0
166$5,7,10,15,11,1,1,16,6,13,3,8,14,4,2,9$1.0
167$5,7,10,15,11,16,1,16,6,13,3,8,14,4,2,9$1.0
168$5,7,10,15,11,6,1,16,6,13,3,8,14,12,2,9$1.0
169$5,7,10,15,11,1,5,16,6,13,3,8,14,4,2,9$1.0
170$5,7,10,15,11,16,1,16,6,13,3,8,14,4,2,9$1.0
171$5,7,10,15,11,1,1,16,6,13,3,8,14,4,2,9$1.0
172$5,7,10,15,11,16,1,16,6,13,3,8,14,4,2,9$1.0
173$3,7,10,15,11,1,5,16,6,13,3,8,14,4,2,9$1.0
174$5,7,10,15,11,1,1,16,6,13,3,8,14,4,2,9$1.0
175$5,7,10,15,11,1,1,16,6,13,3,8,14,4,2,9$1.0
176$5,7,10,15,11,16,1,16,6,13,3,8,14,4,2,9$1.0
177$5,7,10,15,11,16,1,16,6,13,3,8,14,4,2,9$1.0
178$5,7,10,15,11,1,1,16,6,13,3,8,14,4,2,9$1.0
179$5,7,10,15,11,1,5,16,6,13,3,8,14,4,2,9$1.0
180$5,7,10,15,11,16,1,16,6,13,3,8,14,4,2,9$1.0
181$5,7,10,15,11,16,1,16,6,13,3,8,14,4,2,9$1.0
182$5,7,10,15,11,16,1,16,6,13,3,8,14,4,2,9$1.0
183$5,7,10,15,11,16,1,16,6,13,3,8,14,4,2,9$1.0
184$5,7,10,15,11,16,1,16,6,13,3,8,14,4,2,9$1.0
185$5,7,10,15,11,16,1,16,6,13,3,8,14,12,2,9$1.0
186$3,7,10,15,11,1,5,16,6,13,3,8,14,4,2,9$1.0
187$5,7,10,15,11,16,1,16,6,13,3,8,14,4,2,9$1.0
188$5,7,10,15,11,16,1,16,6,13,3,8,14,4,2,9$1.0
189$5,7,10,15,11,16,1,16,6,13,3,8,14,4,2,9$1.0
190$5,7,10,15,11,16,1,16,6,13,3,8,14,4,2,9$1.0
191$5,7,10,15,11,16,1,16,6,13,3,8,14,4,2,9$1.0
192$5,7,10,15,11,16,1,16,6,13,3,8,14,4,2,9$1.0
193$5,7,10,15,11,16,1,16,6,13,3,8,14,4,2,9$1.0
194$5,7,10,15,11,16,1,3,6,13,3,8,14,4,2,9$1.0
195$5,7,10,15,11,16,1,16,6,13,3,8,14,4,2,9$1.0
196$5,7,10,15,11,16,1,16,6,13,3,8,14,4,2,9$1.0
197$5,7,10,15,11,16,1,3,6,13,3,8,14,4,2,9$1.0
198$5,7,10,15,11,16,1,16,6,13,3,8,14,4,2,9$1.0
199$5,7,10,15,11,16,1,3,6,13,3,8,14,4,2,9$1.0
200$5,7,10,15,11,16,1,16,6,13,3,8,14,4,2,9$1.0
201$5,7,10,15,11,16,1,3,6,13,3,8,14,4,2,9$1.0
202$5,7,10,15,11,16,1,16,6,13,3,8,14,4,2,9$1.0
203$5,7,10,15,11,16,1,16,6,13,3,8,14,4,2,9$1.0
204$5,7,10,15,11,1,1,16,6,13,3,8,14,4,2,9$1.0
205$5,7,10,15,11,16,1,16,6,13,3,8,14,4,2,9$1.0
206$5,7,10,15,11,1,1,16,6,13,3,8,14,4,2,9$1.0
207$5,7,10,15,11,16,1,16,6,13,3,8,14,4,2,9$1.0
208$5,7,10,15,11,16,1,16,6,13,3,8,14,4,2,9$1.0
209$5,7,10,15,11,16,1,16,6,13,3,8,14,4,2,9$1.0
210$5,7,10,15,11,16,1,16,6,13,3,8,14,4,2,9$1.0
211$5,7,10,15,11,16,1,16,6,13,3,8,14,4,2,9$1.0
212$5,7,10,15,11,16,1,16,6,13,3,8,14,4,2,9$1.0
213$5,7,10,15,11,1,1,16,6,13,3,8,14,4,2,9$1.0
214$5,7,10,15,11,1,1,16,6,13,3,8,14,12,2,9$1.0
215$5,7,10,15,11,1,1,16,6,13,3,8,14,4,2,9$1.0
216$5,7,10,15,11,16,1,16,6,13,3,8,14,4,2,9$1.0
217$5,7,10,15,11,15,1,16,6,13,3,8,14,4,2,9$1.0
218$5,7,10,15,11,16,1,16,6,13,3,8,14,12,2,9$1.0
219$5,7,10,15,11,1,1,16,6,13,3,8,14,4,2,9$1.0
220$5,7,10,15,11,16,1,16,6,13,3,8,14,12,2,9$1.0
221$5,7,10,15,11,16,1,16,6,13,3,8,14,4,2,9$1.0
222$5,7,10,15,11,16,1,16,6,13,3,8,14,4,2,9$1.0
223$5,7,10,15,11,16,1,16,6,13,3,8,14,12,2,9$1.0
224$5,7,10,15,11,16,1,16,6,13,3,8,14,4,2,9$1.0
225$5,7,10,15,11,16,1,16,6,13,3,8,14,12,2,9$1.0
226$5,7,10,15,11,16,1,3,6,13,3,8,14,4,2,9$1.0
227$5,7,10,15,11,16,1,16,6,13,3,8,14,4,2,9$1.0
228$5,7,10,15,11,16,1,16,6,13,3,8,14,4,2,9$1.0
229$5,7,10,15,11,16,1,16,6,13,3,8,14,12,2,9$1.0
230$5,7,10,15,11,16,1,3,6,13,3,8,14,12,2,9$1.0
231$5,7,10,15,11,16,1,16,6,13,3,8,14,4,2,9$1.0
232$5,7,10,15,11,16,1,3,6,13,3,8,14,12,2,9$1.0
233$5,7,10,15,11,16,1,16,6,13,3,8,14,4,2,9$1.0
234$5,7,10,15,11,16,1,16,6,13,3,8,14,4,2,9$1.0
235$5,7,10,15,11,16,1,16,6,13,3,8,14,4,2,9$1.0
236$5,7,10,15,11,16,1,16,6,13,3,8,14,4,2,9$1.0
237$5,7,10,15,11,16,1,16,6,13,3,8,14,4,2,9$1.0
238$5,7,10,15,11,16,1,16,6,13,3,8,14,4,2,9$1.0
239$5,7,10,15,11,16,1,3,6,13,3,8,14,4,2,9$1.0
240$5,7,10,15,11,16,1,3,6,13,3,8,14,4,2,9$1.0
241$5,7,10,15,11,16,1,3,6,13,3,8,14,4,2,9$1.0
242$5,7,10,15,11,4,1,16,6,13,3,8,14,4,2,9$1.0
243$5,7,10,15,11,16,1,16,6,13,3,8,14,4,2,9$1.0
244$5,7,10,15,11,16,1,3,6,13,3,8,14,4,2,9$1.0
245$5,7,10,15,11,4,1,16,6,13,3,8,14,4,2,9$1.0
246$5,7,10,15,11,16,1,16,6,13,3,8,14,4,2,9$1.0
247$5,7,10,15,11,16,1,3,6,13,10,8,14,4,2,9$1.0
248$5,7,10,15,11,16,1,3,6,13,3,8,14,4,2,9$1.0
249$5,7,10,15,11,16,1,16,6,13,3,8,14,4,2,9$1.0
250$5,7,10,15,11,4,1,16,6,13,3,8,14,4,2,9$1.0
251$5,7,10,15,11,4,1,16,6,13,3,8,14,4,2,9$1.0
252$5,7,10,15,11,4,1,16,6,13,3,8,14,4,2,9$1.0
253$5,7,10,15,11,4,1,16,6,13,3,8,14,4,2,9$1.0
254$5,7,10,15,11,4,1,16,6,13,3,8,14,4,2,9$1.0
255$5,7,10,15,11,4,1,16,6,13,3,8,14,4,2,9$1.0
256$5,7,10,15,11,4,1,16,6,13,3,8,14,4,2,9$1.0
257$11,7,10,15,11,5,1,16,6,13,3,8,14,4,2,9$1.0
258$5,7,10,15,11,4,1,16,6,13,3,8,14,4,2,9$1.0
259$11,7,10,15,11,5,1,16,6,13,3,8,14,4,2,9$1.0
260$5,7,10,15,11,5,1,16,6,13,3,8,14,4,2,9$1.0
261$5,7,10,15,11,4,1,16,6,13,3,8,14,4,2,9$1.0
262$11,7,10,15,11,5,1,16,6,13,3,8,14,4,2,9$1.0
263$1,7,10,15,11,5,1,16,6,13,3,8,14,4,2,9$1.0
264$5,7,10,15,11,5,1,16,6,13,3,8,14,4,2,9$1.0
265$5,7,10,15,11,5,1,16,6,13,3,8,14,4,2,9$1.0
266$5,7,10,15,11,16,1,16,6,13,3,8,14,4,2,9$1.0
267$11,7,10,15,11,5,1,16,6,13,3,8,14,4,2,9$1.0
268$5,7,10,15,11,5,1,16,6,13,3,8,14,4,2,9$1.0
269$5,7,10,15,11,6,1,16,6,13,3,8,14,4,2,9$1.0
270$5,7,10,15,11,5,1,16,6,13,3,8,14,4,2,9$1.0
271$5,7,10,15,11,6,1,16,6,13,3,8,14,4,2,9$1.0
272$11,7,10,15,11,5,1,16,6,13,3,8,14,4,2,9$1.0
273$5,7,10,15,11,5,1,16,6,13,3,8,14,4,2,9$1.0
274$11,7,10,15,11,5,1,16,6,13,3,8,14,4,2,9$1.0
275$11,7,10,15,11,5,1,16,6,13,3,8,14,4,2,9$1.0
276$11,7,10,15,11,5,1,16,6,13,3,8,14,4,2,9$1.0
277$11,7,10,15,11,5,1,16,6,13,3,8,14,4,2,9$1.0
278$11,7,10,15,11,5,1,16,6,13,3,8,14,4,2,9$1.0
279$11,7,10,15,11,5,1,16,6,13,3,8,14,4,2,9$1.0
280$11,7,10,15,11,5,1,16,6,13,3,8,14,4,2,9$1.0
281$3,7,10,15,11,5,1,16,6,13,3,8,14,4,2,9$1.0
282$5,7,10,15,11,5,1,16,6,12,3,8,14,4,2,9$1.0
283$5,7,10,15,11,1,1,16,6,12,3,8,14,4,2,9$1.0
284$5,7,10,15,11,5,1,16,6,12,3,8,14,4,2,9$1.0
285$5,7,10,15,11,5,1,16,6,12,3,8,14,4,2,9$1.0
286$4,7,10,15,11,5,1,16,6,12,3,8,14,4,2,9$1.0
287$5,7,10,15,11,5,1,16,6,13,3,8,14,4,2,9$1.0
288$4,7,10,15,11,5,1,16,6,12,3,8,14,4,2,9$1.0
289$5,7,10,15,11,1,1,16,6,13,3,8,14,4,2,9$1.0
290$5,7,10,15,11,5,1,16,6,13,3,8,14,4,2,9$1.0
291$5,7,10,15,11,5,1,16,6,12,3,8,14,4,2,9$1.0
292$5,7,10,15,11,5,1,16,6,13,3,8,14,4,2,9$1.0
293$5,7,10,15,11,5,1,16,6,13,3,8,14,4,2,9$1.0
294$5,7,10,15,11,5,1,16,6,13,3,8,14,4,2,9$1.0
295$5,7,10,15,11,5,1,16,6,13,3,8,14,4,2,9$1.0
296$5,7,10,15,11,5,1,16,6,12,3,8,14,4,2,9$1.0
297$3,7,10,15,11,5,1,16,6,13,3,8,14,4,2,9$1.0
298$5,7,10,15,11,5,1,16,6,13,3,8,14,4,2,9$1.0
299$5,7,10,15,11,5,1,16,6,13,3,8,14,4,2,9$1.0
300$5,7,10,15,11,1,1,16,6,13,3,8,14,4,2,9$1.0
301$5,7,10,15,11,5,1,16,6,13,3,8,14,4,2,9$1.0
302$5,7,10,15,11,5,1,16,6,13,3,8,14,4,2,9$1.0
303$5,7,10,15,11,15,1,16,6,13,3,8,14,4,2,9$1.0
304$11,7,10,15,11,5,1,16,6,13,3,8,14,4,2,9$1.0
305$5,7,10,15,11,5,1,16,6,13,3,8,14,4,2,9$1.0
306$5,7,10,15,11,5,1,16,6,13,3,8,14,4,2,9$1.0
307$11,7,10,15,11,5,1,16,6,13,3,8,14,4,2,9$1.0
308$5,7,10,15,11,5,1,16,6,13,3,8,14,4,2,9$1.0
309$5,7,10,15,11,5,1,16,6,12,3,8,14,4,2,9$1.0
310$5,7,10,15,11,5,1,16,6,12,3,8,14,4,2,9$1.0
311$5,7,10,15,11,5,1,16,6,12,3,8,14,4,2,9$1.0
312$5,7,10,15,11,5,1,16,6,12,3,8,14,4,2,9$1.0
313$5,7,10,15,11,5,1,16,6,12,3,8,14,4,2,9$1.0
314$5,7,10,15,11,5,1,16,6,12,3,8,14,4,2,9$1.0
315$5,7,10,15,11,5,1,16,6,13,3,8,14,4,2,9$1.0
316$5,7,10,15,11,5,1,16,6,12,3,8,14,4,2,9$1.0
317$5,7,10,15,11,5,1,16,6,12,3,8,14,4,2,9$1.0
318$11,7,10,15,11,5,1,16,6,12,3,8,14,4,2,9$1.0
319$5,7,10,15,11,5,1,16,6,13,3,8,14,4,2,9$1.0
320$5,7,10,15,11,5,1,16,6,13,3,8,14,4,2,9$1.0
321$5,7,10,15,11,5,1,16,6,12,3,8,14,4,2,9$1.0
322$11,7,10,15,11,5,1,16,6,12,3,8,14,4,2,9$1.0
323$5,7,10,15,11,5,1,16,6,13,3,8,14,4,2,9$1.0
324$11,7,10,15,11,5,1,16,6,12,3,8,14,4,2,9$1.0
325$5,7,10,15,11,5,1,16,6,13,3,8,14,4,2,9$1.0
326$5,7,10,15,11,5,1,16,6,13,3,8,14,4,2,9$1.0
327$5,7,10,15,11,5,1,16,6,12,3,8,14,4,2,9$1.0
328$5,7,10,15,11,6,1,16,6,12,3,8,14,4,2,9$1.0
329$5,7,10,15,11,5,1,16,6,12,3,8,14,4,2,9$1.0
330$5,7,10,15,11,4,1,16,6,12,3,8,14,4,2,9$1.0
331$5,7,10,15,11,4,1,16,6,12,3,8,14,4,2,9$1.0
332$5,7,10,15,11,5,1,16,6,12,3,8,14,4,2,9$1.0
333$5,7,10,15,11,4,1,16,6,12,3,8,14,4,2,9$1.0
334$5,7,10,15,11,5,1,16,6,12,3,8,14,4,2,9$1.0
335$5,7,10,15,11,6,1,16,6,12,3,8,14,4,2,9$1.0
336$5,7,10,15,11,4,1,16,6,12,3,8,14,4,2,9$1.0
337$5,7,10,15,11,5,1,16,6,12,3,8,14,4,2,9$1.0
338$5,7,10,15,11,4,1,16,6,12,3,8,14,4,2,9$1.0
339$5,7,10,15,11,5,1,16,6,13,3,8,14,4,2,9$1.0
340$5,7,10,15,11,5,1,16,6,12,3,8,14,4,2,9$1.0
341$5,7,10,15,11,5,1,16,6,12,3,8,14,4,2,9$1.0
342$5,7,10,15,11,5,1,16,6,12,3,8,14,4,2,9$1.0
343$5,7,10,15,11,5,1,16,6,13,3,8,14,4,2,9$1.0
344$5,7,10,15,11,5,1,16,6,12,3,8,14,4,2,9$1.0
345$5,7,10,15,11,4,1,16,6,13,3,8,14,4,2,9$1.0
346$5,7,10,15,11,5,1,16,6,13,3,8,14,4,2,9$1.0
347$5,7,10,15,11,6,1,16,6,12,3,8,14,4,2,9$1.0
348$5,7,10,15,11,4,1,16,6,13,3,8,14,4,2,9$1.0
349$5,7,10,15,11,6,1,16,6,12,3,8,14,4,2,9$1.0
350$5,7,10,15,11,6,1,16,6,13,3,8,14,4,2,9$1.0
351$5,7,10,15,11,5,1,16,6,13,3,8,14,4,2,9$1.0
352$5,7,10,15,11,6,1,16,6,13,3,8,14,4,2,9$1.0
353$5,7,10,15,11,16,1,16,6,13,3,8,14,4,2,9$1.0
354$5,7,10,15,11,4,1,16,6,12,3,8,14,4,2,9$1.0
355$5,7,10,15,11,5,1,16,6,12,3,8,14,4,2,9$1.0
356$5,7,10,15,11,4,1,16,6,13,3,8,14,4,2,9$1.0
357$5,7,10,15,11,4,1,16,6,12,3,8,14,4,2,9$1.0
358$5,7,10,15,11,4,1,16,6,13,3,8,14,4,2,9$1.0
359$5,7,10,15,11,6,1,16,6,12,3,8,14,4,2,9$1.0
360$5,7,10,15,11,5,1,16,6,13,3,8,14,4,2,9$1.0
361$5,7,10,15,11,5,1,16,6,12,3,8,14,4,2,9$1.0
362$5,7,10,15,11,6,1,16,6,12,3,8,14,4,2,9$1.0
363$5,7,10,15,11,5,1,16,6,12,3,8,14,4,2,9$1.0
364$5,7,10,15,11,5,1,16,6,12,3,8,14,4,2,9$1.0
365$5,7,10,15,11,6,1,16,6,12,3,8,14,4,2,9$1.0
366$5,7,10,15,11,5,1,16,6,13,3,8,14,4,2,9$1.0
367$5,7,10,15,11,5,1,16,6,12,3,8,13,4,2,9$1.0
368$5,7,10,15,11,5,1,16,6,12,3,8,14,4,2,9$1.0
369$5,7,10,15,11,6,1,16,6,12,3,8,14,4,2,9$1.0
370$5,7,10,15,11,6,1,16,6,13,3,8,14,4,2,9$1.0
371$5,7,10,15,11,6,1,16,6,12,3,8,14,4,2,9$1.0
372$5,7,10,15,11,1,1,16,6,13,3,8,14,4,2,9$1.0
373$5,7,10,15,11,6,1,16,6,12,3,8,14,4,2,9$1.0
374$5,7,10,15,11,5,1,16,6,12,3,8,14,4,2,9$1.0
375$5,7,10,15,11,5,1,16,6,13,3,8,14,4,2,9$1.0
376$5,7,10,15,11,6,1,16,6,12,3,8,14,4,2,9$1.0
377$5,7,10,15,11,5,1,16,6,12,3,8,14,4,2,9$1.0
378$5,7,10,15,11,6,1,16,6,12,3,8,14,4,2,9$1.0
379$5,7,10,15,11,5,1,16,6,13,3,8,14,4,2,9$1.0
380$5,7,10,15,11,1,1,16,6,12,3,8,14,4,13,9$1.0
381$5,7,10,15,11,5,1,16,6,12,3,8,14,4,2,9$1.0
382$5,7,10,15,11,5,1,16,6,12,3,8,14,4,2,9$1.0
383$5,7,10,15,11,5,1,16,6,12,3,8,14,4,2,9$1.0
384$5,7,10,15,11,5,1,16,6,12,3,8,14,4,2,9$1.0
385$5,7,10,15,11,5,1,16,6,12,3,8,14,4,2,9$1.0
386$5,7,10,15,11,6,1,16,6,12,3,8,14,4,2,9$1.0
387$5,7,10,15,11,5,1,16,6,12,3,8,14,4,2,9$1.0
388$4,7,10,15,11,5,1,16,6,12,3,8,14,4,2,9$1.0
389$11,7,10,15,11,5,1,16,6,12,3,8,14,4,2,9$1.0
390$5,7,10,15,11,5,1,16,6,12,3,8,14,4,2,9$1.0
391$5,7,10,15,11,5,1,16,6,12,3,8,14,4,2,9$1.0
392$5,7,10,15,11,5,1,16,6,12,3,8,14,4,2,9$1.0
393$5,7,10,15,11,1,1,16,6,12,3,8,14,4,2,9$1.0
394$5,7,10,15,11,5,1,16,6,12,3,8,14,4,2,9$1.0
395$5,7,10,15,11,5,1,16,6,12,3,8,13,4,2,9$1.0
396$5,7,10,15,11,5,1,16,6,12,3,8,14,4,2,9$1.0
397$4,7,10,15,11,5,1,16,6,12,3,8,14,4,2,9$1.0
398$5,7,10,15,11,5,1,16,6,12,3,8,14,4,2,9$1.0
399$4,7,10,15,11,5,1,16,6,12,3,8,14,4,2,9$1.0
400$4,7,10,15,11,5,1,16,6,12,3,8,14,4,2,9$1.0
401$4,7,10,15,11,5,1,16,6,12,3,8,14,4,2,9$1.0
402$5,7,10,15,11,5,1,16,6,12,3,8,14,4,2,9$1.0
403$4,7,10,15,11,5,1,16,6,12,3,8,14,12,2,9$1.0
404$5,7,10,15,11,5,1,16,6,12,3,8,14,4,2,9$1.0
405$5,7,10,15,11,1,1,16,6,12,3,8,14,4,2,9$1.0
406$5,7,10,15,11,5,1,16,6,12,3,8,14,4,2,9$1.0
407$5,7,10,15,11,5,1,16,6,12,3,8,14,4,2,9$1.0
408$5,7,10,15,11,5,1,16,6,12,3,8,14,4,2,9$1.0
409$5,7,10,15,11,5,1,16,6,12,3,8,14,4,2,9$1.0
410$5,7,10,15,11,5,1,16,6,12,3,8,14,4,2,9$1.0
411$5,7,10,15,11,1,1,16,6,12,3,8,14,4,2,9$1.0
412$5,7,10,15,11,5,1,16,6,12,3,8,14,4,2,9$1.0
413$5,7,10,15,11,5,1,16,6,12,3,8,14,4,2,9$1.0
414$4,7,10,15,11,5,1,16,6,12,3,8,14,4,2,9$1.0
415$5,7,10,15,11,5,1,16,6,12,3,8,14,4,2,9$1.0
416$5,7,10,15,11,5,1,16,6,12,3,8,14,4,2,9$1.0
417$5,7,10,15,11,5,1,16,6,12,3,8,14,4,2,9$1.0
418$5,7,10,15,11,5,1,16,6,12,3,8,14,4,2,9$1.0
419$4,7,10,15,11,5,1,16,6,12,3,8,14,4,2,9$1.0
420$5,7,10,15,11,5,1,16,6,12,3,8,14,4,2,9$1.0
421$1,7,10,15,11,5,1,16,6,12,3,8,14,4,2,9$1.0
422$4,7,10,15,11,5,1,16,6,12,3,8,14,4,2,9$1.0
423$5,7,10,15,11,5,1,16,6,12,3,8,14,4,2,9$1.0
424$4,7,10,15,11,5,1,16,6,12,3,8,14,4,2,9$1.0
425$5,7,10,15,11,5,1,16,6,12,3,8,14,4,2,9$1.0
426$5,7,10,15,11,1,1,16,6,12,3,8,14,4,2,9$1.0
427$5,7,10,15,11,5,1,16,6,12,3,8,14,4,2,9$1.0
428$5,7,10,15,11,5,1,16,6,12,3,8,14,4,2,9$1.0
429$4,7,10,15,11,5,1,16,6,12,3,8,14,9,2,9$1.0
430$5,7,10,15,11,15,1,16,6,12,3,8,14,4,2,9$1.0
431$5,7,10,15,11,5,1,16,6,12,3,8,14,4,2,9$1.0
432$5,7,10,15,11,15,1,16,6,12,3,8,14,4,2,9$1.0
433$1,7,10,15,11,5,1,16,6,12,3,8,14,4,2,9$1.0
434$5,7,10,15,11,5,1,16,6,12,3,8,14,4,2,9$1.0
435$5,7,10,15,11,5,1,16,6,12,3,8,14,4,2,9$1.0
436$5,7,10,15,11,6,1,16,6,12,3,8,14,4,2,9$1.0
437$11,7,10,15,11,5,1,16,6,12,3,8,14,4,2,9$1.0
438$11,7,10,15,11,5,1,16,6,12,3,8,14,4,2,9$1.0
439$4,7,10,15,11,5,1,16,6,12,3,8,14,4,2,9$1.0
440$11,7,10,15,11,5,1,16,6,12,3,8,14,4,2,9$1.0
441$4,7,10,15,11,5,1,16,6,12,3,8,14,4,2,9$1.0
442$11,7,10,15,11,5,1,16,6,12,3,8,14,4,2,9$1.0
443$5,7,10,15,11,5,1,16,6,12,3,8,14,4,2,9$1.0
444$5,7,10,15,11,5,1,16,6,12,3,8,14,4,2,9$1.0
445$4,7,10,15,11,5,1,16,6,12,3,8,14,4,2,9$1.0
446$5,7,10,15,11,6,1,16,6,12,3,8,14,4,2,9$1.0
447$5,7,10,15,11,5,1,16,6,12,3,8,13,4,2,9$1.0
448$4,7,10,15,11,5,1,16,6,12,3,8,14,4,2,9$1.0
449$4,7,10,15,11,5,1,16,6,12,3,8,14,4,2,9$1.0
450$4,7,10,15,11,5,1,16,6,12,3,8,14,4,2,9$1.0
451$5,7,10,15,11,5,1,16,6,12,3,8,14,4,2,9$1.0
452$5,7,10,15,11,5,1,16,6,12,3,8,14,4,2,9$1.0
453$4,7,10,15,11,5,1,16,6,12,3,8,14,4,2,9$1.0
454$5,7,10,15,11,5,1,16,6,12,3,8,14,4,2,9$1.0
455$5,7,10,15,11,5,1,16,6,12,3,8,14,4,2,9$1.0
456$5,7,10,15,11,6,1,16,6,12,3,8,14,4,2,9$1.0
457$4,7,10,15,11,5,1,16,6,12,3,8,14,4,2,9$1.0
458$4,7,10,15,11,5,1,16,6,12,3,8,14,4,2,9$1.0
459$4,7,10,15,11,5,1,16,6,12,3,8,14,4,2,9$1.0
460$4,7,10,15,11,5,1,16,6,12,3,8,14,4,2,9$1.0
461$4,7,10,15,11,5,1,16,6,12,3,8,14,4,2,9$1.0
462$4,7,10,15,11,5,1,16,6,12,3,8,14,4,2,9$1.0
463$4,7,10,15,11,5,1,16,6,12,3,8,14,4,2,9$1.0
464$4,7,10,15,11,5,1,16,6,12,3,8,14,4,2,9$1.0
465$4,7,10,15,11,5,1,16,6,12,3,8,14,4,2,9$1.0
466$11,7,10,15,11,5,1,16,6,12,3,8,14,4,2,9$1.0
467$11,7,10,15,11,5,1,16,6,12,3,8,14,4,2,9$1.0
468$4,7,10,15,11,5,1,16,6,12,3,8,14,4,2,9$1.0
469$4,7,10,15,11,5,1,16,6,12,3,8,14,4,2,9$1.0
470$4,7,10,15,11,5,1,16,6,12,3,8,14,4,2,9$1.0
471$4,7,10,15,11,5,1,16,6,12,3,8,14,4,2,9$1.0
472$4,7,10,15,11,5,1,16,6,12,3,8,14,4,2,9$1.0
473$5,7,10,15,11,1,1,16,6,12,3,8,14,4,2,9$1.0
474$5,7,10,15,11,5,1,16,6,12,3,8,14,4,2,9$1.0
475$4,7,10,15,11,5,1,16,6,12,3,8,14,4,2,9$1.0
476$4,7,10,15,11,5,1,16,6,12,3,8,14,4,2,9$1.0
477$4,7,10,15,11,5,1,16,6,12,3,8,14,4,2,9$1.0
478$4,7,10,15,11,5,1,16,6,12,3,8,14,4,2,9$1.0
479$4,7,10,15,11,5,1,16,6,12,3,8,14,4,2,9$1.0
480$5,7,10,15,11,5,1,16,6,12,3,8,14,4,2,9$1.0
481$1,7,10,15,11,5,1,16,6,12,3,8,14,4,2,9$1.0
482$11,7,10,15,11,5,1,16,6,12,3,8,14,4,2,9$1.0
483$4,7,10,15,11,5,1,16,6,12,3,8,14,4,2,9$1.0
484$5,7,10,15,11,5,1,16,6,12,3,8,14,4,2,9$1.0
485$4,7,10,15,11,5,1,16,6,12,3,8,14,4,2,9$1.0
486$4,7,10,15,11,5,1,16,6,12,3,8,14,4,2,9$1.0
487$5,7,10,15,11,5,1,16,6,12,3,8,14,4,2,9$1.0
488$1,7,10,15,11,5,1,16,6,12,3,8,14,4,2,9$1.0
489$5,7,10,15,11,5,1,16,6,12,3,8,14,4,2,9$1.0
490$5,7,10,15,11,5,1,16,6,12,3,8,14,4,2,9$1.0
491$4,7,10,15,11,5,1,16,6,12,3,8,14,4,2,9$1.0
492$5,7,10,15,11,5,1,16,6,12,3,8,14,4,2,9$1.0
493$5,7,10,15,11,5,1,16,6,12,3,8,14,4,2,9$1.0
494$5,7,10,15,11,5,1,16,6,12,3,8,14,4,2,9$1.0
495$1,7,10,15,11,5,1,16,6,12,3,8,14,4,2,9$1.0
496$5,7,10,15,11,5,1,16,6,12,3,8,14,4,2,9$1.0
497$5,7,10,15,11,5,1,16,6,12,3,8,14,4,2,9$1.0
498$5,7,10,15,11,5,1,16,6,12,3,8,14,4,2,9$1.0
499$4,7,10,15,11,5,1,16,6,12,3,8,14,4,2,9$1.0
500$1,7,10,15,11,5,1,16,6,12,3,8,14,4,2,9$1.0
501$5,7,10,15,11,5,1,16,6,12,3,8,14,4,2,9$1.0
502$4,7,10,15,11,5,1,16,6,12,3,8,14,4,2,9$1.0
503$5,7,10,15,11,5,1,16,6,12,3,8,14,4,2,9$1.0
504$5,7,10,15,11,5,1,16,6,12,3,8,14,4,2,9$1.0
505$4,7,10,15,11,5,1,16,6,12,3,8,14,9,2,9$1.0
506$4,7,10,15,11,5,1,16,6,12,3,8,14,4,2,9$1.0
507$5,7,10,15,11,5,1,16,6,12,3,8,14,4,2,9$1.0
508$11,7,10,15,11,5,1,16,6,12,3,8,14,4,2,9$1.0
509$5,7,10,15,11,5,1,16,6,12,3,8,14,4,2,9$1.0
510$5,7,10,15,11,15,1,16,6,12,3,8,14,4,2,9$1.0
511$5,7,10,15,11,5,1,16,6,12,3,8,14,4,2,9$1.0
512$4,7,10,15,11,5,1,16,6,12,3,8,14,4,2,9$1.0
513$5,7,10,15,11,5,1,16,6,12,3,8,14,4,2,9$1.0
514$5,7,10,15,11,15,1,16,6,12,3,8,14,4,2,9$1.0
515$5,7,10,15,11,5,1,16,6,12,3,8,14,4,2,9$1.0
516$5,7,10,15,11,5,1,16,6,12,3,8,14,4,2,9$1.0
517$4,7,10,15,11,5,1,16,6,12,3,8,14,4,2,9$1.0
518$5,7,10,15,11,5,1,16,6,12,3,8,14,4,2,9$1.0
519$5,7,10,15,11,5,1,16,6,12,3,8,14,4,2,9$1.0
520$4,7,10,15,11,5,1,16,6,12,3,8,13,4,2,9$1.0
521$5,7,10,15,11,5,1,16,6,12,3,8,14,4,2,9$1.0
522$4,7,10,15,11,5,1,16,6,12,3,8,14,4,13,9$1.0
523$5,7,10,15,11,6,1,16,6,12,3,8,14,4,13,9$1.0
524$5,7,10,15,11,5,1,16,6,12,3,8,13,4,2,9$1.0
525$5,7,10,15,11,5,1,16,6,12,3,8,14,4,13,9$1.0
526$4,7,10,15,11,5,1,16,6,12,3,8,13,4,2,9$1.0
527$5,7,10,15,11,5,1,16,6,12,3,8,14,4,13,9$1.0
528$5,7,10,15,11,5,1,16,6,12,3,8,13,4,2,9$1.0
529$5,7,10,15,11,5,1,16,6,12,3,8,14,4,2,9$1.0
530$4,7,10,15,11,5,1,16,6,12,3,8,14,4,2,9$1.0
531$5,7,10,15,11,5,1,16,6,12,3,8,14,4,13,9$1.0
532$4,7,10,15,11,5,1,16,6,12,3,8,14,4,2,9$1.0
533$5,7,10,15,11,5,1,16,6,12,3,8,13,4,2,9$1.0
534$4,7,10,15,11,5,1,16,6,12,3,8,14,4,2,9$1.0
535$6,2,10,15,11,5,1,16,6,12,3,8,14,4,13,9$1.0
536$4,7,10,15,11,5,1,16,6,12,3,8,14,4,2,9$1.0
537$4,7,10,15,11,5,1,16,6,12,3,8,14,4,2,9$1.0
538$4,7,10,15,11,5,1,16,6,12,3,8,14,4,2,9$1.0
539$5,7,10,15,11,5,1,16,6,12,3,8,14,4,2,9$1.0
540$5,7,10,15,11,5,1,16,6,12,3,8,14,4,2,9$1.0
541$4,7,10,15,11,5,1,16,6,12,3,8,14,12,2,9$1.0
542$5,7,10,15,11,5,1,16,6,12,3,8,14,4,2,9$1.0
543$4,7,10,15,11,5,1,16,6,12,3,8,14,4,2,9$1.0
544$4,7,10,15,11,5,1,16,6,12,3,8,14,4,2,9$1.0
545$4,7,10,15,11,5,1,16,6,12,3,8,14,4,2,9$1.0
546$4,7,10,15,11,5,1,16,6,12,3,8,14,4,2,9$1.0
547$4,7,10,15,11,5,1,16,6,12,3,8,14,4,2,9$1.0
548$5,7,10,15,11,5,1,16,6,12,3,8,14,4,2,9$1.0
549$5,7,10,15,11,5,1,16,6,12,3,8,14,4,2,9$1.0
550$4,7,10,15,11,5,1,16,6,12,3,8,14,4,2,9$1.0
551$4,7,10,15,11,5,1,16,6,12,3,8,14,4,2,9$1.0
552$5,7,10,15,11,5,1,16,6,12,3,8,14,4,2,9$1.0
553$5,7,10,15,11,5,1,16,6,12,3,8,14,4,2,9$1.0
554$5,7,10,15,11,5,1,16,6,12,3,8,14,4,2,9$1.0
555$4,7,10,15,11,5,1,16,6,12,3,8,13,4,2,9$1.0
556$4,7,10,15,11,5,1,16,6,12,3,8,14,4,2,9$1.0
557$4,7,10,15,11,5,1,16,6,12,3,8,14,4,2,9$1.0
558$4,7,10,15,11,5,1,16,6,12,3,8,14,4,2,9$1.0
559$1,7,10,15,11,5,16,16,6,12,3,8,14,4,2,9$1.0
560$4,7,10,15,11,5,1,16,6,12,3,8,14,4,2,9$1.0
561$5,7,10,15,11,5,1,16,6,12,3,8,14,4,2,9$1.0
562$11,7,10,15,11,5,1,16,6,12,3,8,14,4,2,9$1.0
563$4,7,10,15,11,5,1,16,6,12,3,8,14,4,2,9$1.0
564$4,7,10,15,11,5,1,16,6,12,3,8,14,4,2,9$1.0
565$4,7,10,15,11,5,1,16,6,12,3,8,14,4,2,9$1.0
566$4,7,10,15,11,5,1,16,6,12,3,8,14,4,2,9$1.0
567$4,7,10,15,11,5,1,16,6,12,3,8,14,4,2,9$1.0
568$4,7,10,15,11,5,1,16,6,12,3,8,14,4,2,9$1.0
569$4,7,10,15,11,5,1,16,6,12,3,8,14,4,2,9$1.0
570$4,7,10,15,11,5,1,16,6,12,3,8,14,4,2,9$1.0
571$4,7,10,15,11,5,1,16,6,12,3,8,14,4,2,9$1.0
572$4,7,10,15,11,5,1,16,6,12,3,8,14,4,13,9$1.0
573$4,7,10,15,11,5,1,16,6,12,3,8,14,4,13,9$1.0
574$4,7,10,15,11,5,1,16,6,12,3,8,14,4,2,9$1.0
575$5,7,10,15,11,1,1,16,6,12,3,8,14,4,2,9$1.0
576$4,7,10,15,11,5,1,16,6,12,3,8,14,4,2,9$1.0
577$4,7,10,15,11,5,1,16,6,12,3,8,14,4,13,9$1.0
578$4,7,10,15,11,5,1,16,6,12,3,8,14,4,2,9$1.0
579$4,7,10,15,11,5,1,16,6,12,3,8,14,4,13,9$1.0
580$5,7,10,15,11,5,1,16,6,12,3,8,14,4,13,9$1.0
581$4,7,10,15,11,5,1,16,6,12,3,8,14,4,2,9$1.0
582$4,2,10,15,11,5,1,16,6,12,3,8,14,4,13,9$1.0
583$11,7,10,15,11,5,1,16,6,12,3,8,14,4,2,9$1.0
584$11,7,10,15,11,5,1,16,6,12,3,8,14,4,13,9$1.0
585$4,7,10,15,11,5,1,16,6,12,3,8,14,3,13,9$1.0
586$4,7,10,15,11,5,1,16,6,12,3,8,14,4,2,9$1.0
587$11,7,10,15,11,5,1,16,6,12,3,8,13,4,2,9$1.0
588$4,7,10,15,11,5,1,16,6,12,3,8,14,4,2,9$1.0
589$4,7,10,15,11,5,1,16,6,12,3,8,14,4,13,9$1.0
590$4,7,10,15,11,5,1,16,6,12,3,8,14,4,13,9$1.0
591$11,7,10,15,11,5,1,16,6,12,3,8,14,4,13,9$1.0
592$4,7,10,15,11,5,1,16,6,12,3,8,14,4,13,9$1.0
593$11,7,10,15,11,5,1,16,6,12,3,8,14,4,13,9$1.0
594$16,7,10,15,11,5,1,16,6,12,3,8,14,4,13,9$1.0
595$4,7,10,15,11,5,1,16,6,12,3,8,14,4,13,9$1.0
596$16,7,10,15,11,5,1,16,6,12,3,8,14,4,13,9$1.0
597$4,7,10,15,11,5,1,16,6,12,3,8,14,4,13,9$1.0
598$4,7,10,15,11,5,1,16,6,12,3,8,14,4,13,9$1.0
599$4,7,10,15,11,5,1,16,6,12,3,8,14,4,13,9$1.0
600$4,7,10,15,11,5,1,16,6,12,3,8,14,4,13,9$1.0
601$4,7,10,15,11,5,1,16,6,12,3,8,14,4,13,9$1.0
602$4,7,10,15,11,5,1,16,6,12,3,8,14,4,13,9$1.0
603$11,7,10,15,11,5,1,16,6,12,3,8,14,4,13,9$1.0
604$4,7,10,15,11,5,1,16,6,12,3,8,14,4,13,9$1.0
605$1,7,10,15,11,5,1,16,6,12,3,8,14,4,13,9$1.0
606$4,7,10,15,11,5,1,16,6,12,3,8,14,4,13,9$1.0
607$11,7,10,15,11,5,1,16,6,12,3,8,14,4,13,9$1.0
608$11,7,10,15,11,5,1,16,6,13,3,8,14,4,2,9$1.0
609$4,7,10,15,11,5,1,16,6,12,3,8,14,4,13,9$1.0
610$11,7,10,15,11,5,1,16,6,12,3,8,14,4,13,9$1.0
611$4,7,10,15,11,5,1,16,6,12,3,8,14,9,13,2$0.0
611$4,7,10,15,11,5,1,16,6,12,3,8,14,9,13,2$0.0
