16
0$9,2,16,3,1,13,11,12,14,12,4,10,3,10,12,16$16.0
0$4,1,2,15,16,13,15,7,6,4,3,12,8,15,10,11$28.0
0$2,6,2,7,14,11,13,4,9,16,10,13,13,4,7,4$22.0
0$5,2,7,14,15,14,16,5,3,6,13,11,8,1,2,3$18.0
0$9,2,16,3,1,13,11,12,14,12,4,10,3,10,12,16$16.0
1$1,1,14,9,11,2,10,3,13,10,13,6,14,2,16,7$13.0
1$15,4,10,10,7,7,12,8,6,1,4,10,16,14,3,5$15.0
1$1,1,14,9,11,2,10,3,13,10,13,6,14,2,16,7$13.0
2$15,8,4,1,16,10,10,1,5,2,15,6,11,9,3,13$11.0
2$15,8,4,1,16,10,10,1,5,2,15,6,11,9,3,13$11.0
3$7,9,5,1,4,4,15,8,2,13,1,13,8,6,9,11$11.0
4$15,7,12,10,1,14,6,1,9,2,14,4,4,13,16,6$12.0
5$15,7,12,10,1,14,6,1,12,2,8,12,4,13,16,6$9.0
5$15,7,12,10,1,14,6,1,12,2,8,12,4,13,16,6$9.0
6$3,14,12,10,4,4,15,8,2,13,1,13,8,6,9,11$7.0
6$3,14,12,10,4,4,15,8,2,13,1,13,8,6,9,11$7.0
7$15,7,12,10,1,14,6,3,9,2,14,8,4,13,16,5$7.0
8$4,8,16,3,1,13,7,12,14,2,15,6,11,2,14,9$8.0
9$15,2,12,10,1,14,6,3,12,2,15,6,11,9,5,13$8.0
10$3,14,12,10,1,14,4,1,12,2,15,6,11,9,5,13$7.0
11$15,7,12,10,1,14,6,3,9,2,14,8,4,13,16,5$7.0
12$15,7,12,10,1,14,6,3,16,2,15,6,11,9,5,13$6.0
12$15,7,12,10,1,14,6,3,16,2,15,6,11,9,5,13$6.0
13$3,14,12,10,1,13,4,1,9,2,14,8,4,13,16,5$6.0
14$15,7,12,10,1,14,6,3,16,2,15,6,11,9,5,13$6.0
15$3,14,12,10,1,14,4,1,12,2,15,6,11,9,4,6$5.0
15$3,14,12,10,1,14,4,1,12,2,15,6,11,9,4,6$5.0
16$15,7,12,10,1,8,6,3,16,2,15,6,11,9,5,13$6.0
17$15,8,12,11,1,14,4,1,9,2,3,7,4,13,16,5$6.0
18$3,16,12,10,1,14,6,1,6,2,15,7,4,2,16,5$6.0
19$3,16,12,10,1,14,6,1,6,2,15,7,4,2,16,5$6.0
20$15,7,12,10,1,14,6,3,16,2,15,12,4,9,13,2$5.0
21$15,7,12,10,1,14,4,1,9,2,14,7,4,13,16,5$6.0
22$15,7,12,10,5,14,6,11,16,2,15,12,4,9,13,2$5.0
23$3,14,8,10,5,14,6,1,16,2,15,12,4,9,16,6$5.0
24$3,14,8,10,5,14,6,1,16,2,15,12,4,9,16,6$5.0
25$3,14,8,10,5,14,6,1,16,2,15,7,4,13,16,5$5.0
26$3,14,8,10,3,14,6,1,16,13,15,7,4,2,16,5$5.0
27$15,7,12,10,5,14,6,11,16,2,15,10,4,9,16,2$4.0
27$15,7,12,10,5,14,6,11,16,2,15,10,4,9,16,2$4.0
28$3,16,8,11,5,14,6,1,12,2,15,7,4,9,16,6$4.0
29$3,5,8,10,2,14,6,1,16,2,15,12,4,9,16,6$5.0
30$6,8,12,1,1,14,9,1,16,13,15,7,4,2,16,5$6.0
31$3,16,8,11,5,14,6,1,5,2,15,9,4,9,16,2$6.0
32$3,14,8,10,3,14,6,1,6,2,15,7,4,13,16,5$5.0
33$3,14,8,11,5,14,6,1,5,2,15,1,4,9,16,2$6.0
34$3,14,8,11,5,14,6,1,5,2,15,9,4,9,16,2$4.0
35$3,7,13,11,5,14,6,1,5,2,15,9,4,9,16,2$5.0
36$3,14,12,10,1,14,6,11,16,2,15,9,4,13,8,5$5.0
37$3,7,13,11,5,14,6,1,5,2,15,10,4,9,9,2$5.0
38$3,14,8,10,1,14,2,11,16,2,15,12,4,1,16,5$4.0
39$3,7,13,11,5,14,6,1,5,2,15,10,4,9,9,2$5.0
40$3,7,12,10,1,14,6,11,16,2,15,9,4,13,8,3$5.0
41$3,7,12,10,1,14,6,11,16,2,15,12,4,4,16,5$3.0
41$3,7,12,10,1,14,6,11,16,2,15,12,4,4,16,5$3.0
42$15,7,12,6,1,14,7,11,16,2,15,10,4,4,16,5$4.0
43$15,7,12,6,1,14,7,11,16,2,15,10,4,4,16,5$4.0
44$3,7,12,10,1,6,6,11,16,2,15,10,4,4,8,5$5.0
45$3,14,12,10,15,1,6,11,16,2,15,10,4,4,16,5$4.0
46$3,14,12,10,15,1,6,11,16,2,15,10,4,4,8,5$3.0
47$3,14,12,10,15,1,6,11,16,2,15,10,4,4,16,5$4.0
48$3,7,12,10,1,14,6,11,16,2,15,12,4,4,16,13$3.0
49$3,7,12,1,1,14,6,11,16,2,15,10,4,4,16,5$3.0
50$3,7,12,10,1,14,6,11,16,2,15,12,4,4,16,13$3.0
51$3,7,12,10,1,14,6,11,16,2,15,12,4,9,16,5$2.0
51$3,7,12,10,1,14,6,11,16,2,15,12,4,9,16,5$2.0
52$3,7,12,10,1,14,6,11,16,2,15,9,4,9,16,2$3.0
53$3,7,12,10,1,14,6,11,7,2,15,12,8,4,16,13$2.0
54$3,7,12,10,1,14,6,11,16,2,15,12,4,4,16,13$3.0
55$3,7,12,10,1,14,6,11,16,2,15,12,4,7,16,13$3.0
56$3,7,12,10,1,14,6,11,16,2,15,12,4,9,16,5$2.0
57$3,7,12,10,1,14,6,11,16,2,15,12,4,9,16,5$2.0
58$3,7,12,10,1,14,6,11,16,2,15,12,4,4,16,5$3.0
59$3,7,12,10,1,14,6,11,16,2,15,12,4,8,16,5$2.0
60$3,7,12,10,1,14,6,11,16,2,15,12,4,8,16,5$2.0
61$3,7,12,10,1,14,6,11,16,2,15,12,4,8,16,5$2.0
62$3,7,12,10,1,14,6,11,16,2,15,12,4,8,13,5$1.0
62$3,7,12,10,1,14,6,11,16,2,15,12,4,8,13,5$1.0
63$3,7,12,10,1,14,6,11,16,2,15,12,4,8,13,5$1.0
64$3,7,12,10,1,14,6,11,16,2,15,12,4,8,13,5$1.0
65$3,7,12,10,1,14,6,11,16,2,15,12,4,8,13,5$1.0
66$3,7,12,10,1,14,6,11,16,2,15,12,4,8,13,5$1.0
67$3,7,12,10,1,14,6,11,16,2,15,12,4,8,13,5$1.0
68$3,7,12,10,1,14,6,11,16,2,15,12,4,8,13,5$1.0
69$3,7,12,10,1,14,6,11,16,2,15,12,4,8,13,5$1.0
70$3,7,12,10,1,14,6,11,16,2,15,12,4,8,13,5$1.0
71$3,7,12,10,1,14,6,11,16,2,15,12,4,8,13,5$1.0
72$3,7,12,10,1,14,6,11,16,2,15,12,4,8,13,5$1.0
73$3,7,12,10,1,14,6,11,16,2,15,12,4,8,13,5$1.0
74$3,7,12,10,1,14,6,11,16,2,15,12,4,8,13,5$1.0
75$3,7,12,10,1,14,6,11,16,2,15,12,4,8,13,5$1.0
76$3,7,12,10,1,14,6,11,16,2,15,12,4,8,13,5$1.0
77$3,7,12,10,1,14,6,11,16,2,15,12,4,8,13,5$1.0
78$3,7,12,10,1,14,6,11,16,2,15,12,4,8,13,5$1.0
79$3,7,12,10,1,14,6,11,16,2,15,12,4,8,13,5$1.0
80$3,7,12,10,1,14,6,11,16,2,15,12,4,8,13,5$1.0
81$3,7,12,10,1,14,6,11,16,2,15,12,4,8,13,5$1.0
82$3,7,13,10,1,14,6,11,16,2,15,12,4,8,13,5$1.0
83$3,7,13,10,1,14,6,11,16,2,15,12,4,8,13,5$1.0
84$3,7,13,10,1,14,6,11,16,2,15,12,4,8,13,5$1.0
85$3,7,12,10,1,14,6,11,16,2,15,12,4,8,13,5$1.0
86$3,7,12,10,1,14,6,11,16,2,15,12,4,8,13,5$1.0
87$3,7,12,10,1,14,6,11,16,2,15,12,4,8,13,5$1.0
88$3,7,12,10,1,14,6,11,16,2,15,12,4,8,13,5$1.0
89$3,7,12,10,1,14,6,11,16,2,15,12,4,8,13,5$1.0
90$3,7,12,10,1,14,6,11,16,2,15,12,4,8,13,5$1.0
91$3,7,13,10,1,14,6,11,16,2,15,12,4,8,13,5$1.0
92$3,7,4,10,1,14,6,11,16,2,15,12,4,8,13,5$1.0
93$3,7,13,10,1,14,6,11,16,2,15,12,4,8,13,5$1.0
94$3,7,12,10,1,14,6,11,16,2,15,12,4,8,13,5$1.0
95$3,7,13,10,1,14,6,11,16,2,15,12,4,8,13,5$1.0
96$3,7,13,10,1,14,6,11,16,2,15,12,4,8,13,5$1.0
97$3,7,13,10,1,14,6,11,16,2,15,12,4,8,13,5$1.0
98$3,7,12,10,1,14,6,11,16,2,15,12,4,8,13,5$1.0
99$3,7,12,10,1,14,6,11,16,2,15,12,4,8,13,5$1.0
100$3,7,12,10,1,14,6,11,9,2,15,13,4,8,13,5$1.0
101$3,7,12,10,1,14,6,11,16,2,15,12,4,8,13,5$1.0
102$3,7,12,10,1,14,6,11,16,2,15,12,4,8,13,5$1.0
103$3,7,12,10,1,14,6,11,16,2,15,12,4,8,13,5$1.0
104$3,7,12,10,1,14,6,11,16,2,15,12,4,8,13,5$1.0
105$3,7,12,10,1,14,6,11,16,2,15,12,4,9,13,5$1.0
106$3,7,13,10,1,14,6,11,16,2,15,12,4,8,13,5$1.0
107$3,7,12,10,1,14,6,11,16,2,15,12,4,8,13,5$1.0
108$3,7,12,10,1,14,6,11,16,2,15,12,4,8,13,5$1.0
109$3,7,12,10,1,14,6,11,16,2,15,12,4,8,13,5$1.0
110$3,7,12,10,1,14,6,11,16,2,15,12,4,8,13,5$1.0
111$3,7,13,10,1,14,6,11,16,2,15,12,4,8,13,5$1.0
112$3,7,12,10,1,14,6,11,16,2,15,12,4,8,13,5$1.0
113$3,7,13,10,1,14,6,11,16,2,15,12,4,8,13,5$1.0
114$3,7,12,10,1,14,6,11,16,2,15,12,4,8,13,5$1.0
115$3,7,13,10,1,14,6,11,16,2,15,12,4,8,13,5$1.0
116$3,7,13,10,1,14,6,11,16,2,15,12,4,8,13,5$1.0
117$3,7,12,10,1,14,6,11,16,2,15,12,4,8,13,5$1.0
118$3,7,12,10,1,14,6,11,16,2,15,12,4,8,13,5$1.0
119$3,7,12,10,1,14,6,11,16,2,15,12,4,8,13,5$1.0
120$3,7,13,10,1,14,6,11,16,2,15,12,4,8,13,5$1.0
121$3,7,13,10,1,14,6,11,16,2,15,12,4,8,13,5$1.0
122$3,7,13,10,1,14,6,11,16,2,15,12,4,9,13,5$1.0
123$3,7,12,10,1,14,6,11,16,2,15,12,4,8,13,5$1.0
124$3,7,13,10,1,14,6,11,16,2,15,12,4,9,13,5$1.0
125$3,7,12,10,1,14,6,11,16,2,15,12,4,8,13,5$1.0
126$3,7,13,10,1,14,6,11,16,2,15,12,4,9,13,5$1.0
127$3,7,12,10,1,14,6,11,16,2,15,12,4,9,13,5$1.0
128$3,7,13,10,1,14,6,11,16,2,15,12,4,9,13,5$1.0
129$3,7,13,10,1,14,6,11,16,2,15,12,4,9,13,5$1.0
130$3,7,15,10,1,14,6,11,16,2,15,12,4,8,13,5$1.0
131$3,7,13,10,1,14,6,11,16,2,15,12,4,8,13,5$1.0
132$3,7,13,10,1,14,6,11,16,2,15,12,4,8,13,5$1.0
133$3,7,13,10,1,14,6,11,16,2,15,12,4,9,13,5$1.0
134$3,7,13,10,1,14,6,11,16,2,15,12,4,8,13,5$1.0
135$3,7,13,10,1,14,6,11,16,2,15,12,4,8,13,5$1.0
136$3,7,13,10,1,14,6,11,16,2,15,12,4,8,13,5$1.0
137$3,7,13,10,1,14,6,11,16,2,15,12,4,8,13,5$1.0
138$3,7,13,10,1,14,6,11,16,2,15,12,4,8,13,5$1.0
139$3,7,13,10,1,14,6,11,16,2,15,12,4,9,13,5$1.0
140$3,7,13,10,1,14,6,11,16,2,15,12,4,9,13,5$1.0
141$3,7,13,10,1,14,6,11,16,2,15,12,4,9,13,5$1.0
142$3,7,13,10,1,14,6,11,16,2,15,12,4,8,13,5$1.0
143$3,7,13,10,1,14,6,11,16,2,15,12,4,9,13,5$1.0
144$3,7,13,10,1,14,6,11,16,2,15,12,4,9,13,5$1.0
145$3,7,13,10,1,14,6,11,16,2,15,12,4,9,13,5$1.0
146$3,7,13,10,1,14,6,11,16,2,15,12,4,8,13,5$1.0
147$3,7,13,10,1,14,6,11,16,2,15,12,4,8,13,5$1.0
148$3,7,13,10,1,14,6,11,16,2,15,12,4,9,13,5$1.0
149$3,7,13,10,1,14,6,11,16,2,15,12,4,8,13,5$1.0
150$3,7,13,10,1,14,6,11,16,2,15,12,4,9,13,5$1.0
151$3,7,13,10,1,14,6,11,16,2,15,12,4,8,13,5$1.0
152$3,7,13,10,1,14,6,11,16,2,15,12,4,8,13,5$1.0
153$3,7,12,10,1,14,6,11,16,2,15,12,4,8,13,5$1.0
154$3,7,13,10,1,14,6,11,16,2,15,12,4,8,13,5$1.0
155$3,7,13,10,1,14,6,11,16,2,15,12,4,8,13,5$1.0
156$3,7,13,10,1,14,6,11,16,2,15,12,4,8,16,5$1.0
157$3,7,13,10,1,14,6,11,16,2,15,12,4,9,13,5$1.0
158$3,7,13,10,1,14,6,11,16,2,15,12,4,9,13,5$1.0
159$3,7,13,10,1,14,6,11,16,2,15,12,4,8,13,5$1.0
160$3,7,13,10,1,14,6,11,16,2,15,12,4,9,13,5$1.0
161$3,7,13,10,1,14,6,11,16,2,15,12,4,8,16,5$1.0
162$3,7,13,10,1,14,6,11,16,2,15,12,4,8,16,5$1.0
163$3,7,13,10,1,14,6,11,16,2,15,12,4,8,13,5$1.0
164$3,7,13,10,1,14,6,11,16,2,15,12,4,9,13,5$1.0
165$3,7,13,10,1,14,6,11,16,2,15,12,4,8,16,5$1.0
166$3,7,13,10,1,14,6,11,16,2,15,12,4,9,13,5$1.0
167$3,7,13,10,1,14,6,11,16,2,15,12,4,8,8,5$1.0
168$3,7,13,10,1,14,6,11,16,2,15,12,4,8,16,5$1.0
169$3,7,13,10,1,14,6,11,16,2,15,12,4,9,13,5$1.0
170$3,7,15,10,1,14,6,11,16,2,15,12,4,8,13,5$1.0
171$3,7,13,10,1,14,6,11,16,2,15,12,4,8,13,5$1.0
172$3,7,13,10,1,14,6,11,16,2,15,12,4,9,13,5$1.0
173$3,7,15,10,1,14,6,11,16,2,15,12,4,9,13,5$1.0
174$3,7,13,10,1,14,6,11,16,2,15,12,4,8,8,5$1.0
175$3,7,13,10,1,14,6,11,16,2,15,12,4,9,13,5$1.0
176$3,7,13,10,1,14,6,11,16,2,15,12,4,8,13,5$1.0
177$3,7,13,10,1,14,6,11,16,2,15,12,4,8,16,5$1.0
178$3,7,13,10,1,14,6,11,16,2,15,12,4,9,13,5$1.0
179$3,7,13,10,1,14,6,11,16,2,15,12,4,8,16,5$1.0
180$3,7,13,10,1,14,6,11,16,2,15,12,4,9,13,5$1.0
181$3,7,13,10,1,14,6,11,16,2,15,12,4,9,13,5$1.0
182$3,7,13,10,1,14,6,11,16,2,15,12,4,9,13,5$1.0
183$3,7,13,10,1,14,6,11,16,2,15,12,4,9,13,5$1.0
184$3,7,13,10,1,14,6,11,16,2,15,12,4,9,13,5$1.0
185$3,7,13,10,1,14,6,11,16,2,15,12,4,9,13,5$1.0
186$3,7,13,10,1,14,6,11,16,2,15,12,4,9,13,5$1.0
187$3,7,13,10,1,14,6,11,16,2,15,12,4,1,8,5$1.0
188$3,7,13,10,1,14,6,11,16,2,15,12,4,9,13,5$1.0
189$3,7,13,10,1,14,6,11,16,2,15,12,4,9,13,5$1.0
190$3,7,13,10,1,14,6,11,16,2,15,12,4,9,13,5$1.0
191$3,7,13,10,1,14,6,11,16,2,15,12,4,8,16,5$1.0
192$3,7,13,10,1,14,6,11,16,2,15,12,4,8,16,5$1.0
193$3,7,13,10,1,14,8,11,16,2,15,12,4,9,13,5$1.0
194$3,7,13,10,1,14,6,11,16,2,15,12,4,9,13,5$1.0
195$3,7,13,10,1,14,6,11,16,2,15,12,4,8,16,5$1.0
196$3,7,13,10,1,14,6,11,16,2,15,12,4,9,12,5$1.0
197$3,7,13,10,1,14,6,11,16,2,15,12,4,9,13,5$1.0
198$3,7,13,10,1,14,8,11,16,2,15,12,4,9,13,5$1.0
199$3,7,13,10,1,14,6,11,16,2,15,12,4,9,13,5$1.0
200$3,7,13,10,1,14,6,11,16,2,15,12,4,9,13,5$1.0
201$3,7,13,10,1,14,6,11,16,2,15,12,4,8,16,5$1.0
202$3,7,13,10,1,14,6,11,16,2,15,12,4,9,13,5$1.0
203$3,7,13,10,1,14,8,11,16,2,15,12,4,9,13,5$1.0
204$3,7,13,10,1,14,6,11,16,2,15,12,4,9,13,5$1.0
205$3,7,13,10,1,14,6,11,16,2,15,12,4,9,12,5$1.0
206$3,7,13,10,1,14,8,11,16,2,15,12,4,9,13,5$1.0
207$3,7,13,10,1,14,8,11,16,2,15,12,4,9,13,5$1.0
208$3,7,13,10,1,14,6,11,16,2,15,12,4,9,13,5$1.0
209$3,7,13,10,1,14,6,11,16,2,15,12,4,9,13,5$1.0
210$3,7,13,10,1,14,6,11,16,2,15,12,4,9,13,5$1.0
211$3,7,13,10,1,14,6,11,16,2,15,12,4,9,13,5$1.0
212$3,7,13,10,1,14,8,11,16,2,15,12,4,9,13,5$1.0
213$3,7,13,10,1,14,8,11,16,2,15,12,4,9,13,5$1.0
214$3,7,13,10,1,14,8,11,16,2,15,12,4,9,13,5$1.0
215$3,7,13,10,1,14,6,11,16,2,15,12,4,9,13,5$1.0
216$3,7,13,10,1,14,6,11,16,2,15,12,4,9,13,5$1.0
217$3,7,13,10,1,14,8,11,16,2,15,12,4,9,13,5$1.0
218$3,7,13,10,1,14,8,11,16,2,15,12,4,9,13,5$1.0
219$3,7,13,10,1,14,8,11,16,2,15,12,4,9,13,5$1.0
220$3,7,13,10,1,14,6,11,16,2,15,12,4,9,13,5$1.0
221$3,7,13,10,1,14,8,11,16,2,15,12,4,9,13,5$1.0
222$3,7,12,10,1,14,6,11,16,2,15,12,4,9,13,5$1.0
223$3,7,13,10,1,14,8,11,16,2,15,12,4,9,13,5$1.0
224$3,7,13,10,1,14,8,11,16,2,15,12,4,9,13,5$1.0
225$3,7,13,10,1,14,8,11,16,2,15,12,4,9,13,5$1.0
226$3,7,13,10,1,14,8,11,16,2,15,12,4,9,13,5$1.0
227$3,7,13,10,1,14,8,11,16,2,15,12,4,9,13,5$1.0
228$3,7,13,10,1,14,8,11,16,2,15,12,4,9,13,5$1.0
229$3,7,13,10,1,14,8,11,16,2,15,12,4,9,14,5$1.0
230$3,7,13,10,1,14,8,11,16,2,15,12,4,9,14,5$1.0
231$3,7,13,10,1,14,8,11,16,2,15,12,4,9,13,5$1.0
232$3,7,13,10,1,14,8,11,16,2,15,12,4,9,13,5$1.0
233$3,7,13,10,1,14,8,11,16,2,15,12,4,9,14,5$1.0
234$3,7,13,10,1,14,8,11,16,2,15,12,4,9,13,5$1.0
235$3,7,13,10,1,14,8,11,16,2,15,12,4,9,12,5$1.0
236$3,7,13,10,1,14,8,11,16,2,15,12,4,9,14,5$1.0
237$3,7,13,10,1,14,8,11,16,2,15,12,4,9,13,5$1.0
238$3,7,13,10,1,14,8,11,16,2,15,12,4,9,13,5$1.0
239$3,7,13,10,1,14,8,11,16,2,15,12,4,9,13,5$1.0
240$3,7,13,10,1,14,8,11,16,2,15,12,4,9,13,6$1.0
241$3,7,13,10,1,14,8,11,16,2,15,12,4,9,13,5$1.0
242$3,7,13,10,1,14,8,11,16,2,15,12,4,9,13,5$1.0
243$3,7,13,10,1,14,8,11,16,2,15,12,4,9,13,6$1.0
244$3,7,13,10,1,14,8,11,16,2,15,12,4,9,13,5$1.0
245$3,7,13,10,1,14,8,11,16,2,15,12,4,9,13,5$1.0
246$3,7,13,10,1,14,8,11,16,2,15,12,4,9,13,5$1.0
247$3,7,13,10,1,14,8,11,16,2,15,12,4,9,13,5$1.0
248$3,7,13,10,1,14,8,11,16,2,15,12,4,9,13,5$1.0
249$3,7,13,10,1,14,8,11,16,2,15,6,4,9,13,5$1.0
250$3,7,13,10,1,14,8,11,16,2,15,12,4,9,13,5$1.0
251$3,7,13,10,1,14,8,11,16,2,15,12,4,9,13,5$1.0
252$3,7,13,10,1,14,8,11,16,2,15,12,4,9,13,5$1.0
253$3,7,13,10,1,14,8,11,16,2,15,12,4,9,13,5$1.0
254$3,7,13,10,1,14,8,11,16,2,15,12,4,9,13,5$1.0
255$3,7,13,10,1,14,8,11,16,2,15,12,4,9,13,6$1.0
256$3,7,13,10,1,14,8,11,16,2,15,12,4,9,13,6$1.0
257$3,7,13,10,1,14,8,11,16,2,15,12,4,9,13,6$1.0
258$3,7,13,10,1,14,8,11,16,2,15,12,4,9,13,5$1.0
259$3,7,13,10,1,14,8,11,16,2,15,12,4,9,13,6$1.0
260$3,7,13,10,1,14,8,11,16,2,15,12,4,9,13,5$1.0
261$3,7,13,10,1,14,8,11,16,2,15,12,4,9,13,5$1.0
262$3,7,13,10,1,14,8,11,16,2,15,12,4,9,13,5$1.0
263$3,7,13,10,1,14,8,11,16,2,15,12,4,9,13,5$1.0
264$3,7,13,10,1,14,8,11,16,2,15,12,4,9,12,6$1.0
265$3,7,13,10,1,14,8,11,16,2,15,12,4,9,12,6$1.0
266$3,7,13,10,1,14,8,11,16,2,15,12,4,9,12,6$1.0
267$3,7,2,10,1,14,8,11,16,2,15,12,4,9,13,6$1.0
268$3,7,13,10,1,14,8,11,16,2,15,6,4,9,12,6$1.0
269$3,7,13,10,1,14,8,11,16,2,15,6,4,9,12,6$1.0
270$3,7,13,10,1,14,8,11,16,2,15,12,4,9,13,5$1.0
271$3,7,13,10,1,14,8,11,16,2,15,12,4,9,13,5$1.0
272$3,7,13,10,1,14,8,11,16,2,15,12,4,9,13,6$1.0
273$3,7,13,10,1,14,8,11,16,2,15,12,4,9,13,5$1.0
274$3,7,13,10,1,14,8,11,16,2,15,12,4,9,13,5$1.0
275$3,7,13,10,1,14,8,11,16,2,15,12,4,9,12,6$1.0
276$3,7,13,10,1,14,8,11,16,2,15,12,4,9,13,6$1.0
277$3,7,2,10,1,14,8,11,16,2,15,12,4,9,13,6$1.0
278$3,7,13,10,1,14,8,11,16,2,15,12,4,9,3,5$1.0
279$3,7,2,10,1,14,8,11,16,2,15,12,4,9,13,5$1.0
280$3,7,13,10,1,14,8,11,16,2,15,12,4,9,3,6$1.0
281$3,7,2,10,1,14,8,11,16,2,15,12,4,9,13,5$1.0
282$3,7,13,10,1,14,8,11,16,2,15,12,4,9,12,6$1.0
283$3,7,2,10,1,14,8,11,16,2,15,12,4,9,13,5$1.0
284$3,7,2,10,1,14,8,11,16,2,15,12,4,9,13,5$1.0
285$3,7,13,10,1,14,8,11,16,2,15,12,4,9,13,5$1.0
286$3,7,13,10,1,14,8,11,16,2,15,6,4,9,13,5$1.0
287$3,7,2,10,1,14,8,11,16,2,15,12,4,9,13,5$1.0
288$3,7,2,10,1,14,8,11,16,2,15,12,4,9,13,5$1.0
289$3,7,13,10,1,14,8,11,16,2,15,12,4,9,13,5$1.0
290$3,7,13,10,1,14,8,11,16,2,15,12,4,9,13,5$1.0
291$3,7,13,10,1,14,8,11,16,2,15,12,4,9,12,6$1.0
292$3,7,2,10,1,14,8,11,16,2,15,12,4,9,13,5$1.0
293$3,7,13,10,1,14,8,11,16,2,15,12,4,9,13,5$1.0
294$3,7,13,10,1,14,8,11,16,2,15,12,4,9,13,6$1.0
295$3,7,13,10,1,14,8,11,16,2,15,12,4,9,13,5$1.0
296$3,7,2,10,1,14,8,11,16,2,15,12,4,9,13,6$1.0
297$3,7,15,10,1,14,8,11,16,2,15,12,4,9,13,5$1.0
298$3,7,13,10,1,14,8,11,16,2,15,12,4,9,13,5$1.0
299$3,7,13,10,1,14,8,11,16,2,15,12,4,9,13,5$1.0
300$3,7,13,10,1,14,8,11,16,2,15,12,4,9,13,5$1.0
301$3,7,13,10,1,14,8,11,16,2,15,12,4,9,13,5$1.0
302$3,7,13,10,1,14,8,11,16,2,15,12,4,9,13,5$1.0
303$3,7,13,10,1,14,8,11,16,2,15,12,4,9,13,5$1.0
304$3,7,13,10,1,14,6,11,16,2,15,12,4,9,13,5$1.0
305$3,7,13,10,1,14,6,11,16,2,15,12,4,9,13,5$1.0
306$3,7,13,10,1,14,8,11,16,2,15,12,4,9,13,6$1.0
307$3,7,13,10,1,14,6,11,16,2,15,12,4,9,13,5$1.0
308$10,7,13,6,1,14,8,11,16,2,15,12,4,9,13,5$1.0
309$3,7,13,10,1,14,6,11,16,2,15,12,4,9,13,5$1.0
310$3,7,13,10,1,14,6,11,16,2,15,12,4,9,13,5$1.0
311$3,7,13,10,1,14,6,11,16,2,15,12,4,9,13,5$1.0
312$3,7,13,10,1,14,6,11,16,2,15,12,4,9,13,5$1.0
313$3,7,13,10,1,14,6,11,16,2,15,12,4,9,13,5$1.0
314$3,7,13,10,1,14,6,11,16,2,15,12,4,9,13,5$1.0
315$3,7,13,10,1,14,6,11,16,2,15,12,4,9,13,5$1.0
316$3,7,13,10,1,14,6,11,16,2,15,12,4,9,13,5$1.0
317$3,7,13,10,1,14,6,11,16,2,15,12,4,9,3,5$1.0
318$3,7,13,10,1,14,6,11,16,2,15,12,4,9,13,5$1.0
319$3,7,13,10,1,14,6,11,16,2,15,12,4,8,13,5$1.0
320$3,7,13,10,1,14,8,11,16,2,15,12,4,9,13,5$1.0
321$3,7,13,10,1,14,8,11,16,2,15,12,4,9,13,5$1.0
322$3,7,13,10,1,14,6,11,16,2,15,12,4,9,13,5$1.0
323$3,7,13,10,1,14,6,11,16,2,15,12,4,9,13,5$1.0
324$3,7,13,10,1,14,8,11,16,2,15,12,4,9,13,5$1.0
325$3,7,13,10,1,14,8,11,16,2,15,12,4,9,13,5$1.0
326$3,7,13,10,1,14,8,11,16,2,15,12,4,9,13,5$1.0
327$3,7,13,10,1,14,8,11,16,2,15,12,4,9,13,5$1.0
328$3,7,13,10,1,14,8,11,16,2,15,12,4,9,13,5$1.0
329$3,7,13,10,1,14,8,11,16,2,15,12,4,9,13,5$1.0
330$3,7,13,10,1,14,6,11,16,2,15,12,4,9,13,5$1.0
331$3,7,13,10,1,14,6,11,16,2,15,12,4,9,13,5$1.0
332$3,7,13,10,1,14,8,11,16,2,15,12,4,9,13,5$1.0
333$3,7,13,10,1,14,6,11,16,2,15,12,4,9,16,5$1.0
334$3,7,13,10,1,14,8,11,16,2,15,12,4,9,13,5$1.0
335$3,7,13,10,1,14,8,11,16,2,15,12,4,9,13,5$1.0
336$3,7,15,10,1,14,8,11,16,2,15,12,4,9,13,5$1.0
337$3,7,13,10,1,14,8,11,16,2,15,12,4,9,13,5$1.0
338$3,7,13,10,1,14,8,11,16,2,15,12,4,9,13,5$1.0
339$3,7,13,10,1,14,8,11,16,2,15,12,4,9,13,5$1.0
340$3,7,13,10,1,14,6,11,16,2,15,12,4,9,13,5$1.0
341$3,7,13,10,1,14,8,11,16,2,15,12,4,9,13,5$1.0
342$3,7,13,10,1,14,6,11,16,2,15,12,4,9,13,5$1.0
343$3,7,15,10,1,14,8,11,16,2,15,12,4,9,13,5$1.0
344$3,7,13,10,1,14,6,11,16,2,15,12,4,9,13,5$1.0
345$3,7,13,10,1,14,6,11,16,2,15,12,4,9,13,5$1.0
346$3,7,13,10,1,14,8,11,16,2,15,6,4,9,13,5$1.0
347$3,7,13,10,1,14,6,11,16,2,15,12,4,9,13,5$1.0
348$3,16,8,10,1,14,6,11,16,2,15,12,4,9,13,5$1.0
349$3,16,8,10,1,14,6,11,16,2,15,12,4,9,13,5$1.0
350$3,7,13,10,1,14,8,11,16,2,15,6,4,9,13,5$1.0
351$3,7,13,10,1,14,6,11,16,2,15,12,4,9,13,5$1.0
352$3,7,13,10,1,14,6,11,16,2,15,12,4,9,13,5$1.0
353$3,7,13,10,1,14,6,11,16,2,15,12,4,9,13,5$1.0
354$3,7,13,10,1,14,8,11,16,2,15,6,4,9,13,5$1.0
355$3,7,13,10,1,14,6,11,16,2,15,12,4,9,13,5$1.0
356$3,7,13,10,1,14,6,11,16,2,15,12,4,9,13,5$1.0
357$3,7,13,10,1,14,6,11,16,2,15,12,4,9,13,5$1.0
358$3,7,13,10,1,14,8,11,16,2,15,12,4,9,13,5$1.0
359$3,7,13,10,1,14,6,11,16,2,15,12,4,9,13,5$1.0
360$3,7,13,10,1,14,8,11,16,2,15,12,4,9,13,5$1.0
361$3,7,12,10,1,14,6,11,16,2,15,12,4,9,13,5$1.0
362$3,7,13,10,1,14,6,11,16,2,15,12,4,9,13,5$1.0
363$3,7,13,10,1,14,6,11,16,2,15,12,4,9,13,5$1.0
364$3,7,13,10,1,14,8,11,16,2,15,12,4,9,13,5$1.0
365$3,7,12,10,1,14,6,11,16,2,15,12,4,9,13,5$1.0
366$3,7,13,10,1,14,6,11,16,2,15,12,4,9,3,5$1.0
367$3,7,13,10,1,14,6,11,16,2,15,12,4,9,13,5$1.0
368$3,7,13,10,1,14,8,11,16,2,15,12,4,9,13,5$1.0
369$3,7,13,10,1,14,6,11,16,2,15,12,4,9,13,5$1.0
370$3,7,13,10,1,14,6,11,16,2,15,12,4,9,13,5$1.0
371$3,7,13,10,1,14,6,11,16,2,15,12,4,9,13,5$1.0
372$3,7,13,10,1,14,8,11,16,2,15,12,4,9,13,5$1.0
373$3,7,13,10,1,14,6,11,16,2,15,12,4,9,13,5$1.0
374$3,7,13,10,1,14,6,11,16,2,15,12,4,9,13,5$1.0
375$3,7,13,10,1,14,6,11,16,2,15,12,4,9,13,5$1.0
376$3,7,13,10,1,14,6,11,2,2,15,12,4,9,16,5$1.0
377$3,7,13,10,1,14,6,11,16,2,15,12,4,9,13,5$1.0
378$3,7,13,10,1,14,6,11,16,2,15,12,4,9,13,5$1.0
379$3,7,13,10,1,14,6,11,16,2,15,12,4,9,13,5$1.0
380$3,7,13,10,1,14,6,11,16,2,15,12,4,9,16,5$1.0
381$3,7,13,10,1,14,6,11,16,2,15,12,4,9,13,5$1.0
382$3,7,13,10,1,14,6,11,16,2,15,12,4,9,16,5$1.0
383$3,7,13,10,1,14,6,11,16,2,15,12,4,9,13,5$1.0
384$3,7,13,10,1,14,6,11,16,2,15,12,4,9,13,5$1.0
385$3,7,13,10,1,14,6,11,2,2,15,12,4,9,16,5$1.0
386$3,7,13,10,1,14,6,11,16,2,15,12,4,9,13,5$1.0
387$3,7,13,10,1,14,6,11,16,2,15,12,4,9,13,5$1.0
388$3,7,4,10,1,14,6,11,16,2,15,12,4,9,13,5$1.0
389$3,7,13,10,1,14,6,11,16,2,15,12,4,9,13,5$1.0
390$3,7,4,10,1,14,6,11,16,2,15,12,4,9,13,5$1.0
391$3,7,13,10,1,14,6,11,16,2,15,12,4,8,13,5$1.0
392$3,7,13,10,1,14,6,11,16,2,15,12,4,9,13,5$1.0
393$3,7,4,10,1,14,6,11,16,2,15,12,4,9,13,5$1.0
394$3,7,13,10,1,14,6,11,16,2,15,12,4,8,13,5$1.0
395$3,7,4,10,1,14,6,11,16,2,15,12,4,9,13,5$1.0
396$3,7,13,10,1,14,6,11,16,2,15,12,4,9,13,5$1.0
397$3,7,4,10,1,14,6,11,16,2,15,12,4,9,13,5$1.0
398$3,7,13,10,1,14,6,11,16,2,15,12,4,8,13,5$1.0
399$3,7,4,10,1,14,6,11,16,2,15,12,4,8,13,5$1.0
400$3,7,13,10,1,14,6,11,16,2,15,12,4,9,13,5$1.0
401$3,7,4,10,1,14,6,11,16,2,15,12,4,8,13,5$1.0
402$3,7,13,10,1,14,6,11,16,2,15,12,4,9,16,5$1.0
403$3,7,13,10,1,14,6,11,16,2,15,12,4,9,13,5$1.0
404$3,7,13,10,1,14,6,11,16,2,15,12,4,9,13,5$1.0
405$3,7,13,10,1,14,6,11,16,2,15,12,4,9,13,5$1.0
406$3,7,13,10,1,14,6,11,16,2,15,12,4,9,13,5$1.0
407$3,7,13,10,1,14,6,11,16,2,15,12,4,9,13,5$1.0
408$3,7,15,10,1,14,6,11,16,2,15,12,4,9,13,5$1.0
409$3,7,13,10,1,14,6,11,16,2,15,12,4,8,3,5$1.0
410$3,7,13,10,1,14,6,11,16,2,15,12,4,9,13,5$1.0
411$3,7,13,10,1,14,6,11,16,2,15,12,4,9,13,5$1.0
412$3,7,13,10,1,14,6,11,16,2,15,12,4,9,13,5$1.0
413$3,7,13,10,1,14,6,11,16,2,15,12,4,9,13,5$1.0
414$3,7,13,10,1,14,6,11,16,2,15,12,4,9,16,5$1.0
415$3,7,13,10,1,14,6,11,16,2,15,12,4,9,13,5$1.0
416$3,7,13,10,1,14,6,11,16,2,15,12,4,9,13,5$1.0
417$3,7,13,10,1,14,6,11,16,2,15,12,4,9,13,5$1.0
418$3,7,13,10,1,14,6,11,16,2,15,12,4,9,13,5$1.0
419$3,7,13,10,1,14,6,11,16,2,15,12,4,9,13,5$1.0
420$3,7,13,10,1,14,6,11,16,2,15,12,4,9,13,5$1.0
421$3,7,4,10,1,14,6,11,16,2,15,12,4,8,13,5$1.0
422$3,7,13,10,1,14,6,11,16,2,15,12,4,9,13,5$1.0
423$3,7,13,10,1,14,6,11,16,2,15,12,4,9,13,5$1.0
424$3,7,13,10,1,14,6,11,16,2,15,12,4,9,13,5$1.0
425$3,7,4,10,1,14,6,11,16,2,15,12,4,9,13,5$1.0
426$3,7,13,10,1,14,6,11,16,2,15,12,4,9,13,5$1.0
427$3,7,13,10,1,14,6,11,16,2,15,12,4,9,12,5$1.0
428$3,7,13,10,1,14,6,11,16,2,15,12,4,9,13,5$1.0
429$3,7,13,10,1,14,6,11,16,2,15,12,4,9,13,5$1.0
430$3,7,13,10,1,14,6,11,16,2,15,12,4,9,13,5$1.0
431$3,7,13,10,1,14,6,11,16,2,15,12,4,9,13,5$1.0
432$3,7,4,10,1,14,6,11,16,2,15,12,4,9,13,5$1.0
433$3,7,13,10,1,14,6,11,16,2,15,12,4,9,13,5$1.0
434$3,7,4,10,1,14,6,11,16,2,15,12,4,9,13,5$1.0
435$3,7,4,10,1,14,6,11,16,2,15,12,4,9,13,5$1.0
436$3,7,4,10,1,14,6,11,16,2,15,12,4,8,13,5$1.0
437$3,7,13,10,1,14,6,11,16,2,15,12,4,9,13,5$1.0
438$3,7,4,10,1,14,6,11,16,2,15,12,4,9,13,5$1.0
439$3,7,4,10,1,14,6,11,16,2,15,12,4,8,13,5$1.0
440$3,7,4,10,1,14,6,11,16,2,15,12,4,9,13,5$1.0
441$3,7,4,10,1,14,6,11,16,2,15,12,4,8,13,5$1.0
442$3,7,4,10,1,14,6,11,16,2,15,12,4,8,13,5$1.0
443$3,7,4,10,1,14,6,11,16,2,15,12,4,8,13,5$1.0
444$3,7,13,10,1,14,6,11,16,2,15,12,4,8,13,5$1.0
445$3,7,13,10,1,14,6,11,16,2,15,12,4,9,13,5$1.0
446$3,7,4,10,1,14,6,11,16,2,15,12,4,9,13,5$1.0
447$3,7,13,10,1,14,6,11,16,2,15,12,4,9,13,5$1.0
448$3,7,13,10,1,14,6,11,16,2,15,12,4,9,12,5$1.0
449$3,7,13,10,1,14,6,11,16,2,15,12,4,9,13,5$1.0
450$3,7,13,10,1,14,6,11,16,2,15,12,4,9,13,5$1.0
451$3,7,4,10,1,14,6,11,16,2,15,12,4,9,13,5$1.0
452$3,7,4,10,1,14,6,11,16,2,15,12,4,8,13,5$1.0
453$3,7,4,10,1,14,6,11,16,2,15,12,4,9,13,5$1.0
454$3,7,13,10,1,14,6,11,16,2,15,12,4,9,12,5$1.0
455$3,7,13,10,1,14,6,11,16,2,15,12,4,8,13,5$1.0
456$3,7,13,10,1,14,6,11,16,2,15,12,4,9,12,5$1.0
457$3,7,4,10,1,14,6,11,16,2,15,12,4,8,13,5$1.0
458$3,7,13,10,1,14,6,11,16,2,15,12,4,9,13,5$1.0
459$3,7,4,10,1,14,6,11,16,2,15,12,4,8,13,5$1.0
460$3,7,13,10,1,14,6,11,16,2,15,12,4,8,13,5$1.0
461$3,7,13,10,1,14,6,11,16,2,15,12,4,8,13,5$1.0
462$3,7,4,10,1,14,6,11,16,2,15,12,4,8,13,5$1.0
463$3,7,13,10,1,14,6,11,16,2,15,12,4,8,13,5$1.0
464$3,7,13,10,1,14,6,11,16,2,15,12,4,9,13,5$1.0
465$3,7,13,10,1,14,6,11,16,2,15,12,4,8,13,5$1.0
466$3,7,4,10,1,14,6,11,16,2,15,12,4,9,13,5$1.0
467$3,7,4,10,1,14,6,11,16,2,15,12,4,9,13,5$1.0
468$3,7,4,10,1,14,6,11,16,2,15,12,4,8,13,5$1.0
469$3,7,13,10,1,14,6,11,16,2,15,12,4,9,13,5$1.0
470$3,7,4,10,1,14,6,11,16,2,15,12,4,9,13,5$1.0
471$3,7,4,10,1,14,6,11,16,2,15,12,4,8,13,5$1.0
472$3,7,13,10,1,14,6,11,16,2,15,12,4,9,13,5$1.0
473$3,7,13,10,1,14,6,11,16,2,15,12,4,9,13,5$1.0
474$3,7,4,10,1,14,6,11,16,2,15,12,4,9,13,5$1.0
475$3,7,4,10,1,14,6,11,16,2,15,12,4,9,13,5$1.0
476$3,7,13,10,1,14,6,11,16,2,15,12,4,9,13,5$1.0
477$3,7,4,10,1,14,6,11,16,2,15,12,4,9,13,5$1.0
478$3,7,13,10,1,14,6,11,16,2,15,12,4,9,13,5$1.0
479$3,7,4,10,1,14,6,11,16,2,15,12,4,9,13,5$1.0
480$3,7,13,10,1,14,6,11,16,2,15,12,4,9,13,5$1.0
481$3,7,13,10,1,14,6,11,16,2,15,12,4,9,13,5$1.0
482$3,7,4,10,1,14,6,11,16,2,15,12,4,9,13,5$1.0
483$3,7,13,10,1,14,6,11,16,2,15,12,4,9,13,5$1.0
484$3,7,4,10,1,14,6,11,16,2,15,12,4,9,13,5$1.0
485$3,7,13,10,1,14,6,11,16,2,15,12,4,9,13,5$1.0
486$3,7,4,10,1,14,6,11,16,2,15,12,4,9,13,5$1.0
487$3,7,15,10,1,14,6,11,16,2,15,12,4,9,13,5$1.0
488$3,7,15,10,1,14,6,11,16,2,15,12,4,9,13,5$1.0
489$3,7,13,10,1,14,6,11,16,2,15,12,4,9,16,5$1.0
490$3,7,4,10,1,14,6,11,16,2,15,12,4,9,13,5$1.0
491$3,7,13,10,1,14,6,11,16,2,15,12,4,9,13,5$1.0
492$3,7,15,10,1,14,6,11,16,2,15,12,4,9,13,5$1.0
493$3,7,13,10,1,14,6,11,16,2,15,12,4,9,13,5$1.0
494$3,7,13,10,1,14,6,11,16,2,15,12,4,9,13,5$1.0
495$3,7,15,10,1,14,6,11,16,2,15,12,4,9,13,5$1.0
496$3,7,15,10,1,14,6,11,16,2,15,12,4,9,13,5$1.0
497$3,7,13,10,1,14,6,11,16,2,15,12,4,9,13,5$1.0
498$3,7,15,10,1,14,6,11,16,2,15,12,4,9,13,5$1.0
499$3,7,15,10,1,14,6,11,16,2,15,12,4,9,13,5$1.0
500$3,7,13,10,1,14,6,11,16,2,15,12,4,9,13,5$1.0
501$3,7,15,10,1,14,6,11,16,2,15,12,4,9,13,5$1.0
502$3,7,15,10,1,14,6,11,16,2,15,12,4,9,13,5$1.0
503$3,7,12,10,1,14,6,11,16,2,15,12,4,9,13,5$1.0
504$3,7,12,10,1,14,6,11,16,2,15,12,4,9,13,5$1.0
505$3,7,15,10,1,14,6,11,16,2,15,12,4,9,13,5$1.0
506$3,7,15,10,1,14,6,11,16,2,15,12,4,9,13,5$1.0
507$3,7,12,10,1,14,6,11,16,2,15,12,4,9,13,5$1.0
508$3,7,15,10,1,14,6,11,16,2,15,12,4,9,13,5$1.0
509$3,7,12,10,1,14,6,11,16,2,15,12,4,9,13,5$1.0
510$3,7,15,10,1,14,6,11,16,2,15,12,4,9,13,5$1.0
511$3,7,12,10,1,14,6,11,16,2,15,12,4,9,13,5$1.0
512$3,7,12,10,1,14,6,11,16,2,15,12,4,9,13,5$1.0
513$3,7,12,10,1,14,6,11,16,2,15,12,4,8,13,5$1.0
514$3,7,12,10,1,14,6,11,16,2,15,12,4,9,13,5$1.0
515$3,7,15,10,1,14,6,11,16,2,15,12,4,9,13,5$1.0
516$3,7,4,10,1,14,6,11,16,2,15,12,4,9,13,5$1.0
517$3,7,12,10,1,14,6,11,16,2,15,12,4,9,13,5$1.0
518$3,7,12,10,1,14,6,11,16,2,15,12,4,9,13,5$1.0
519$3,7,12,10,1,14,6,11,16,2,15,12,4,8,13,5$1.0
520$3,7,12,10,1,14,6,11,16,2,15,12,4,9,13,5$1.0
521$3,7,12,10,1,14,6,11,16,2,15,12,4,9,13,5$1.0
522$3,7,12,10,1,14,6,11,16,2,15,12,4,9,13,5$1.0
523$3,7,15,10,1,14,6,11,16,2,15,12,4,9,13,5$1.0
524$3,7,12,10,1,14,6,11,16,2,15,12,4,8,13,5$1.0
525$3,7,12,10,1,14,6,11,16,2,15,12,4,9,13,5$1.0
526$3,7,12,10,1,14,6,11,16,2,15,12,4,9,13,5$1.0
527$3,7,12,10,1,14,6,11,16,2,15,12,4,8,13,5$1.0
528$3,7,12,10,1,14,6,11,16,2,15,12,4,9,13,5$1.0
529$3,7,12,10,1,14,6,11,16,2,15,12,4,9,13,5$1.0
530$3,7,12,10,1,14,6,11,16,2,15,12,4,9,13,5$1.0
531$3,7,12,10,1,14,6,11,16,2,15,12,4,9,13,5$1.0
532$3,7,12,10,1,14,6,11,16,2,15,12,4,8,13,5$1.0
533$3,7,12,10,1,14,6,11,16,2,15,12,4,9,13,5$1.0
534$3,7,12,10,1,14,6,11,16,2,15,12,4,8,13,5$1.0
535$3,7,12,10,1,14,6,11,16,2,15,12,4,8,13,5$1.0
536$3,7,12,10,1,14,6,11,16,2,15,12,4,9,13,5$1.0
537$3,7,12,10,1,14,6,11,16,2,15,12,4,9,13,5$1.0
538$3,7,12,10,1,14,6,11,16,2,15,12,4,8,13,5$1.0
539$3,7,12,10,1,14,6,11,16,2,15,12,4,8,13,5$1.0
540$3,7,12,10,1,14,6,11,16,2,15,12,4,8,13,5$1.0
541$3,7,12,10,1,14,6,11,16,2,15,12,4,9,13,5$1.0
542$3,7,12,10,1,14,6,11,16,2,15,12,4,9,13,5$1.0
543$3,7,12,10,1,14,6,11,16,2,15,12,4,8,13,5$1.0
544$3,7,12,10,1,14,6,11,16,2,15,12,4,9,13,5$1.0
545$3,7,12,10,1,14,6,11,16,2,15,12,4,9,13,5$1.0
546$3,7,12,10,1,14,6,11,16,2,15,12,4,8,13,5$1.0
547$3,7,12,10,1,14,6,11,16,2,15,12,4,9,13,5$1.0
548$3,7,12,10,1,14,6,11,16,2,15,12,4,9,13,5$1.0
549$3,7,12,10,1,14,6,11,16,2,15,12,4,8,13,5$1.0
550$3,7,12,10,1,14,6,11,16,2,15,12,4,9,13,5$1.0
551$3,7,12,10,1,14,6,11,16,2,15,12,4,9,13,5$1.0
552$3,7,12,10,1,14,6,11,16,2,15,12,4,8,13,5$1.0
553$3,7,12,10,1,14,6,11,16,2,15,12,4,8,13,5$1.0
554$3,7,12,10,1,14,6,11,16,2,15,12,4,9,13,5$1.0
555$3,7,12,10,1,14,6,11,16,2,15,12,4,9,13,5$1.0
556$3,7,12,10,1,14,6,11,16,2,15,12,4,9,13,5$1.0
557$3,7,12,10,1,14,6,11,16,2,15,12,4,9,13,5$1.0
558$3,7,12,10,1,14,6,11,16,2,15,12,4,9,13,5$1.0
559$3,7,12,10,1,14,6,11,16,2,15,12,4,8,13,5$1.0
560$3,7,12,10,1,14,6,11,16,2,15,12,4,9,13,5$1.0
561$3,7,12,10,1,14,6,11,16,2,15,12,4,9,13,5$1.0
562$3,7,12,10,1,14,6,11,16,2,15,12,4,9,13,5$1.0
563$3,7,12,10,1,14,6,11,16,2,15,12,4,9,13,5$1.0
564$3,7,12,10,1,14,6,11,16,2,15,12,4,9,13,5$1.0
565$3,7,12,10,1,14,6,11,16,2,15,12,4,8,13,5$1.0
566$3,7,12,10,1,14,6,11,16,2,15,12,4,8,13,5$1.0
567$3,7,12,10,1,14,6,11,16,2,15,12,4,9,13,5$1.0
568$3,7,12,10,1,14,6,11,16,2,15,12,4,8,13,5$1.0
569$3,7,12,10,1,14,6,11,16,2,15,12,4,8,13,5$1.0
570$3,7,12,10,1,14,6,11,16,2,15,12,4,8,13,5$1.0
571$3,7,12,10,1,14,6,11,16,2,15,6,4,9,13,5$1.0
572$3,7,12,10,1,14,6,11,16,2,15,12,4,8,13,5$1.0
573$3,7,12,10,1,14,6,11,16,2,15,12,4,8,13,5$1.0
574$3,7,13,10,1,14,6,11,16,2,15,12,4,8,13,5$1.0
575$3,7,12,10,1,14,6,11,16,2,15,12,4,9,13,5$1.0
576$3,7,12,10,1,14,6,11,16,2,15,12,4,8,13,5$1.0
577$3,7,12,10,1,14,6,11,16,2,15,12,4,8,13,5$1.0
578$3,7,13,10,1,14,6,11,16,2,15,12,4,8,8,5$1.0
579$3,7,12,10,1,14,6,11,16,2,15,12,4,8,13,5$1.0
580$3,7,12,10,1,14,6,11,16,2,15,12,4,8,13,5$1.0
581$3,7,12,10,1,14,6,11,16,2,15,12,4,8,13,5$1.0
582$3,7,12,10,1,14,6,11,16,2,15,12,4,8,13,5$1.0
583$3,7,12,10,1,14,6,11,16,2,15,12,4,8,13,5$1.0
584$3,7,12,10,1,14,6,11,16,2,15,12,4,8,13,5$1.0
585$3,7,12,10,1,14,6,11,16,2,15,12,4,8,13,5$1.0
586$3,7,12,10,1,14,6,11,16,2,15,12,4,9,13,5$1.0
587$3,7,12,10,1,14,6,11,16,2,15,12,4,8,13,5$1.0
588$3,7,12,10,1,14,6,11,16,2,15,12,4,8,13,5$1.0
589$3,7,12,10,1,14,6,11,16,2,15,12,4,8,13,5$1.0
590$3,7,12,10,1,14,6,11,16,2,15,12,4,8,13,5$1.0
591$3,7,12,10,1,14,6,11,16,2,15,12,4,8,13,5$1.0
592$3,7,12,10,1,14,6,11,16,2,15,12,4,9,13,5$1.0
593$3,7,12,10,1,14,6,11,16,2,15,12,4,8,13,5$1.0
594$3,7,12,10,1,14,6,11,16,2,15,12,4,8,13,5$1.0
595$3,7,12,10,1,14,6,11,16,2,15,12,4,8,13,5$1.0
596$3,7,12,10,1,14,6,11,16,2,15,12,4,9,13,5$1.0
597$3,7,12,10,1,14,6,11,16,2,15,12,4,8,13,5$1.0
598$3,7,12,10,1,14,6,11,16,2,15,12,4,8,13,5$1.0
599$3,7,12,10,1,14,6,11,16,2,15,12,4,8,13,5$1.0
600$3,7,12,10,1,14,6,11,16,2,15,12,4,8,13,5$1.0
601$3,7,12,10,1,14,6,11,16,2,15,12,4,8,13,5$1.0
602$3,7,12,10,1,14,6,11,16,2,15,12,4,8,13,5$1.0
603$3,7,12,10,1,14,6,11,16,2,15,12,4,8,13,5$1.0
604$3,7,12,10,1,14,6,11,16,2,15,12,4,8,13,5$1.0
605$3,7,15,10,1,14,6,11,16,2,15,12,4,8,13,5$1.0
606$3,7,12,10,1,14,6,11,16,2,15,12,4,8,13,5$1.0
607$3,7,12,10,1,14,6,11,16,2,15,12,4,8,13,5$1.0
608$3,7,12,10,1,14,6,11,16,2,15,12,4,8,13,5$1.0
609$3,7,13,10,1,14,6,11,16,2,15,12,4,8,13,5$1.0
610$3,7,12,10,1,14,6,11,16,2,15,12,4,8,13,5$1.0
611$3,7,12,10,1,14,6,11,16,2,15,12,4,8,13,5$1.0
612$3,7,15,10,1,14,6,11,16,2,15,12,4,8,13,5$1.0
613$3,7,12,10,1,14,6,11,16,2,15,12,4,8,13,5$1.0
614$3,7,15,10,1,14,6,11,16,2,15,12,4,9,13,5$1.0
615$3,7,13,10,1,14,6,11,16,2,15,12,4,8,13,5$1.0
616$3,7,15,10,1,14,6,11,16,2,15,12,4,8,13,5$1.0
617$3,7,15,10,1,14,6,11,16,2,15,12,4,8,13,5$1.0
618$3,7,15,10,1,14,6,11,16,2,15,12,4,8,13,5$1.0
619$3,7,15,10,1,14,6,11,16,2,15,12,4,9,13,5$1.0
620$3,7,12,10,1,14,6,11,16,2,15,12,4,8,13,5$1.0
621$3,7,15,10,1,14,6,11,16,2,15,12,4,8,13,5$1.0
622$3,7,15,10,1,14,6,11,16,2,15,12,4,8,13,5$1.0
623$3,7,15,10,1,14,6,11,16,2,15,12,4,8,13,5$1.0
624$3,7,15,10,1,14,6,11,16,2,15,12,4,8,13,5$1.0
625$3,7,15,10,1,14,6,11,16,2,15,12,4,8,13,5$1.0
626$3,7,15,10,1,14,6,11,16,2,15,12,4,8,13,5$1.0
627$3,7,15,10,1,14,6,11,16,2,4,12,4,8,13,5$1.0
628$3,7,15,10,1,14,6,11,16,2,15,12,4,8,13,5$1.0
629$3,7,15,10,1,14,6,11,16,2,15,12,4,8,13,5$1.0
630$3,7,13,10,1,14,6,11,16,2,15,12,4,8,13,5$1.0
631$3,7,15,10,1,14,6,11,16,2,4,12,4,8,13,5$1.0
632$3,7,13,10,1,14,6,11,16,2,15,12,4,8,13,5$1.0
633$3,7,13,10,1,14,6,11,16,2,15,12,4,8,13,5$1.0
634$3,7,13,10,1,14,6,11,16,2,15,12,4,8,13,5$1.0
635$3,7,13,10,1,14,6,11,16,2,15,12,4,8,13,5$1.0
636$3,7,13,10,1,14,6,11,16,2,15,12,4,8,13,5$1.0
637$3,7,15,10,1,14,6,11,16,2,15,12,4,8,13,5$1.0
638$3,7,15,10,1,14,6,11,16,2,15,12,4,8,13,5$1.0
639$3,7,15,10,1,14,6,11,16,2,15,12,4,8,13,5$1.0
640$3,7,15,10,1,14,6,11,16,2,15,12,4,8,13,5$1.0
641$3,7,15,10,1,14,6,11,16,2,15,12,4,8,13,5$1.0
642$3,7,15,10,1,14,6,11,16,2,15,12,4,8,13,5$1.0
643$3,7,15,10,1,14,6,11,16,2,15,12,4,8,13,5$1.0
644$3,7,15,10,1,14,6,11,16,2,15,12,4,8,13,5$1.0
645$3,7,15,10,1,14,6,11,16,2,15,12,4,8,13,5$1.0
646$3,7,15,10,1,14,6,11,16,2,15,12,4,8,13,5$1.0
647$3,7,15,10,1,14,6,11,16,2,15,12,4,8,13,5$1.0
648$3,7,4,10,1,14,6,11,16,2,15,12,4,8,13,5$1.0
649$3,7,12,10,1,14,6,11,16,2,15,12,4,8,13,5$1.0
650$3,7,12,10,1,14,6,11,16,2,15,12,4,8,13,5$1.0
651$3,7,12,10,1,14,6,11,16,2,15,12,4,8,13,5$1.0
652$3,7,13,10,1,14,6,11,16,2,15,12,4,8,13,5$1.0
653$3,7,12,10,1,14,6,11,16,2,15,12,4,8,13,5$1.0
654$3,7,4,10,1,14,6,11,16,2,15,12,4,8,13,5$1.0
655$3,7,4,10,1,14,6,11,16,2,15,12,4,8,13,5$1.0
656$3,7,4,10,1,14,6,11,16,2,15,12,3,8,13,5$1.0
657$3,7,15,10,1,14,6,11,16,2,15,12,4,8,13,5$1.0
658$3,7,12,10,1,14,6,11,16,2,15,12,4,8,13,5$1.0
659$3,7,12,10,1,14,6,11,16,2,15,12,4,8,13,5$1.0
660$3,7,4,10,1,14,6,11,16,2,15,12,3,8,13,5$1.0
661$3,7,4,10,1,14,6,11,16,2,15,12,4,8,13,5$1.0
662$3,7,4,10,1,14,6,11,16,2,15,12,4,8,13,5$1.0
663$3,7,4,10,1,14,6,11,16,2,15,12,4,8,13,5$1.0
664$3,7,4,10,1,14,6,11,16,2,15,12,4,8,13,5$1.0
665$3,7,4,10,1,14,6,11,16,2,15,12,4,8,13,5$1.0
666$3,7,12,10,1,14,6,11,16,2,15,12,4,8,13,5$1.0
667$3,7,15,10,1,14,6,11,16,2,15,12,4,8,13,5$1.0
668$3,7,12,10,1,14,6,11,16,2,15,12,4,8,13,5$1.0
669$3,7,12,10,1,14,6,11,16,2,15,12,4,8,13,5$1.0
670$3,7,15,10,1,14,6,11,16,2,15,12,4,8,13,5$1.0
671$3,7,12,10,1,14,6,11,16,2,15,12,4,8,13,5$1.0
672$3,7,12,10,1,14,6,11,16,2,15,12,4,8,13,5$1.0
673$3,7,4,10,1,14,6,11,16,2,15,12,4,8,13,5$1.0
674$3,7,12,10,1,14,6,11,16,2,15,12,4,8,13,5$1.0
675$3,7,4,10,1,14,6,11,16,2,15,12,4,8,13,5$1.0
676$3,7,4,10,1,14,6,11,16,2,15,12,4,8,13,5$1.0
677$3,7,12,10,1,14,6,11,16,2,15,12,4,8,13,5$1.0
678$3,7,12,10,1,14,6,11,16,2,15,12,4,8,13,5$1.0
679$3,7,4,10,1,14,6,11,16,2,15,12,4,8,13,5$1.0
680$3,7,4,10,1,14,6,11,16,2,15,12,4,8,13,5$1.0
681$3,7,13,10,1,14,6,11,16,2,15,12,4,8,13,5$1.0
682$3,7,4,10,1,14,6,11,16,2,15,12,4,8,13,5$1.0
683$3,7,4,10,1,14,6,11,16,2,15,12,4,8,13,5$1.0
684$3,7,12,10,1,14,6,11,16,2,15,12,4,8,13,5$1.0
685$3,7,4,10,1,14,6,11,16,2,15,12,4,8,13,5$1.0
686$3,7,12,10,1,14,6,11,16,2,15,12,4,8,13,5$1.0
687$3,7,4,10,1,14,6,11,16,2,15,12,4,8,13,5$1.0
688$3,7,4,10,1,14,6,11,16,2,15,12,4,8,13,5$1.0
689$3,7,12,10,1,14,6,11,16,2,15,12,4,8,13,5$1.0
690$3,7,13,10,1,14,6,11,16,2,15,12,4,8,13,5$1.0
691$3,7,13,10,1,14,6,11,16,2,15,12,4,8,13,5$1.0
692$3,7,4,10,1,14,6,11,16,2,15,12,4,8,13,5$1.0
693$3,7,12,10,1,14,6,11,16,2,15,12,4,8,13,5$1.0
694$3,7,12,10,1,14,6,11,16,2,15,12,4,8,13,5$1.0
695$3,7,12,10,1,14,6,11,16,2,15,12,4,8,13,5$1.0
696$3,7,4,10,1,14,6,11,16,2,15,12,4,8,13,5$1.0
697$3,7,12,10,1,14,6,11,16,2,15,12,4,8,13,5$1.0
698$3,7,4,10,1,14,6,11,16,2,15,12,4,8,13,5$1.0
699$3,7,4,10,1,14,6,11,16,2,15,12,3,8,13,5$1.0
700$3,7,12,10,1,14,6,11,16,2,15,12,4,8,13,5$1.0
701$3,7,12,10,1,14,6,11,16,2,15,12,4,8,13,5$1.0
702$3,7,4,10,1,14,6,11,16,2,15,12,4,8,13,5$1.0
703$3,7,12,10,1,14,6,11,16,2,15,12,4,8,13,5$1.0
704$3,7,12,10,1,14,6,11,16,2,15,12,4,8,13,5$1.0
705$3,7,12,10,1,14,6,11,16,2,15,12,4,8,13,5$1.0
706$3,7,12,10,1,14,6,11,16,2,15,12,4,8,13,5$1.0
707$3,7,12,10,1,14,6,11,16,2,15,12,4,8,13,5$1.0
708$3,7,12,10,1,14,6,11,16,2,15,12,4,8,13,5$1.0
709$3,7,12,10,1,14,6,11,16,2,15,12,4,8,13,5$1.0
710$3,7,12,10,1,14,6,11,16,2,15,12,4,8,13,5$1.0
711$3,7,12,10,1,14,6,11,16,2,15,12,4,8,13,5$1.0
712$3,7,12,10,1,14,6,11,16,2,15,12,4,8,13,5$1.0
713$3,7,12,10,1,14,6,11,16,2,15,12,4,8,13,5$1.0
714$3,7,12,10,1,14,6,11,16,2,15,12,4,8,13,5$1.0
715$3,7,12,10,1,14,6,11,16,2,15,12,4,8,13,5$1.0
716$3,7,12,10,1,14,6,11,16,2,15,12,4,8,13,5$1.0
717$3,7,15,10,1,14,6,11,16,2,15,12,4,8,13,5$1.0
718$3,7,12,10,1,14,6,11,16,2,15,12,4,8,13,5$1.0
719$3,7,12,10,1,14,6,11,16,2,15,12,4,8,13,5$1.0
720$3,7,15,10,1,14,6,11,16,2,15,12,4,8,13,5$1.0
721$3,7,13,10,1,14,6,11,16,2,15,12,4,8,13,5$1.0
722$3,7,12,10,1,14,6,11,16,2,15,12,4,8,13,5$1.0
723$3,7,15,10,1,14,6,11,16,2,15,12,4,8,13,5$1.0
724$3,7,12,10,1,14,6,11,16,2,15,12,4,8,13,5$1.0
725$3,7,15,10,1,14,6,11,16,2,15,12,4,8,13,5$1.0
726$3,7,15,10,1,14,6,11,16,2,15,12,4,8,13,5$1.0
727$3,7,12,10,1,14,6,11,16,2,15,12,4,8,13,5$1.0
728$3,7,15,10,1,14,6,11,16,2,15,12,4,8,13,5$1.0
729$3,7,13,10,1,14,6,11,16,2,15,12,4,8,13,5$1.0
730$3,7,12,10,1,14,6,11,16,2,15,12,4,8,13,5$1.0
731$3,7,4,10,1,14,6,11,16,2,15,12,4,8,13,5$1.0
732$3,7,4,10,1,14,6,11,16,2,15,12,4,9,13,5$1.0
733$3,7,12,10,1,14,6,11,16,2,15,12,4,8,13,5$1.0
734$3,7,12,10,1,14,6,11,16,2,15,12,4,8,13,5$1.0
735$3,7,12,10,1,14,6,11,16,2,15,12,4,8,13,5$1.0
736$3,7,12,10,1,14,6,11,16,2,15,12,4,8,13,5$1.0
737$3,7,12,10,1,14,6,11,16,2,15,12,4,8,13,5$1.0
738$3,7,12,10,1,14,6,11,16,2,15,12,4,8,13,5$1.0
739$3,7,4,10,1,14,6,11,16,2,15,12,4,8,13,5$1.0
740$3,7,12,10,1,14,6,11,16,2,15,12,4,8,13,5$1.0
741$3,7,12,10,1,14,6,11,16,2,15,12,4,8,13,5$1.0
742$3,7,12,10,1,14,6,11,16,2,15,12,4,8,13,5$1.0
743$3,7,12,10,1,14,6,11,16,2,15,12,4,8,13,5$1.0
744$3,7,12,10,1,14,6,11,16,2,15,12,4,8,13,5$1.0
745$3,7,12,10,1,14,6,11,16,2,15,12,4,8,13,5$1.0
746$3,7,12,10,1,14,6,11,16,2,15,12,4,8,13,5$1.0
747$3,7,4,10,1,14,6,11,16,2,15,12,10,8,13,5$1.0
748$3,7,12,10,1,14,6,11,16,2,15,12,4,8,13,5$1.0
749$3,7,12,10,1,14,6,11,16,2,15,12,4,8,13,5$1.0
750$3,7,12,10,1,14,6,11,16,2,15,12,4,8,13,5$1.0
751$3,7,12,10,1,14,6,11,16,2,15,12,4,8,13,5$1.0
752$3,7,12,10,1,14,6,11,16,2,15,12,4,8,13,5$1.0
753$3,7,12,10,1,14,6,11,16,2,15,12,4,8,13,5$1.0
754$3,7,4,10,1,14,6,11,16,2,15,12,4,8,13,5$1.0
755$3,7,12,10,1,14,6,11,16,2,15,12,4,8,13,5$1.0
756$3,7,12,10,1,14,6,11,16,2,15,12,4,9,13,5$1.0
757$3,7,12,10,1,14,6,11,16,2,15,12,4,8,13,5$1.0
758$3,7,12,10,1,14,6,11,16,2,15,12,4,8,13,5$1.0
759$3,7,12,10,1,14,6,11,16,2,15,12,4,8,13,5$1.0
760$3,7,15,10,1,14,6,11,16,2,15,12,4,8,13,5$1.0
761$3,7,12,10,1,14,6,11,16,2,15,12,4,8,13,5$1.0
762$3,7,4,10,1,14,6,11,16,2,15,12,4,8,13,5$1.0
763$3,7,4,10,1,14,6,11,16,2,15,12,4,8,13,5$1.0
764$3,7,12,10,1,14,6,11,16,2,15,12,4,8,13,5$1.0
765$3,7,12,10,1,14,6,11,16,2,15,12,4,8,13,5$1.0
766$3,7,12,10,1,14,6,11,16,2,15,12,4,8,13,5$1.0
767$3,7,4,10,1,14,6,11,16,2,15,12,4,8,13,5$1.0
768$3,7,4,10,1,14,6,11,16,2,15,12,4,8,13,5$1.0
769$3,7,4,10,1,14,6,11,16,2,15,12,10,8,13,5$1.0
770$3,7,4,10,1,14,6,11,16,2,15,12,4,8,13,5$1.0
771$3,7,12,10,1,14,6,11,16,2,15,12,4,8,13,5$1.0
772$3,7,4,10,1,14,6,11,16,2,15,12,4,8,13,5$1.0
773$3,7,12,10,1,14,6,11,16,2,15,12,4,8,13,5$1.0
774$3,7,4,10,1,14,6,11,16,2,15,12,10,8,13,5$1.0
775$3,7,4,10,1,14,6,11,16,2,15,12,4,8,13,5$1.0
776$3,7,12,10,1,14,6,11,16,2,15,12,4,8,13,5$1.0
777$3,7,4,10,1,14,6,11,16,2,15,12,4,8,13,5$1.0
778$3,7,4,10,1,14,6,11,16,2,15,12,4,9,13,5$1.0
779$3,7,4,10,1,14,6,11,16,2,15,12,4,9,13,5$1.0
780$3,7,4,10,1,14,6,11,16,2,15,12,4,9,13,5$1.0
781$3,7,4,10,1,14,6,11,16,2,15,12,4,8,13,5$1.0
782$3,7,4,10,1,14,6,11,16,2,15,12,4,8,13,5$1.0
783$3,7,4,10,1,14,6,11,16,2,15,12,4,8,13,5$1.0
784$3,7,4,10,1,14,6,11,16,2,15,12,4,8,13,5$1.0
785$3,7,4,10,1,14,6,11,16,2,15,12,4,8,13,5$1.0
786$3,7,4,10,1,14,6,11,16,2,15,12,4,8,13,5$1.0
787$3,7,4,10,1,14,6,11,16,2,15,12,4,8,13,5$1.0
788$3,7,12,10,1,14,6,11,16,2,15,12,4,8,13,5$1.0
789$3,7,12,10,1,14,6,11,16,2,15,12,4,8,13,5$1.0
790$3,7,4,10,1,14,6,11,16,2,15,12,4,8,13,5$1.0
791$3,7,4,10,1,14,6,11,16,2,15,12,4,8,13,5$1.0
792$3,7,4,10,1,14,6,11,16,2,15,12,4,8,13,5$1.0
793$3,7,4,10,1,14,6,11,16,2,15,12,4,8,13,5$1.0
794$3,7,4,10,1,14,6,11,16,2,15,12,4,8,13,5$1.0
795$3,7,4,10,1,14,6,11,16,2,15,12,4,8,13,5$1.0
796$3,7,4,10,1,14,6,11,16,2,15,12,4,8,13,5$1.0
797$3,7,4,10,1,14,6,11,16,2,15,12,4,8,13,5$1.0
798$3,7,4,10,1,14,6,11,16,2,15,12,3,8,13,5$1.0
799$3,7,4,10,1,14,6,11,16,2,15,12,4,8,13,5$1.0
800$3,7,4,10,1,14,6,11,16,2,15,12,4,8,13,5$1.0
801$3,7,12,10,1,14,6,11,16,2,15,12,4,8,13,5$1.0
802$3,7,12,10,1,14,6,11,16,2,15,12,4,8,13,5$1.0
803$3,7,4,10,1,14,6,11,16,2,15,12,4,8,13,5$1.0
804$3,7,12,10,1,14,6,11,16,2,15,12,4,8,13,5$1.0
805$3,7,4,10,1,14,6,11,16,2,15,12,4,8,13,5$1.0
806$3,7,4,10,1,14,6,11,16,2,15,12,4,8,13,5$1.0
807$3,7,4,10,1,14,6,11,16,2,15,12,4,8,13,5$1.0
808$3,7,12,10,1,14,6,11,16,2,15,12,4,8,13,5$1.0
809$3,7,12,10,1,14,6,11,16,2,15,12,4,8,13,5$1.0
810$3,7,4,10,1,14,6,11,16,2,15,12,4,8,13,5$1.0
811$3,7,4,10,1,14,6,11,16,2,15,12,4,8,13,5$1.0
812$3,7,4,10,1,14,6,11,16,2,15,12,4,8,13,5$1.0
813$3,7,4,10,1,14,6,11,16,2,15,12,4,9,13,5$1.0
814$3,7,4,10,1,14,6,11,16,2,15,12,4,8,13,5$1.0
815$3,7,4,10,1,14,6,11,16,2,15,12,4,8,13,5$1.0
816$3,7,12,10,1,14,6,11,16,2,15,12,4,8,13,5$1.0
817$3,7,4,10,1,14,6,11,16,2,15,12,4,9,13,5$1.0
818$3,7,15,10,1,14,6,11,16,2,15,12,4,8,13,5$1.0
819$3,7,4,10,1,14,6,11,16,2,15,12,4,8,13,5$1.0
820$3,7,4,10,1,14,6,11,16,2,15,12,4,8,13,5$1.0
821$3,7,4,10,1,14,6,11,16,2,15,12,10,8,13,5$1.0
822$3,7,4,10,1,14,6,11,16,2,15,12,4,8,13,5$1.0
823$3,7,4,10,1,14,6,11,16,2,15,12,4,8,13,5$1.0
824$3,7,4,10,1,14,6,11,16,2,15,12,4,8,13,5$1.0
825$3,7,4,10,1,14,6,11,16,2,15,12,4,8,13,5$1.0
826$3,7,4,10,1,14,6,11,16,2,15,12,4,8,13,5$1.0
827$3,7,4,10,1,14,6,11,16,2,15,12,4,8,13,5$1.0
828$3,7,4,10,1,14,6,11,16,2,15,12,4,9,13,5$1.0
829$3,7,4,10,1,14,6,11,16,2,15,12,4,8,13,5$1.0
830$3,7,4,10,1,14,6,11,16,2,15,12,4,9,13,5$1.0
831$3,7,4,10,1,14,6,11,16,2,15,12,4,8,13,5$1.0
832$3,7,4,10,1,14,6,11,16,2,15,12,4,8,13,5$1.0
833$3,7,4,10,1,14,6,11,16,2,15,12,4,8,13,5$1.0
834$3,7,4,10,1,14,6,11,16,2,15,12,4,8,13,5$1.0
835$3,7,4,10,1,14,6,11,16,2,15,12,4,9,13,5$1.0
836$3,7,4,10,1,14,6,11,16,2,15,12,4,8,13,5$1.0
837$3,7,12,10,1,14,6,11,16,2,15,12,4,8,13,5$1.0
838$3,7,4,10,1,14,6,11,16,2,15,12,4,8,13,5$1.0
839$3,7,4,10,1,14,6,11,16,2,15,12,4,8,13,5$1.0
840$3,7,12,10,1,14,6,11,16,2,15,12,4,8,13,5$1.0
841$3,7,4,10,1,14,6,11,16,2,15,12,4,8,13,5$1.0
842$3,7,12,10,1,14,6,11,16,2,15,12,4,8,13,5$1.0
843$3,7,15,10,1,14,6,11,16,2,15,12,4,8,13,5$1.0
844$3,7,15,10,1,14,6,11,16,2,15,12,4,8,13,5$1.0
845$3,7,4,10,1,14,6,11,16,2,15,12,4,8,13,5$1.0
846$3,7,12,10,1,14,6,11,16,2,15,12,4,8,13,5$1.0
847$3,7,15,10,1,14,6,11,16,2,15,12,4,8,13,5$1.0
848$3,7,4,10,1,14,6,11,16,2,15,12,4,8,13,5$1.0
849$3,7,4,10,1,14,6,11,16,2,15,12,4,8,13,5$1.0
850$3,7,4,10,1,14,6,11,16,2,15,12,4,8,13,5$1.0
851$3,7,12,10,1,14,6,11,16,2,15,12,4,8,13,5$1.0
852$3,7,15,10,1,14,6,11,16,2,15,12,4,8,13,5$1.0
853$3,7,15,10,1,14,6,11,16,2,15,12,4,8,13,5$1.0
854$3,7,15,10,1,14,6,11,16,2,15,12,4,8,13,5$1.0
855$3,7,15,10,1,14,6,11,16,2,15,12,4,8,13,5$1.0
856$3,7,15,10,1,14,6,11,16,2,15,12,4,9,13,5$1.0
857$3,7,13,10,1,14,6,11,16,2,15,12,4,8,13,5$1.0
858$3,7,15,10,1,14,6,11,16,2,15,12,4,8,13,5$1.0
859$3,7,15,10,1,14,6,11,16,2,15,12,4,9,13,5$1.0
860$3,7,13,10,1,14,6,11,16,2,15,12,4,8,13,5$1.0
861$3,7,15,10,1,14,6,11,16,2,15,12,4,8,13,5$1.0
862$3,7,4,10,1,14,6,11,16,2,15,12,4,8,13,5$1.0
863$3,7,15,10,1,14,6,11,16,2,15,12,4,8,13,5$1.0
864$3,7,13,10,1,14,6,11,16,2,15,12,4,8,13,5$1.0
865$3,7,12,10,1,14,6,11,16,2,15,12,4,8,13,5$1.0
866$3,7,15,10,1,14,6,11,16,2,15,12,4,8,13,5$1.0
867$3,7,15,10,1,14,6,11,16,2,15,12,4,8,13,5$1.0
868$3,7,15,10,1,14,6,11,16,2,15,12,4,8,13,5$1.0
869$3,7,15,10,1,14,6,11,16,2,15,12,4,8,13,5$1.0
870$3,7,12,10,1,14,6,11,16,2,15,12,4,8,13,5$1.0
871$3,7,13,10,1,14,6,11,16,2,15,12,4,9,13,5$1.0
872$3,7,13,10,1,14,6,11,16,2,15,12,4,8,13,5$1.0
873$3,7,12,10,1,14,6,11,16,2,15,12,4,8,13,5$1.0
874$3,7,12,10,1,14,6,11,16,2,15,12,4,8,13,5$1.0
875$3,7,12,10,1,14,6,11,16,2,15,12,4,8,13,5$1.0
876$3,7,12,10,1,14,6,11,16,2,15,12,4,8,13,5$1.0
877$3,7,13,10,1,14,6,11,16,2,15,12,4,8,8,5$1.0
878$3,7,15,10,1,14,6,11,16,2,15,12,4,8,13,5$1.0
879$3,7,12,10,1,14,6,11,16,2,15,12,4,8,13,5$1.0
880$3,7,12,10,1,14,6,11,16,2,15,12,4,8,13,5$1.0
881$3,7,13,10,1,14,6,11,16,2,15,12,4,8,13,5$1.0
882$3,7,12,10,1,14,6,11,16,2,15,12,4,8,13,5$1.0
883$3,7,12,10,1,14,6,11,16,2,15,12,4,8,13,5$1.0
884$3,7,15,10,1,14,6,11,16,2,15,12,4,8,13,5$1.0
885$3,7,12,10,1,14,6,11,16,2,15,12,4,8,13,5$1.0
886$3,7,12,10,1,14,6,11,16,2,15,12,4,8,13,5$1.0
887$3,7,12,10,1,14,6,11,16,2,15,12,4,8,13,5$1.0
888$3,7,4,10,1,14,6,11,16,2,15,12,4,8,13,5$1.0
889$3,7,13,10,1,14,6,11,16,2,15,12,4,8,13,5$1.0
890$3,7,4,10,1,14,6,11,16,2,15,12,4,8,13,5$1.0
891$3,7,12,10,1,14,6,11,16,2,15,12,4,8,13,5$1.0
892$3,7,12,10,1,14,6,11,16,2,15,12,4,8,13,5$1.0
893$3,7,13,10,1,14,6,11,16,2,15,12,4,8,13,5$1.0
894$3,7,12,10,1,14,6,11,16,2,15,12,4,8,13,5$1.0
895$3,7,12,10,1,14,6,11,16,2,15,12,4,8,13,5$1.0
896$3,7,12,10,1,14,6,11,16,2,15,12,4,8,13,5$1.0
897$3,7,13,10,1,14,6,11,16,2,15,12,4,8,13,5$1.0
898$3,7,13,10,1,14,6,11,16,2,15,12,4,8,13,5$1.0
899$3,7,4,10,1,14,6,11,16,2,15,12,4,8,13,5$1.0
900$3,7,12,10,1,14,6,11,16,2,15,12,4,8,13,5$1.0
901$3,7,12,10,1,14,6,11,16,2,15,12,4,8,13,5$1.0
902$3,7,12,10,1,14,6,11,16,2,15,12,4,8,13,5$1.0
903$3,7,13,10,1,14,6,11,16,2,15,12,4,8,13,5$1.0
904$3,7,12,10,1,14,6,11,16,2,15,12,4,8,13,5$1.0
905$3,7,12,10,1,14,6,11,16,2,15,12,4,8,13,5$1.0
906$3,7,13,10,1,14,6,11,16,2,15,12,4,8,13,5$1.0
907$3,7,12,10,1,14,6,11,16,2,15,12,4,8,13,5$1.0
908$3,7,12,10,1,14,6,11,16,2,15,12,4,8,13,5$1.0
909$3,7,12,10,1,14,6,11,16,2,15,12,4,8,13,5$1.0
910$3,7,12,10,1,14,6,11,16,2,15,12,4,8,13,5$1.0
911$3,7,12,10,1,14,6,11,16,2,15,12,4,8,13,5$1.0
912$3,7,12,10,1,14,6,11,16,2,15,12,4,8,13,5$1.0
913$3,7,12,10,1,14,6,11,16,2,15,12,4,8,13,5$1.0
914$3,7,12,10,1,14,6,11,16,2,15,12,4,8,13,5$1.0
915$3,7,12,10,1,14,6,11,16,2,15,12,4,8,13,5$1.0
916$3,7,12,10,1,14,6,11,16,2,15,12,4,8,13,5$1.0
917$3,7,12,10,1,14,6,11,16,2,15,12,4,8,13,5$1.0
918$3,7,12,10,1,14,6,11,16,2,15,12,4,8,13,5$1.0
919$3,7,12,10,1,14,6,11,16,2,15,12,4,8,13,5$1.0
920$3,7,12,10,1,14,6,11,16,2,15,12,4,8,13,5$1.0
921$3,7,12,10,1,14,6,11,16,2,15,12,4,8,13,5$1.0
922$3,7,13,10,1,14,6,11,16,2,15,12,4,8,13,5$1.0
923$3,7,12,10,1,14,6,11,16,2,15,12,4,8,13,5$1.0
924$3,7,13,10,1,14,6,11,16,2,15,12,4,8,13,5$1.0
925$3,7,12,10,1,14,6,11,16,2,15,12,4,8,13,5$1.0
926$3,7,12,10,1,14,6,11,16,2,15,12,4,8,13,5$1.0
927$3,7,12,10,1,14,6,11,16,2,15,12,4,8,13,5$1.0
928$3,7,12,10,1,14,6,11,16,2,15,12,4,8,13,5$1.0
929$3,7,12,10,1,14,6,11,16,2,15,12,4,8,13,5$1.0
930$3,7,12,10,1,14,6,11,16,2,15,12,4,8,13,5$1.0
931$3,7,12,10,1,14,6,11,16,2,15,12,4,8,13,5$1.0
932$3,7,12,10,1,14,6,11,16,2,15,12,4,8,13,5$1.0
933$3,7,12,10,1,14,6,11,16,2,15,12,4,8,13,5$1.0
934$3,7,12,10,1,14,6,11,16,2,15,12,4,8,13,5$1.0
935$3,7,12,10,1,14,6,11,16,2,15,12,4,9,13,5$1.0
936$3,7,12,10,1,14,6,11,16,2,15,12,4,8,13,5$1.0
937$3,7,12,10,1,14,6,11,16,2,15,12,4,8,13,5$1.0
938$3,7,12,10,1,14,6,11,16,2,15,12,4,8,13,5$1.0
939$3,7,13,10,1,14,6,11,16,2,15,12,4,8,13,5$1.0
940$3,7,13,10,1,14,6,11,16,2,15,12,4,8,13,5$1.0
941$3,7,13,10,1,14,6,11,16,2,15,12,4,8,13,5$1.0
942$3,7,15,10,1,14,6,11,16,2,15,12,4,8,13,5$1.0
943$3,7,13,10,1,14,6,11,16,2,15,12,4,8,13,5$1.0
944$3,7,13,10,1,14,6,11,16,2,15,12,4,8,13,5$1.0
945$3,7,12,10,1,14,6,11,16,2,15,12,4,8,13,5$1.0
946$3,7,15,10,1,14,6,11,16,2,15,12,4,8,13,5$1.0
947$3,7,13,10,1,14,6,11,16,2,15,12,4,8,13,5$1.0
948$3,7,12,10,1,14,6,11,16,2,15,12,4,8,13,5$1.0
949$3,7,15,10,1,14,6,11,16,2,15,12,4,8,13,5$1.0
950$3,7,12,10,1,14,6,11,16,2,15,12,4,8,13,5$1.0
951$3,7,12,10,1,14,6,11,16,2,15,12,4,8,13,5$1.0
952$3,7,15,10,1,14,6,11,16,2,15,12,4,8,13,5$1.0
953$3,7,12,10,1,14,6,11,16,2,15,12,4,8,13,5$1.0
954$3,7,13,10,1,14,6,11,16,2,15,12,4,8,13,5$1.0
955$3,7,4,10,1,14,6,11,16,2,15,12,4,8,13,5$1.0
956$3,7,12,10,1,14,6,11,16,2,15,12,4,8,13,5$1.0
957$3,7,12,10,1,14,6,11,16,2,15,12,4,8,13,5$1.0
958$3,7,12,10,1,14,6,11,16,2,15,12,4,8,13,5$1.0
959$3,7,4,10,1,14,6,11,16,2,15,12,4,8,13,5$1.0
960$3,7,4,10,1,14,6,11,16,2,15,12,4,8,13,5$1.0
961$3,7,12,10,1,14,6,11,16,2,15,12,4,8,13,5$1.0
962$3,7,4,10,1,14,6,11,16,2,15,12,4,8,13,5$1.0
963$3,7,12,10,1,14,6,11,16,2,15,12,4,8,13,5$1.0
964$3,7,4,10,1,14,6,11,16,2,15,12,4,8,13,5$1.0
965$3,7,4,10,1,14,6,11,16,2,15,12,4,8,13,5$1.0
966$3,7,12,10,1,14,6,11,16,2,15,12,4,8,13,5$1.0
967$3,7,4,10,1,14,6,11,16,2,15,12,4,8,13,5$1.0
968$3,7,4,10,1,14,6,11,16,2,15,12,4,8,13,5$1.0
969$3,7,4,10,1,14,6,11,16,2,15,12,4,8,13,5$1.0
970$3,7,12,10,1,14,6,11,16,2,15,12,4,9,13,5$1.0
971$3,7,4,10,1,14,6,11,16,2,15,12,4,8,13,5$1.0
972$3,7,15,10,1,14,6,11,16,2,15,12,4,8,13,5$1.0
973$3,7,15,10,1,14,6,11,16,2,15,12,4,9,13,5$1.0
974$3,7,4,10,1,14,6,11,16,2,15,12,4,8,13,5$1.0
975$3,7,4,10,1,14,6,11,16,2,15,12,4,8,13,5$1.0
976$3,7,4,10,1,14,6,11,16,2,15,12,4,8,13,5$1.0
977$3,7,4,10,1,14,6,11,16,2,15,12,4,9,13,5$1.0
978$3,7,4,10,1,14,6,11,16,2,15,12,4,8,13,5$1.0
979$3,7,4,10,1,14,6,11,16,2,15,12,4,8,13,5$1.0
980$3,7,4,10,1,14,6,11,16,2,15,12,4,8,13,5$1.0
981$3,7,4,10,1,14,6,11,16,2,15,12,4,8,13,5$1.0
982$3,7,4,10,1,14,6,11,16,2,15,12,4,8,13,5$1.0
983$3,7,13,10,1,14,6,11,16,2,15,12,4,9,13,5$1.0
984$3,7,4,10,1,14,6,11,16,2,15,12,4,9,13,5$1.0
985$3,7,13,10,1,14,6,11,16,2,15,12,4,9,13,5$1.0
986$3,7,4,10,1,14,6,11,16,2,15,12,4,8,13,5$1.0
987$3,7,12,10,1,14,6,11,16,2,15,12,4,9,13,5$1.0
988$3,7,4,10,1,14,6,11,16,2,15,12,4,9,13,5$1.0
989$3,7,4,10,1,14,6,11,16,2,15,12,4,8,13,5$1.0
990$3,7,4,10,1,14,6,11,16,2,15,12,4,8,13,5$1.0
991$3,7,13,10,1,14,6,11,16,2,15,12,4,9,13,5$1.0
992$3,7,12,10,1,14,6,11,16,2,15,12,4,8,13,5$1.0
993$3,7,4,10,1,14,6,11,16,2,15,12,4,9,13,5$1.0
994$3,7,4,10,1,14,6,11,16,2,15,12,4,9,13,5$1.0
995$3,7,13,10,1,14,6,11,16,2,15,12,4,8,13,5$1.0
996$3,7,12,10,1,14,6,11,16,2,15,12,4,8,13,5$1.0
997$3,7,15,10,1,14,6,11,16,2,15,12,4,9,13,5$1.0
998$3,7,12,10,1,14,6,11,16,2,15,12,4,9,13,5$1.0
999$3,7,12,10,1,14,6,11,16,2,15,12,4,9,13,5$1.0
1000$3,7,12,10,1,14,6,11,16,2,15,12,4,9,13,5$1.0
1001$3,7,13,10,1,14,6,11,16,2,15,12,4,8,13,5$1.0
1002$3,7,13,10,1,14,6,11,16,2,15,12,4,9,13,5$1.0
1003$3,7,15,10,1,14,6,11,16,2,15,12,4,9,13,5$1.0
1004$3,7,13,10,1,14,6,11,16,2,15,12,4,8,13,5$1.0
1005$3,7,13,10,1,14,6,11,16,2,15,12,4,9,13,5$1.0
1006$3,7,13,10,1,14,6,11,16,2,15,12,4,9,13,5$1.0
1007$3,7,13,10,1,14,6,11,16,2,15,12,4,9,13,5$1.0
1008$3,7,15,10,1,14,8,11,16,2,15,12,4,9,13,5$1.0
1009$3,7,13,10,1,14,6,11,16,2,15,12,4,8,8,5$1.0
1010$3,7,12,10,1,14,6,11,16,2,15,12,4,9,13,5$1.0
1011$3,7,12,10,1,14,6,11,16,2,15,12,4,8,13,5$1.0
1012$3,7,15,10,1,14,6,11,16,2,15,12,4,9,13,5$1.0
1013$3,7,13,10,1,14,8,11,16,2,15,12,4,9,13,5$1.0
1014$3,7,13,10,1,14,8,11,16,2,15,12,4,9,13,5$1.0
1015$3,7,13,10,1,14,6,11,16,2,15,12,4,9,13,5$1.0
1016$3,7,15,10,1,14,8,11,16,2,5,12,4,9,13,5$1.0
1017$3,7,15,10,1,14,6,11,16,2,15,12,4,8,13,5$1.0
1018$3,7,15,10,1,14,6,11,16,2,15,12,4,8,13,5$1.0
1019$3,7,15,10,1,14,6,11,16,2,15,12,4,8,13,5$1.0
1020$3,7,13,10,1,14,8,11,16,2,15,12,4,9,13,5$1.0
1021$3,7,13,10,1,14,6,11,16,2,15,12,4,9,12,5$1.0
1022$3,7,15,10,1,14,8,11,16,2,15,12,4,9,13,5$1.0
1023$3,7,15,10,1,14,6,11,16,2,15,12,4,9,13,5$1.0
1024$3,7,13,10,1,14,6,11,16,2,15,12,4,8,13,5$1.0
1025$3,7,15,10,1,14,6,11,16,2,15,12,4,8,13,5$1.0
1026$3,7,15,10,1,14,6,11,16,2,15,12,4,9,13,5$1.0
1027$3,7,15,10,1,14,6,11,16,2,15,12,4,8,13,5$1.0
1028$3,7,13,10,1,14,6,11,16,2,15,12,4,9,13,5$1.0
1029$3,7,13,10,1,14,6,11,16,2,15,12,4,9,13,5$1.0
1030$3,7,13,10,1,14,8,11,16,2,15,12,4,9,13,5$1.0
1031$3,7,15,10,1,14,6,11,16,2,15,12,4,9,13,5$1.0
1032$3,7,13,10,1,14,6,11,16,2,15,12,4,9,13,5$1.0
1033$3,7,13,10,1,14,6,11,16,2,15,12,4,9,13,5$1.0
1034$3,7,15,10,1,14,6,11,16,2,15,12,4,9,13,5$1.0
1035$3,7,13,10,1,14,6,11,16,2,15,12,4,9,13,5$1.0
1036$3,7,15,10,1,14,6,11,16,2,15,12,4,9,13,5$1.0
1037$3,7,15,10,1,14,6,11,16,2,15,12,4,9,13,5$1.0
1038$3,7,15,10,1,14,6,11,16,2,15,12,4,9,13,5$1.0
1039$3,7,15,10,1,14,6,11,16,2,15,12,4,8,13,5$1.0
1040$3,7,15,10,1,14,6,11,16,2,15,12,4,9,13,5$1.0
1041$3,7,15,10,1,14,6,11,16,2,15,12,4,9,13,5$1.0
1042$3,7,15,10,1,14,6,11,16,2,4,12,3,8,13,5$1.0
1043$3,7,15,10,1,14,6,11,16,2,15,12,4,9,13,5$1.0
1044$3,7,15,10,1,14,6,11,16,2,15,12,4,9,13,5$1.0
1045$3,7,15,10,1,14,6,11,16,2,15,12,4,9,13,5$1.0
1046$3,7,15,10,1,14,6,11,16,2,15,12,4,9,13,5$1.0
1047$3,7,15,10,1,14,6,11,16,2,15,12,4,9,13,5$1.0
1048$3,7,15,10,1,14,6,11,16,2,15,12,4,9,13,5$1.0
1049$3,7,15,10,1,14,6,11,16,2,15,12,4,9,13,5$1.0
1050$3,7,15,10,1,14,6,11,16,2,15,12,4,9,13,5$1.0
1051$3,7,15,10,1,14,6,11,16,2,15,12,4,9,13,5$1.0
1052$3,7,15,10,1,14,6,11,16,2,4,12,4,9,13,5$1.0
1053$3,7,15,10,1,14,6,11,16,2,15,12,4,9,13,5$1.0
1054$3,7,15,10,1,14,6,11,16,2,15,12,4,9,13,5$1.0
1055$3,7,12,10,1,14,6,11,16,2,15,12,4,9,13,5$1.0
1056$3,7,12,10,1,14,6,11,16,2,15,12,4,9,13,5$1.0
1057$3,7,15,10,1,14,6,11,16,2,15,12,4,9,13,5$1.0
1058$3,7,15,10,1,14,6,11,16,2,15,12,4,9,13,5$1.0
1059$3,7,15,10,1,14,6,11,16,2,15,12,4,9,13,5$1.0
1060$3,7,15,10,1,14,6,11,16,2,15,12,4,9,13,5$1.0
1061$3,7,12,10,1,14,6,11,16,2,15,12,4,8,13,5$1.0
1062$3,7,15,10,1,14,6,11,16,2,5,12,4,9,13,5$1.0
1063$3,7,15,10,1,14,6,11,16,2,15,12,4,9,13,5$1.0
1064$3,7,15,10,1,14,6,11,16,2,15,12,4,9,13,5$1.0
1065$3,7,15,10,1,14,6,11,16,2,15,12,4,8,13,5$1.0
1066$3,7,15,10,1,14,6,11,16,2,15,12,4,9,13,5$1.0
1067$3,7,15,10,1,14,6,11,16,2,15,12,4,9,13,5$1.0
1068$3,7,15,10,1,14,6,11,16,2,15,12,4,9,13,5$1.0
1069$3,7,12,10,1,14,6,11,16,2,15,12,4,9,13,5$1.0
1070$3,7,15,10,1,14,6,11,16,2,15,12,4,9,13,5$1.0
1071$3,7,15,10,1,14,6,11,16,2,15,12,4,8,13,5$1.0
1072$3,7,15,10,1,14,6,11,16,2,5,12,4,9,13,5$1.0
1073$3,7,15,10,1,14,6,11,16,2,15,12,4,8,13,5$1.0
1074$3,7,15,10,1,14,6,11,16,2,15,12,4,8,13,5$1.0
1075$3,7,15,10,1,14,6,11,16,2,15,12,4,8,13,5$1.0
1076$3,7,15,10,1,14,6,11,16,2,15,12,4,8,13,5$1.0
1077$3,7,13,10,1,14,6,11,16,2,15,12,4,8,13,5$1.0
1078$3,7,15,10,1,14,6,11,16,2,15,12,4,8,13,5$1.0
1079$3,7,15,10,1,14,6,11,16,2,15,12,4,8,13,5$1.0
1080$3,7,15,10,1,14,6,11,16,2,15,12,4,8,13,5$1.0
1081$3,7,15,10,1,14,6,11,16,2,4,12,4,8,13,5$1.0
1082$3,7,15,10,1,14,6,11,16,2,12,12,4,8,13,5$1.0
1083$3,7,15,10,1,14,6,11,16,2,15,12,4,9,13,5$1.0
1084$3,7,15,10,1,14,6,11,16,2,15,12,4,8,13,5$1.0
1085$3,7,15,10,1,14,6,11,16,2,15,12,4,8,13,5$1.0
1086$3,7,13,10,1,14,6,11,16,2,15,12,4,8,13,5$1.0
1087$3,7,15,10,1,14,6,11,16,2,15,12,4,8,13,5$1.0
1088$3,7,15,10,1,14,6,11,16,2,15,12,4,9,13,5$1.0
1089$3,7,15,10,1,14,6,11,16,2,15,12,4,8,13,5$1.0
1090$3,7,15,10,1,14,6,11,16,2,15,12,4,8,13,5$1.0
1091$3,7,15,10,1,14,6,11,16,2,15,12,4,9,13,5$1.0
1092$3,7,15,10,1,14,6,11,16,2,12,12,4,8,13,5$1.0
1093$3,7,15,10,1,14,6,11,16,2,15,12,4,8,13,5$1.0
1094$3,7,15,10,1,14,6,11,16,2,15,12,4,9,13,5$1.0
1095$3,7,15,10,1,14,6,11,16,2,15,12,4,8,13,5$1.0
1096$3,7,4,10,1,14,6,11,16,2,15,12,4,9,13,5$1.0
1097$3,7,15,10,1,14,6,11,16,2,12,12,4,8,13,5$1.0
1098$3,7,15,10,1,14,6,11,16,2,15,12,4,8,13,5$1.0
1099$3,7,15,10,1,14,6,11,16,2,15,12,4,9,13,5$1.0
1100$3,7,15,10,1,14,6,11,16,2,15,12,4,9,13,5$1.0
1101$3,7,15,10,1,14,6,11,16,2,15,12,4,9,13,5$1.0
1102$3,7,15,10,1,14,6,11,16,2,15,12,4,8,13,5$1.0
1103$3,7,15,10,1,14,6,11,16,2,12,12,4,8,13,5$1.0
1104$3,7,15,10,1,14,6,11,16,2,15,12,4,8,13,5$1.0
1105$3,7,15,10,1,14,6,11,16,2,15,12,4,9,13,5$1.0
1106$3,7,13,10,1,14,6,11,16,2,15,12,4,8,13,5$1.0
1107$3,7,15,10,1,14,6,11,16,2,4,12,4,9,13,5$1.0
1108$3,7,15,10,1,14,6,11,16,2,15,12,4,8,13,5$1.0
1109$3,7,15,10,1,14,6,11,16,2,12,12,4,8,13,5$1.0
1110$3,7,15,10,1,14,6,11,16,2,15,12,4,9,13,5$1.0
1111$3,7,15,10,1,14,6,11,16,2,15,12,4,8,13,5$1.0
1112$3,7,15,10,1,14,6,11,16,2,15,12,4,8,13,5$1.0
1113$3,7,15,10,1,14,6,11,16,2,4,12,4,8,13,5$1.0
1114$3,7,15,10,1,14,6,11,16,2,15,12,4,8,13,5$1.0
1115$3,7,15,10,1,14,6,11,16,2,15,12,4,8,13,5$1.0
1116$3,7,15,10,1,14,6,11,16,2,12,12,4,8,13,5$1.0
1117$3,7,15,10,1,14,6,11,16,2,15,12,4,8,13,5$1.0
1118$3,7,15,10,1,14,6,11,16,2,4,12,4,8,13,5$1.0
1119$3,7,15,10,1,14,6,11,16,2,4,12,4,8,13,5$1.0
1120$3,7,15,10,1,14,6,11,16,2,4,12,4,8,13,5$1.0
1121$3,7,15,10,1,14,6,11,16,2,4,12,4,8,13,5$1.0
1122$3,7,15,10,1,14,6,11,16,2,12,12,4,8,13,5$1.0
1123$3,7,15,10,1,14,6,11,16,2,15,12,4,8,13,5$1.0
1124$3,7,15,10,1,14,6,11,16,2,12,12,4,8,13,5$1.0
1125$3,7,15,10,1,14,6,11,16,2,15,12,4,8,13,5$1.0
1126$3,7,15,10,1,14,6,11,16,2,15,12,4,8,13,5$1.0
1127$3,7,15,10,1,14,6,11,16,2,15,12,4,8,13,5$1.0
1128$3,7,15,10,1,14,6,11,16,2,4,12,4,8,13,5$1.0
1129$3,7,15,10,1,14,6,11,16,2,15,12,4,8,13,5$1.0
1130$3,7,15,10,1,14,6,11,16,2,4,12,14,8,13,5$1.0
1131$3,7,15,10,1,14,6,11,16,2,15,12,4,8,13,5$1.0
1132$3,7,15,10,1,14,6,11,16,2,15,12,4,8,13,5$1.0
1133$3,7,15,10,1,14,6,11,16,2,15,12,4,8,13,5$1.0
1134$3,7,15,10,1,14,6,11,16,2,15,12,4,8,13,5$1.0
1135$3,7,15,10,1,14,6,11,16,2,15,12,4,8,13,5$1.0
1136$3,7,15,10,1,14,6,11,16,2,4,12,3,8,13,5$1.0
1137$3,7,15,10,1,14,6,11,16,2,4,12,3,8,13,5$1.0
1138$3,7,15,10,1,14,6,11,16,2,15,12,4,8,13,5$1.0
1139$3,7,15,10,1,14,6,11,16,2,4,12,3,8,13,5$1.0
1140$3,7,15,10,1,14,6,11,16,2,4,12,3,8,13,5$1.0
1141$3,7,15,10,1,14,6,11,16,2,15,12,4,8,13,5$1.0
1142$3,7,15,10,1,14,6,11,16,2,4,12,3,8,13,5$1.0
1143$3,7,15,10,1,14,6,11,16,2,4,12,3,8,13,5$1.0
1144$3,7,15,10,1,14,6,11,16,2,4,12,3,8,13,5$1.0
1145$3,7,15,10,1,14,6,11,16,2,15,12,4,8,13,5$1.0
1146$3,7,15,10,1,14,6,11,16,2,4,12,10,8,13,5$1.0
1147$3,7,15,10,1,14,6,11,16,2,4,12,3,8,13,5$1.0
1148$3,7,15,10,1,14,6,11,16,2,4,12,4,8,13,5$1.0
1149$3,7,15,10,1,14,6,11,16,2,15,12,4,8,13,5$1.0
1150$3,7,15,10,1,14,6,11,16,2,4,12,3,8,13,5$1.0
1151$3,7,15,10,1,14,6,11,16,2,15,12,4,8,13,5$1.0
1152$3,7,15,10,1,14,6,11,16,2,4,12,3,8,13,5$1.0
1153$3,7,15,10,1,14,6,11,16,2,4,12,4,8,13,5$1.0
1154$3,7,15,10,1,14,6,11,16,2,4,12,3,8,13,5$1.0
1155$3,7,15,10,1,14,6,11,16,2,4,12,3,8,13,5$1.0
1156$3,7,15,10,1,14,6,11,16,2,4,12,3,8,13,5$1.0
1157$3,7,15,10,1,14,6,11,16,2,4,12,4,8,13,5$1.0
1158$3,7,15,10,1,14,6,11,16,2,4,12,3,8,13,5$1.0
1159$3,7,15,10,1,14,6,11,16,2,4,12,3,8,13,5$1.0
1160$3,7,15,10,1,14,6,11,16,2,4,12,3,8,13,5$1.0
1161$3,7,15,10,1,14,6,11,16,2,4,12,3,8,13,5$1.0
1162$3,7,15,10,1,14,6,11,16,2,4,12,3,8,13,5$1.0
1163$3,7,15,10,1,14,6,11,16,2,4,12,3,8,13,5$1.0
1164$3,7,15,10,1,14,6,11,16,2,4,12,3,8,13,5$1.0
1165$3,7,15,10,1,14,6,11,16,2,4,12,4,8,13,5$1.0
1166$3,7,15,10,1,14,6,11,16,2,4,12,10,8,13,5$1.0
1167$10,7,15,10,1,14,6,11,16,2,4,12,3,8,13,5$1.0
1168$3,7,15,10,1,14,6,11,16,2,4,12,3,9,13,5$1.0
1169$3,7,15,10,1,14,6,11,16,2,4,12,3,8,13,5$1.0
1170$3,7,15,10,1,14,6,11,16,2,4,12,3,8,13,5$1.0
1171$3,7,15,10,1,14,6,11,16,2,4,12,10,8,13,5$1.0
1172$3,7,15,10,1,14,6,11,16,2,4,12,10,8,13,5$1.0
1173$3,7,15,10,1,14,6,11,16,2,4,12,4,8,13,5$1.0
1174$3,7,15,10,1,14,6,11,16,2,4,12,4,8,13,5$1.0
1175$3,7,15,10,1,14,6,11,16,2,4,12,3,8,13,5$1.0
1176$3,7,15,10,1,14,6,11,16,2,4,12,3,9,13,5$1.0
1177$3,7,15,10,1,14,6,11,16,2,4,12,4,8,13,5$1.0
1178$3,7,15,10,1,14,6,11,16,2,4,12,3,8,13,5$1.0
1179$3,7,15,10,1,14,6,11,16,2,4,12,3,8,13,5$1.0
1180$3,7,15,10,1,14,6,11,16,2,4,12,3,8,13,5$1.0
1181$3,7,15,10,1,14,6,11,16,2,4,12,4,8,13,5$1.0
1182$3,7,15,10,1,14,6,11,16,2,4,12,4,8,13,5$1.0
1183$3,7,15,10,1,14,6,11,16,2,4,12,3,8,13,5$1.0
1184$2,7,15,10,1,14,6,11,16,2,4,12,3,8,13,5$1.0
1185$3,7,15,10,1,14,6,11,16,2,4,12,3,8,13,5$1.0
1186$3,7,15,10,1,14,6,11,16,2,4,12,3,8,13,5$1.0
1187$3,7,15,10,1,14,6,11,16,2,4,12,3,8,13,5$1.0
1188$3,7,15,10,1,14,6,9,16,2,4,12,10,8,13,5$1.0
1189$3,7,15,10,1,14,6,9,16,2,4,12,3,8,13,5$1.0
1190$2,7,15,10,1,14,6,11,16,2,4,12,3,8,13,5$1.0
1191$3,7,15,10,1,14,6,11,16,2,4,12,3,8,13,5$1.0
1192$2,7,15,10,1,14,6,11,16,2,4,12,3,8,13,5$1.0
1193$2,7,15,10,1,14,6,11,16,2,4,12,3,8,13,5$1.0
1194$3,7,15,10,1,14,6,11,16,2,4,12,3,8,13,5$1.0
1195$3,7,15,10,1,14,6,11,16,2,4,12,3,8,13,5$1.0
1196$3,7,15,10,1,14,6,11,16,2,4,12,3,8,13,5$1.0
1197$2,7,15,10,1,14,6,11,16,2,4,12,3,8,13,5$1.0
1198$2,7,15,10,1,14,6,11,16,2,4,12,3,8,13,5$1.0
1199$2,7,15,10,1,14,6,11,16,2,4,12,3,8,13,5$1.0
1200$2,7,15,10,1,14,6,11,16,2,4,12,3,8,13,5$1.0
1201$3,7,15,10,1,14,6,11,16,2,4,12,3,8,13,5$1.0
1202$2,7,15,10,1,14,6,11,16,2,4,12,3,8,13,5$1.0
1203$3,7,15,10,1,14,6,11,16,2,4,12,3,8,13,5$1.0
1204$2,7,15,10,1,14,6,11,16,2,4,12,3,8,13,5$1.0
1205$2,7,15,10,1,14,6,11,16,2,4,12,3,8,13,5$1.0
1206$2,7,15,10,1,14,6,11,16,2,4,12,3,8,13,5$1.0
1207$2,7,15,10,1,14,6,11,16,2,4,12,3,8,13,5$1.0
1208$2,7,15,10,1,14,6,11,16,2,4,12,3,8,13,5$1.0
1209$2,7,15,10,1,14,6,11,16,2,4,12,3,8,13,5$1.0
1210$2,7,15,10,1,14,6,11,16,2,4,12,3,8,13,5$1.0
1211$2,7,15,10,1,14,6,11,16,2,4,12,3,8,13,5$1.0
1212$2,7,15,10,1,14,6,11,16,2,4,12,3,8,13,5$1.0
1213$2,7,15,10,1,14,6,11,16,2,4,12,3,8,13,5$1.0
1214$3,7,15,10,1,14,6,11,16,2,4,12,3,8,13,5$1.0
1215$2,7,15,10,1,14,6,11,16,2,4,12,3,8,13,5$1.0
1216$2,7,15,10,1,14,6,11,16,2,4,12,3,8,13,5$1.0
1217$2,7,15,10,1,14,6,11,16,2,4,12,3,8,13,5$1.0
1218$2,7,15,10,1,14,6,11,16,2,4,12,3,8,13,5$1.0
1219$3,7,15,10,1,14,6,11,16,2,4,12,3,8,13,5$1.0
1220$10,7,15,10,1,14,6,11,16,2,4,12,3,8,13,5$1.0
1221$10,7,15,10,1,14,6,11,16,2,4,12,3,8,13,5$1.0
1222$2,7,15,10,1,14,6,11,16,2,4,12,3,8,13,5$1.0
1223$10,7,15,10,1,14,6,11,16,2,4,12,3,8,13,5$1.0
1224$10,7,15,6,1,14,6,11,16,2,4,12,3,8,13,5$1.0
1225$10,7,15,10,1,14,6,11,16,2,4,12,3,8,13,5$1.0
1226$10,7,15,10,1,14,6,11,16,2,4,12,3,8,13,5$1.0
1227$3,7,15,10,1,14,6,11,16,2,4,12,3,8,13,5$1.0
1228$10,7,15,6,1,14,6,11,16,2,4,12,3,8,13,5$1.0
1229$2,7,15,10,1,14,6,11,16,1,4,12,3,8,13,5$1.0
1230$3,7,15,10,1,14,6,11,16,2,4,12,3,8,13,5$1.0
1231$2,7,15,10,1,14,6,11,16,1,4,12,3,8,13,5$1.0
1232$2,7,15,10,1,14,6,11,16,2,4,12,3,8,13,5$1.0
1233$2,7,15,10,1,14,6,11,16,2,4,12,3,8,13,5$1.0
1234$2,7,15,10,1,14,6,11,16,2,4,12,3,8,13,5$1.0
1235$3,7,15,10,1,14,6,11,16,2,4,12,3,8,13,5$1.0
1236$10,7,15,6,9,14,6,11,16,2,4,12,3,8,13,5$1.0
1237$10,7,15,10,1,14,6,11,16,2,4,12,3,8,13,5$1.0
1238$10,7,15,6,1,14,6,11,16,2,4,12,3,8,13,5$1.0
1239$10,7,15,6,9,14,6,11,16,2,4,12,3,8,13,5$1.0
1240$10,7,15,6,9,14,6,11,16,2,4,12,3,8,13,5$1.0
1241$10,7,15,6,9,14,6,11,16,2,4,12,3,8,13,5$1.0
1242$2,7,15,10,1,14,6,11,16,7,4,12,3,8,13,5$1.0
1243$10,7,15,1,1,14,6,11,16,2,4,12,3,8,13,5$1.0
1244$2,7,15,10,1,14,6,11,16,2,4,12,3,8,13,5$1.0
1245$10,7,15,6,1,14,6,11,16,2,4,12,3,8,13,5$1.0
1246$10,7,15,6,9,14,6,11,16,2,4,12,3,8,13,5$1.0
1247$2,7,15,10,1,14,6,11,16,2,4,12,3,8,13,5$1.0
1248$10,7,15,6,1,14,6,11,16,2,4,12,3,8,13,5$1.0
1249$10,7,15,6,1,14,6,11,16,2,4,12,3,9,13,5$1.0
1250$10,7,15,1,9,14,6,11,16,2,4,12,3,8,13,5$0.0
1250$10,7,15,1,9,14,6,11,16,2,4,12,3,8,13,5$0.0
