16
0$9,2,12,10,2,7,10,5,13,12,7,14,11,4,1,15$14.0
0$13,8,1,2,15,14,15,1,5,14,7,11,1,10,8,3$30.0
0$16,15,1,14,12,14,7,14,5,16,5,6,14,2,13,15$27.0
0$10,4,16,13,7,11,3,13,2,14,8,12,12,6,11,3$24.0
0$12,3,9,5,1,13,14,4,9,3,14,4,11,11,3,11$23.0
0$10,11,6,6,3,14,1,4,16,5,6,10,15,1,8,9$21.0
0$3,12,5,15,15,3,16,7,13,8,7,11,1,14,10,9$17.0
0$9,2,12,10,2,7,10,5,13,12,7,14,11,4,1,15$14.0
1$8,4,12,4,2,13,9,11,13,16,7,11,1,15,5,15$12.0
1$8,4,12,4,2,13,9,11,13,16,7,11,1,15,5,15$12.0
2$10,1,7,16,1,12,14,12,4,13,1,10,16,11,15,8$12.0
3$3,12,14,12,6,12,14,12,4,13,1,10,16,11,15,8$9.0
3$3,12,14,12,6,12,14,12,4,13,1,10,16,11,15,8$9.0
4$14,3,14,12,6,12,14,12,4,13,1,10,16,11,15,8$10.0
5$16,3,6,16,10,13,14,5,13,8,1,4,12,9,2,14$9.0
6$8,12,5,3,6,12,14,12,4,13,1,10,16,11,15,8$8.0
6$8,12,5,3,6,12,14,12,4,13,1,10,16,11,15,8$8.0
7$6,3,6,2,13,2,14,12,4,1,1,4,16,11,15,11$9.0
8$9,11,9,15,6,12,14,7,13,6,1,10,16,11,15,8$10.0
9$12,10,9,3,1,15,14,12,4,1,16,2,16,11,15,8$10.0
10$12,10,9,3,1,15,14,12,4,1,16,2,16,11,15,8$10.0
11$1,15,9,2,13,13,14,12,4,1,16,2,16,11,15,8$9.0
12$9,3,6,16,10,12,14,1,4,6,11,2,16,11,15,8$9.0
13$15,3,14,10,6,2,14,12,4,1,1,10,16,11,8,8$8.0
14$1,3,9,3,1,15,14,12,4,13,16,2,16,11,4,8$8.0
15$1,15,9,15,6,2,14,12,4,13,16,14,16,11,13,8$6.0
15$1,15,9,15,6,2,14,12,4,13,16,14,16,11,13,8$6.0
16$16,3,8,3,10,12,14,1,4,6,15,2,15,11,15,8$7.0
17$16,3,9,15,6,2,14,12,4,13,16,14,6,11,15,8$8.0
18$16,3,9,6,13,15,6,12,4,1,16,2,16,14,4,10$7.0
19$16,3,9,6,13,15,6,12,4,1,16,2,16,11,8,8$7.0
20$16,3,9,6,13,15,6,12,4,1,16,2,16,11,8,8$7.0
21$8,3,9,6,1,15,12,12,4,13,7,10,2,11,15,8$5.0
21$8,3,9,6,1,15,12,12,4,13,7,10,2,11,15,8$5.0
22$13,3,9,3,1,15,11,7,4,1,16,14,16,11,13,8$7.0
23$16,5,9,2,13,13,14,12,4,1,16,10,2,11,15,8$7.0
24$16,3,9,6,1,15,12,12,4,13,7,10,2,11,15,8$4.0
24$16,3,9,6,1,15,12,12,4,13,7,10,2,11,15,8$4.0
25$15,3,9,6,13,13,14,12,4,1,16,10,2,11,15,8$4.0
26$16,3,9,3,1,13,14,12,4,1,16,10,2,11,15,8$5.0
27$16,3,9,6,1,15,12,12,4,1,5,2,2,11,15,8$4.0
28$16,3,9,6,1,15,12,12,4,1,5,2,2,11,15,13$6.0
29$16,3,9,6,1,15,12,12,4,1,5,2,2,11,15,8$4.0
30$16,3,9,2,13,15,3,1,4,1,16,14,16,11,5,8$5.0
31$16,3,9,15,1,15,2,12,9,1,16,14,2,11,13,8$5.0
32$16,3,9,6,1,15,15,12,4,1,16,2,2,11,13,8$4.0
33$1,3,9,15,13,15,3,12,4,1,16,10,2,11,2,8$4.0
34$1,3,9,3,13,15,3,12,4,1,16,10,2,11,2,8$5.0
35$1,3,9,3,13,15,3,12,4,1,16,10,2,11,2,8$5.0
36$16,3,9,15,1,15,7,12,4,1,16,11,2,11,13,8$4.0
37$16,3,9,3,13,15,3,12,4,1,5,14,2,11,13,8$4.0
38$16,3,9,15,1,15,7,12,4,1,16,14,2,11,13,8$3.0
38$16,3,9,15,1,15,7,12,4,1,16,14,2,11,13,8$3.0
39$16,3,9,3,13,15,3,12,4,1,5,14,2,11,13,8$4.0
40$16,3,9,15,13,15,3,12,4,1,16,14,2,11,13,8$4.0
41$16,3,9,15,13,15,3,12,4,1,16,14,2,11,13,8$4.0
42$16,3,13,15,1,15,5,12,4,1,16,14,2,11,8,8$4.0
43$13,15,9,15,13,15,3,12,4,1,16,10,2,11,8,8$5.0
44$16,3,9,15,2,5,7,12,4,6,14,14,2,4,13,8$3.0
45$16,3,9,15,1,5,7,12,4,13,16,14,2,11,13,8$2.0
45$16,3,9,15,1,5,7,12,4,13,16,14,2,11,13,8$2.0
46$16,3,9,15,1,5,7,12,4,13,16,14,2,11,2,8$4.0
47$16,3,9,15,1,5,7,12,4,13,16,14,2,11,13,8$2.0
48$16,3,9,15,4,15,3,12,4,1,16,14,2,11,13,8$4.0
49$16,3,9,3,13,15,7,12,4,1,16,14,2,11,13,8$3.0
50$16,3,9,6,13,15,7,12,4,1,16,11,2,11,13,8$3.0
51$16,2,9,5,13,15,3,12,4,1,16,14,2,11,13,8$3.0
52$16,3,9,15,4,15,7,12,4,1,16,14,2,11,13,8$3.0
53$16,3,9,15,4,15,7,12,4,1,16,14,2,11,13,8$3.0
54$16,3,9,15,13,15,7,12,4,1,16,14,2,11,13,8$3.0
55$16,3,9,15,13,15,7,12,4,1,16,14,2,11,13,8$3.0
56$16,3,9,15,13,15,7,12,4,1,16,14,2,11,1,8$3.0
57$16,3,9,15,13,15,7,12,4,1,16,14,2,11,1,8$3.0
58$16,3,9,15,13,15,7,12,4,1,16,14,2,11,13,8$3.0
59$4,1,9,5,13,15,3,12,4,1,16,14,2,11,13,8$3.0
60$4,1,9,5,13,15,3,12,4,1,16,14,2,11,13,8$3.0
61$15,3,9,15,13,15,7,12,4,1,16,14,2,11,8,8$4.0
62$16,2,9,5,13,15,3,12,4,1,16,14,2,11,13,8$3.0
63$16,1,9,5,13,15,3,12,4,1,16,14,2,11,13,8$3.0
64$4,1,9,5,13,15,3,12,4,1,16,14,2,11,13,8$3.0
65$16,3,9,15,13,15,7,12,4,1,16,14,2,11,13,8$3.0
66$4,1,9,5,13,15,3,12,4,1,16,14,2,11,13,8$3.0
67$4,1,9,5,13,15,3,12,4,1,16,14,2,11,13,8$3.0
68$4,1,9,5,13,15,3,12,4,1,16,14,2,11,13,8$3.0
69$4,1,9,5,13,15,3,12,4,1,16,14,2,11,13,8$3.0
70$16,1,9,5,13,15,3,12,4,1,16,14,2,11,13,8$3.0
71$4,1,9,5,13,15,7,12,4,1,16,14,2,11,13,8$3.0
72$4,1,9,5,13,15,3,12,4,1,16,14,2,11,13,8$3.0
73$4,1,9,5,13,15,3,12,4,1,16,14,2,11,13,8$3.0
74$4,1,9,5,13,15,3,12,4,1,16,14,2,11,13,8$3.0
75$4,2,9,5,13,15,3,12,4,1,16,14,2,11,13,8$3.0
76$4,2,9,5,13,15,3,12,4,1,16,14,2,11,13,8$3.0
77$16,1,9,5,13,15,3,12,4,1,16,14,2,11,13,8$3.0
78$4,1,9,5,13,15,3,12,4,1,16,14,2,11,13,8$3.0
79$4,1,9,5,13,15,3,12,4,1,16,14,2,11,13,8$3.0
80$16,1,9,5,13,15,3,12,4,1,16,14,2,11,13,8$3.0
81$4,14,9,5,13,15,3,12,4,1,16,14,2,11,13,8$3.0
82$16,1,9,5,13,15,3,12,4,1,16,14,2,11,13,8$3.0
83$4,14,9,5,13,15,3,12,4,1,16,14,2,11,13,8$3.0
84$4,2,9,5,13,15,3,12,4,1,16,14,2,11,13,8$3.0
85$4,1,9,5,13,15,3,12,4,1,16,14,2,11,13,8$3.0
86$4,2,9,5,13,15,3,12,4,1,16,14,2,11,13,8$3.0
87$4,1,9,5,13,15,3,12,4,1,16,14,2,11,13,8$3.0
88$4,1,9,5,13,15,3,12,4,1,16,14,2,11,13,8$3.0
89$4,1,9,5,13,15,3,12,4,1,16,14,2,11,13,8$3.0
90$4,2,9,5,13,15,3,12,4,1,16,14,2,11,13,8$3.0
91$4,15,9,5,13,15,3,12,4,1,16,14,2,11,13,8$3.0
92$4,15,9,5,13,15,3,12,4,1,16,14,2,11,13,8$3.0
93$4,2,9,5,13,15,3,12,4,1,16,14,2,11,13,8$3.0
94$4,14,9,5,13,15,3,12,4,1,16,14,2,11,13,8$3.0
95$4,14,9,5,12,15,3,12,4,1,16,14,2,11,13,8$3.0
96$4,1,9,5,13,15,3,12,4,1,16,14,2,11,13,8$3.0
97$4,1,9,5,13,15,3,12,4,1,16,14,2,11,13,8$3.0
98$4,1,9,5,13,15,3,12,4,1,16,14,2,11,13,8$3.0
99$4,1,9,5,13,15,3,12,4,1,16,14,2,11,13,8$3.0
100$4,1,9,5,13,15,3,12,4,1,16,14,2,11,13,8$3.0
101$4,2,9,5,13,15,3,12,7,1,16,14,2,11,7,3$3.0
102$4,14,9,5,13,15,3,12,4,1,16,5,2,11,13,8$3.0
103$4,2,9,5,13,15,3,12,4,1,16,14,2,11,13,8$3.0
104$4,12,9,5,13,15,3,12,8,1,16,14,2,11,7,3$2.0
105$4,14,9,5,13,15,3,12,8,1,16,14,2,11,7,3$2.0
106$4,14,9,5,13,15,3,12,8,1,16,14,2,11,7,3$2.0
107$4,14,9,5,13,15,3,12,8,1,16,14,2,11,13,8$3.0
108$4,2,9,5,13,15,3,12,8,1,16,14,2,11,7,3$2.0
109$4,1,9,5,13,15,3,12,4,1,16,14,2,11,7,3$3.0
110$4,1,9,5,13,15,3,12,4,1,16,14,2,11,15,8$3.0
111$4,2,9,5,13,15,3,12,4,1,16,14,2,11,8,8$3.0
112$4,1,9,5,13,15,3,12,4,1,16,14,2,11,13,8$3.0
113$4,1,9,5,13,15,3,12,4,1,16,14,2,11,15,8$3.0
114$4,1,9,5,13,15,3,12,4,1,16,14,2,11,13,8$3.0
115$4,1,9,5,13,15,3,12,4,1,16,14,2,11,7,3$3.0
116$4,1,9,5,13,15,3,12,7,1,16,14,2,11,15,8$2.0
117$4,1,9,5,13,15,3,12,7,1,16,14,2,11,15,8$2.0
118$4,1,9,5,13,15,3,12,4,1,16,14,2,11,8,8$3.0
119$4,2,9,5,13,15,3,12,7,1,16,14,2,11,8,8$2.0
120$4,2,9,5,13,15,3,12,7,1,16,14,2,11,8,1$2.0
121$4,1,9,5,13,15,3,12,4,1,16,14,2,11,8,6$2.0
122$4,1,9,5,13,15,3,12,4,1,16,14,2,11,8,6$2.0
123$4,1,9,5,13,15,3,12,4,1,16,14,2,11,8,6$2.0
124$4,2,10,5,13,15,3,12,7,1,16,14,2,11,8,8$2.0
125$4,12,9,5,13,15,3,12,4,1,16,14,2,11,15,8$3.0
126$4,14,9,5,13,15,3,12,4,1,16,14,2,11,8,6$2.0
127$4,2,9,5,13,15,3,12,4,1,16,14,2,11,8,6$2.0
128$4,1,9,5,13,15,3,12,4,1,16,14,2,11,8,6$2.0
129$4,2,9,5,13,15,3,12,7,1,16,14,2,11,8,6$1.0
129$4,2,9,5,13,15,3,12,7,1,16,14,2,11,8,6$1.0
130$4,2,9,5,13,15,3,12,7,1,16,14,2,11,8,6$1.0
131$4,2,9,5,13,15,3,12,7,1,16,14,2,11,8,6$1.0
132$4,2,9,5,13,15,3,12,4,1,16,14,2,11,8,6$2.0
133$4,1,9,5,13,15,3,12,7,1,16,14,2,11,8,6$1.0
134$4,2,9,5,13,15,3,12,7,1,16,14,2,11,8,6$1.0
135$4,12,9,5,13,15,3,12,7,1,16,14,2,11,8,6$1.0
136$4,12,9,5,13,15,3,12,7,1,16,14,2,11,8,6$1.0
137$4,1,9,5,13,15,3,12,7,1,16,14,2,11,8,6$1.0
138$4,12,9,5,13,15,3,12,7,1,16,14,2,11,8,6$1.0
139$4,1,9,5,13,15,3,12,7,1,16,14,2,11,8,6$1.0
140$4,1,9,5,13,15,3,12,7,1,16,14,2,11,8,6$1.0
141$4,15,9,5,13,15,3,12,7,1,16,14,2,11,8,6$1.0
142$4,12,9,5,13,15,3,12,7,1,16,14,2,11,15,8$2.0
143$4,12,9,5,13,15,3,12,7,1,16,14,2,11,8,6$1.0
144$4,12,9,5,13,15,3,12,7,1,16,14,2,11,8,6$1.0
145$4,12,9,5,13,15,3,12,7,1,16,14,2,11,8,6$1.0
146$4,1,9,5,13,15,3,12,7,1,16,14,2,11,8,6$1.0
147$4,1,9,5,13,15,3,12,7,1,16,14,2,11,8,6$1.0
148$4,1,9,5,13,15,3,12,7,1,16,14,2,11,8,6$1.0
149$4,1,10,5,13,15,3,12,7,1,16,14,2,11,8,6$1.0
150$4,1,9,5,13,15,3,12,7,1,16,14,2,11,8,6$1.0
151$4,1,9,5,13,15,3,12,7,4,16,14,2,11,8,6$1.0
152$4,1,9,5,13,15,3,12,7,1,16,14,2,11,8,6$1.0
153$4,15,9,5,13,15,3,12,7,1,16,14,2,11,8,6$1.0
154$4,1,9,5,13,15,3,12,7,1,16,14,2,11,8,6$1.0
155$4,1,9,5,13,15,3,12,7,1,16,14,2,11,8,6$1.0
156$4,12,9,5,13,15,3,12,7,1,16,14,2,11,8,6$1.0
157$4,1,9,5,13,15,3,12,7,1,16,14,2,11,8,6$1.0
158$4,1,9,5,13,15,3,12,7,1,16,14,2,11,8,6$1.0
159$4,12,9,5,13,15,3,12,7,1,16,14,2,11,8,6$1.0
160$4,1,9,5,13,15,3,12,7,1,16,14,2,11,8,6$1.0
161$4,1,9,5,13,15,3,12,7,1,16,14,2,11,8,6$1.0
162$4,1,9,5,13,15,3,12,7,1,16,14,2,11,8,6$1.0
163$4,1,9,5,13,15,3,12,7,1,16,14,2,11,8,6$1.0
164$4,12,9,5,13,15,3,12,7,1,16,14,2,11,8,6$1.0
165$4,12,9,5,13,15,3,12,7,1,16,14,2,11,8,6$1.0
166$4,12,9,5,13,15,3,12,7,1,16,14,2,11,8,6$1.0
167$4,12,9,5,13,15,3,12,7,1,16,14,2,11,8,6$1.0
168$4,1,9,5,13,15,3,12,7,1,16,14,2,11,8,6$1.0
169$4,12,9,5,13,15,3,12,7,1,16,14,2,11,8,6$1.0
170$4,12,9,5,13,15,3,12,7,1,16,14,2,11,8,6$1.0
171$4,1,9,5,13,15,3,12,7,1,16,14,2,11,8,6$1.0
172$4,12,9,5,13,15,3,12,7,1,16,14,2,11,8,6$1.0
173$4,1,9,5,13,15,3,12,7,1,16,14,2,11,8,6$1.0
174$4,12,9,5,13,15,3,12,7,1,16,14,2,11,8,6$1.0
175$4,1,9,5,13,15,3,12,7,1,16,14,2,11,8,6$1.0
176$4,12,9,5,13,15,3,12,7,1,16,14,2,11,8,6$1.0
177$4,1,9,5,13,15,3,12,7,1,16,14,2,11,8,6$1.0
178$4,12,9,5,13,15,3,12,7,1,16,14,2,11,8,6$1.0
179$4,1,9,5,13,15,3,12,7,1,16,14,2,11,8,6$1.0
180$4,15,9,5,13,15,3,12,7,1,16,14,2,11,8,6$1.0
181$4,12,9,5,13,15,3,12,7,1,16,14,2,11,8,6$1.0
182$4,12,9,5,13,15,3,12,7,1,16,14,2,11,8,6$1.0
183$4,1,9,5,13,15,3,12,7,1,16,14,2,11,8,6$1.0
184$4,12,9,5,13,15,3,12,7,1,16,14,2,11,8,6$1.0
185$4,15,9,5,13,15,3,12,7,1,16,14,2,11,8,6$1.0
186$4,15,9,5,13,15,3,12,7,1,16,14,2,11,8,6$1.0
187$4,1,9,5,13,15,3,12,7,1,16,14,2,11,8,6$1.0
188$4,12,9,5,13,15,3,12,7,1,16,14,2,11,8,6$1.0
189$4,12,9,5,13,15,3,12,7,1,16,14,2,11,8,6$1.0
190$4,12,9,5,13,15,3,12,7,1,16,14,2,11,8,6$1.0
191$4,15,9,5,13,15,3,12,7,1,16,14,2,11,8,6$1.0
192$4,12,9,5,13,15,3,12,7,1,16,14,2,11,8,6$1.0
193$4,12,9,5,13,15,3,12,7,1,16,14,2,11,8,6$1.0
194$4,15,9,5,13,15,3,12,7,1,16,14,2,11,8,6$1.0
195$4,15,9,5,13,15,3,12,7,1,16,14,2,11,8,6$1.0
196$4,12,9,5,13,15,3,3,7,10,16,14,2,11,8,6$1.0
197$4,12,9,5,13,15,3,12,7,1,16,14,2,11,8,6$1.0
198$4,12,9,5,13,15,3,12,7,1,16,14,2,11,8,6$1.0
199$4,12,9,5,13,15,3,12,7,1,16,14,2,11,8,6$1.0
200$4,15,9,5,13,1,3,12,7,1,16,14,2,11,8,6$1.0
201$4,12,9,5,13,15,3,12,7,1,16,14,2,11,8,6$1.0
202$4,12,9,5,13,15,3,3,7,10,16,14,2,11,8,6$1.0
203$4,12,9,5,13,15,3,12,7,1,16,14,2,11,8,6$1.0
204$4,12,9,5,13,15,3,12,7,1,16,14,2,11,8,6$1.0
205$4,15,9,5,13,15,3,12,7,1,16,14,2,11,8,6$1.0
206$4,12,9,5,13,15,3,12,7,1,16,14,2,11,8,6$1.0
207$4,12,9,5,13,15,3,12,7,1,16,14,2,11,8,6$1.0
208$4,15,9,5,13,15,3,12,7,1,16,14,2,11,8,6$1.0
209$4,12,9,5,13,15,3,12,7,1,16,14,2,11,8,6$1.0
210$4,2,9,5,13,15,3,12,7,1,16,14,2,11,8,6$1.0
211$4,2,9,5,13,15,3,12,7,1,16,14,2,11,8,6$1.0
212$4,2,9,5,13,15,3,12,7,1,16,14,2,11,8,6$1.0
213$4,12,9,5,13,15,3,12,7,1,16,14,2,11,8,6$1.0
214$4,12,9,5,13,15,3,12,7,1,16,14,2,11,8,6$1.0
215$4,12,9,5,13,15,3,12,7,1,16,14,2,11,8,6$1.0
216$4,1,9,5,13,15,3,12,7,1,16,14,2,11,8,6$1.0
217$4,12,9,5,13,15,3,12,7,1,16,14,2,11,8,6$1.0
218$4,12,9,5,13,15,3,12,7,1,16,14,2,11,8,6$1.0
219$4,12,9,5,13,15,3,12,7,1,16,14,2,11,8,6$1.0
220$4,15,10,5,13,15,3,12,7,1,16,14,2,11,8,6$1.0
221$4,12,9,5,13,15,3,12,7,1,16,14,2,11,8,6$1.0
222$4,2,10,5,13,15,3,12,7,1,16,14,2,11,8,6$1.0
223$4,12,9,5,13,15,3,12,7,1,16,14,2,11,8,6$1.0
224$4,12,9,5,13,15,3,12,7,1,16,14,2,11,8,6$1.0
225$4,12,9,5,13,15,3,12,7,1,16,14,2,11,8,6$1.0
226$4,12,9,5,13,15,3,12,7,1,16,14,2,11,8,6$1.0
227$4,12,9,5,13,15,3,12,7,1,16,14,2,11,8,6$1.0
228$4,12,9,5,13,15,3,12,7,1,16,14,2,11,8,6$1.0
229$4,12,9,5,13,15,3,12,7,1,16,14,2,11,8,6$1.0
230$4,12,9,5,13,15,3,12,7,1,16,14,2,11,8,6$1.0
231$4,12,9,5,13,15,3,12,7,1,16,14,2,11,8,6$1.0
232$4,12,9,5,13,15,3,12,7,1,16,14,2,11,8,6$1.0
233$4,12,9,5,13,15,3,12,7,1,16,14,2,11,8,6$1.0
234$4,2,9,5,13,15,3,12,7,1,16,14,2,11,8,6$1.0
235$4,2,9,5,13,15,3,12,7,1,16,14,2,11,8,6$1.0
236$4,15,10,5,13,15,3,12,7,1,16,14,2,11,8,6$1.0
237$4,2,10,5,13,15,3,12,7,9,16,14,2,11,8,6$1.0
238$4,2,9,5,13,15,3,12,7,1,16,14,2,11,8,6$1.0
239$4,2,9,5,13,15,3,12,7,1,16,14,2,11,8,6$1.0
240$4,12,9,5,13,15,3,12,7,1,16,14,2,11,8,6$1.0
241$4,2,10,5,13,15,3,12,7,1,16,14,2,11,8,6$1.0
242$4,12,9,5,13,15,3,12,7,1,16,14,2,11,8,6$1.0
243$4,12,9,5,13,15,3,12,7,1,16,14,2,11,8,6$1.0
244$4,2,9,5,13,15,3,12,7,1,16,14,2,11,8,6$1.0
245$4,2,9,5,13,15,3,12,7,1,16,14,2,11,8,6$1.0
246$4,12,9,5,13,15,3,12,7,1,16,14,2,11,8,6$1.0
247$4,2,10,5,13,15,3,12,7,1,16,14,2,11,8,6$1.0
248$4,12,9,5,13,15,3,12,7,1,16,14,2,11,8,6$1.0
249$4,2,9,5,13,15,3,12,7,1,16,14,2,11,8,6$1.0
250$4,2,10,5,13,15,3,12,7,1,16,14,2,11,9,6$1.0
251$4,2,9,5,13,15,3,12,7,1,16,14,2,11,8,6$1.0
252$4,2,10,5,13,15,3,12,7,9,16,14,2,11,8,6$1.0
253$4,2,10,5,13,15,3,12,7,1,16,14,2,11,8,6$1.0
254$4,2,10,5,13,15,3,12,7,1,16,14,2,11,8,6$1.0
255$4,2,10,5,13,15,3,12,7,1,16,14,2,11,8,6$1.0
256$4,2,10,5,13,15,3,12,7,1,16,14,2,11,8,6$1.0
257$4,2,10,5,13,15,3,12,7,1,16,14,2,11,8,6$1.0
258$4,2,9,5,13,15,3,12,7,1,16,14,2,11,8,6$1.0
259$4,2,10,5,13,15,3,12,7,1,16,14,2,11,8,6$1.0
260$4,2,10,5,13,15,3,12,7,1,16,14,2,11,8,6$1.0
261$4,2,9,5,13,15,3,12,7,1,16,14,2,11,8,6$1.0
262$4,2,9,5,13,15,3,12,7,1,16,14,2,11,8,6$1.0
263$4,2,9,5,13,15,3,12,7,1,16,14,2,11,8,6$1.0
264$4,2,9,5,13,15,3,12,7,1,16,14,2,11,8,6$1.0
265$4,2,9,5,13,15,3,12,7,1,16,14,2,11,8,6$1.0
266$4,2,9,5,13,15,3,12,7,1,16,14,2,11,8,6$1.0
267$4,2,9,5,13,15,3,12,7,1,16,14,2,11,8,6$1.0
268$4,2,9,5,13,15,3,12,7,1,16,14,2,11,8,6$1.0
269$4,2,9,5,13,15,3,12,7,1,16,14,2,11,8,6$1.0
270$4,2,9,5,13,15,3,12,7,1,16,14,2,11,8,6$1.0
271$4,2,9,5,13,15,3,12,7,1,16,14,2,11,8,6$1.0
272$4,2,9,5,13,15,3,12,7,1,16,14,2,11,8,6$1.0
273$4,2,9,5,13,15,3,12,7,1,16,14,2,11,8,6$1.0
274$4,2,9,5,13,15,3,12,7,1,16,14,2,11,8,6$1.0
275$4,2,9,5,13,15,3,12,7,1,16,14,2,11,8,6$1.0
276$4,2,9,5,13,15,3,12,7,1,16,14,2,11,8,6$1.0
277$4,2,9,5,13,15,3,12,7,1,16,14,2,11,8,6$1.0
278$4,2,9,5,13,15,3,12,7,1,16,14,2,11,8,6$1.0
279$4,2,9,5,13,15,3,12,7,1,16,14,2,11,8,6$1.0
280$4,1,9,5,13,15,3,12,7,1,16,14,2,11,8,6$1.0
281$4,1,9,5,13,15,3,12,7,1,16,14,2,11,8,6$1.0
282$4,2,9,5,13,15,3,12,7,1,16,14,2,11,8,6$1.0
283$4,2,9,5,13,15,3,12,7,1,16,14,2,11,8,6$1.0
284$4,2,9,5,13,15,3,12,7,1,16,14,2,11,8,6$1.0
285$4,15,9,5,13,15,3,12,7,1,16,14,2,11,8,6$1.0
286$4,2,9,5,13,15,3,12,7,1,16,14,2,11,8,6$1.0
287$4,15,9,5,13,15,3,12,7,1,16,14,2,11,8,6$1.0
288$4,2,9,5,13,15,3,12,7,1,16,14,2,11,8,6$1.0
289$4,2,9,5,13,15,3,12,7,1,16,14,2,11,8,6$1.0
290$4,2,9,5,13,15,3,12,7,1,16,14,2,11,8,6$1.0
291$4,2,9,5,13,15,3,12,7,1,16,14,2,11,8,6$1.0
292$4,2,9,5,13,15,3,12,7,1,16,14,1,11,8,6$1.0
293$4,2,9,5,13,15,3,12,7,1,16,14,2,11,8,6$1.0
294$4,2,9,5,13,15,3,12,7,1,16,14,2,11,8,6$1.0
295$4,2,9,5,13,15,3,12,7,1,16,14,2,11,8,6$1.0
296$4,1,9,5,13,15,3,12,7,1,16,14,2,11,8,6$1.0
297$4,2,9,5,13,15,3,12,7,1,16,14,2,11,8,6$1.0
298$4,2,9,5,13,15,3,12,7,1,16,14,2,11,8,6$1.0
299$4,1,9,5,13,15,3,12,7,1,16,14,2,11,8,6$1.0
300$4,2,9,5,13,15,3,12,7,1,16,14,2,11,8,6$1.0
301$4,2,9,5,13,15,3,12,7,1,16,14,2,11,8,6$1.0
302$4,1,9,5,13,15,3,12,7,1,16,14,2,11,8,6$1.0
303$4,2,9,5,13,15,3,12,7,1,16,14,2,11,8,6$1.0
304$4,2,9,5,13,15,3,12,7,1,16,14,2,11,8,6$1.0
305$4,2,9,5,13,15,3,12,7,1,16,14,2,11,8,6$1.0
306$4,2,9,5,13,15,3,12,7,1,16,14,2,11,8,6$1.0
307$4,2,9,5,13,15,3,12,7,1,16,14,2,11,8,6$1.0
308$4,2,9,5,13,15,3,12,7,1,16,14,2,11,8,6$1.0
309$4,2,9,5,13,15,3,12,7,1,16,14,2,11,8,6$1.0
310$4,12,9,5,13,15,3,12,7,1,16,14,2,11,8,6$1.0
311$4,12,9,5,13,15,3,12,7,1,16,14,2,11,8,6$1.0
312$4,2,9,5,13,15,3,12,7,1,16,14,2,11,8,6$1.0
313$4,1,9,5,13,15,3,12,7,1,16,14,2,11,8,6$1.0
314$4,12,9,5,13,15,3,12,7,1,16,14,2,11,8,6$1.0
315$4,12,9,5,13,15,3,12,7,1,16,14,2,11,8,6$1.0
316$4,2,9,5,13,15,3,12,7,1,16,14,2,11,8,6$1.0
317$4,2,9,5,13,15,3,12,7,1,16,14,2,11,8,6$1.0
318$4,12,9,5,13,15,3,12,7,1,16,14,2,11,8,6$1.0
319$4,2,9,5,13,15,3,12,7,1,16,14,2,11,8,6$1.0
320$4,2,9,5,13,15,3,12,7,1,16,14,2,11,8,6$1.0
321$4,2,9,5,13,15,3,12,7,1,16,14,2,11,8,6$1.0
322$4,2,9,5,13,15,3,12,7,1,16,14,2,11,8,6$1.0
323$4,2,9,5,13,15,3,12,7,1,16,14,2,11,8,6$1.0
324$4,2,9,5,13,15,3,12,7,1,16,14,2,11,8,6$1.0
325$4,2,9,5,13,15,3,12,7,1,16,14,2,11,8,6$1.0
326$4,2,9,5,13,15,3,12,7,1,16,14,2,11,8,6$1.0
327$4,2,9,5,13,15,3,12,7,1,16,14,2,11,8,6$1.0
328$4,2,9,5,13,15,3,12,7,1,16,14,2,11,8,6$1.0
329$4,2,9,5,13,15,3,12,7,1,16,14,2,11,8,6$1.0
330$4,2,9,5,13,15,3,12,7,1,16,14,2,11,8,6$1.0
331$4,2,9,5,13,15,3,12,7,1,16,14,2,11,8,6$1.0
332$4,2,9,5,13,15,3,12,7,1,16,14,2,11,8,6$1.0
333$4,15,9,5,13,15,3,12,7,1,16,14,2,11,8,6$1.0
334$4,2,9,5,13,15,3,12,7,1,16,14,2,11,8,6$1.0
335$4,2,10,5,13,15,3,12,7,1,16,14,2,11,8,6$1.0
336$4,2,9,5,13,15,3,12,7,1,16,14,2,11,8,6$1.0
337$4,2,10,5,13,15,3,12,7,1,16,14,2,11,8,6$1.0
338$4,2,9,5,13,15,3,12,7,1,16,14,2,11,8,6$1.0
339$4,2,9,5,13,15,3,12,7,1,16,14,2,11,8,6$1.0
340$4,2,9,5,13,15,3,12,7,1,16,14,2,11,8,6$1.0
341$4,2,10,5,13,15,3,12,7,1,16,14,2,11,8,6$1.0
342$4,1,9,5,13,15,3,12,7,1,16,14,2,11,8,6$1.0
343$4,2,10,5,13,15,3,12,7,1,16,14,2,11,8,6$1.0
344$4,2,9,5,13,15,3,12,7,1,16,14,2,11,8,6$1.0
345$4,2,10,5,13,15,3,12,7,1,16,14,2,11,8,6$1.0
346$4,1,9,5,13,15,3,12,7,1,16,14,2,11,8,6$1.0
347$4,2,9,5,13,15,3,12,7,1,16,14,2,11,8,6$1.0
348$4,2,9,5,13,15,3,12,7,1,16,14,2,11,8,6$1.0
349$4,15,10,5,13,1,3,12,7,1,16,14,2,11,8,6$1.0
350$4,2,10,5,13,15,3,12,7,1,16,14,2,11,8,6$1.0
351$4,2,9,5,13,15,3,12,7,1,16,14,1,11,8,6$1.0
352$4,2,9,5,13,15,3,12,7,1,16,14,2,11,8,6$1.0
353$4,1,9,5,13,15,3,12,7,1,16,14,2,11,8,6$1.0
354$4,2,10,5,13,15,3,12,7,1,16,14,2,11,8,6$1.0
355$4,2,10,5,13,15,3,12,7,1,16,14,2,11,8,6$1.0
356$4,12,9,5,13,15,3,12,7,1,16,14,2,11,8,6$1.0
357$4,2,9,5,13,15,3,12,7,1,16,14,2,11,8,6$1.0
358$4,2,9,5,13,15,3,12,7,1,16,14,2,11,8,6$1.0
359$4,2,10,5,13,15,3,12,7,1,16,14,2,11,8,6$1.0
360$4,12,9,5,13,15,3,12,7,1,16,14,2,11,8,6$1.0
361$4,2,10,5,13,15,3,12,7,1,16,14,2,11,8,6$1.0
362$4,2,10,5,13,15,3,12,7,1,16,14,2,11,8,6$1.0
363$4,12,9,5,13,15,3,12,7,1,16,14,2,11,8,6$1.0
364$4,12,9,5,13,15,3,12,7,1,16,14,2,11,8,6$1.0
365$4,12,10,5,13,15,3,12,7,1,16,14,2,11,8,6$1.0
366$4,12,10,5,13,15,3,12,7,1,16,14,2,11,8,6$1.0
367$4,2,10,5,13,15,3,12,7,1,16,14,2,11,8,6$1.0
368$4,2,10,5,13,15,3,12,7,1,16,14,2,11,8,6$1.0
369$4,12,9,5,13,15,3,12,7,1,16,14,2,11,8,6$1.0
370$4,12,9,5,13,15,3,12,7,1,16,14,2,11,8,6$1.0
371$4,2,10,5,13,15,3,12,7,1,16,14,2,11,8,6$1.0
372$4,2,9,5,13,15,3,12,7,1,16,14,2,11,8,6$1.0
373$4,2,10,5,13,15,3,12,7,1,16,14,2,11,8,6$1.0
374$4,2,10,5,13,15,3,12,7,1,16,14,2,11,8,6$1.0
375$4,2,10,5,13,15,3,12,7,1,16,14,2,11,8,6$1.0
376$4,2,10,5,13,15,3,12,7,1,16,14,2,11,8,6$1.0
377$4,12,10,5,13,15,3,12,7,1,16,14,2,11,8,6$1.0
378$4,12,9,5,13,15,3,12,7,1,16,14,2,11,8,6$1.0
379$4,2,10,5,13,15,3,12,7,1,16,14,1,11,8,6$1.0
380$4,12,10,5,13,6,3,12,7,1,16,14,2,11,8,15$1.0
381$4,2,10,5,13,15,3,12,7,1,16,14,2,11,8,6$1.0
382$4,2,9,5,13,15,3,12,7,1,16,14,2,11,8,6$1.0
383$4,2,10,5,13,15,3,12,7,1,16,14,2,11,9,6$1.0
384$4,2,10,5,13,15,3,12,7,1,16,14,2,11,8,6$1.0
385$4,12,10,5,13,15,3,12,7,1,16,14,2,11,8,6$1.0
386$4,2,10,5,13,15,3,12,7,1,16,14,2,11,9,6$1.0
387$4,2,10,5,13,15,3,12,7,1,16,14,2,11,9,6$1.0
388$4,2,10,5,13,15,3,12,7,1,16,14,2,11,9,6$1.0
389$4,2,10,5,13,15,3,12,7,1,16,14,2,11,8,6$1.0
390$4,2,10,5,13,15,3,12,7,1,16,14,1,11,8,6$1.0
391$4,2,10,5,13,15,3,12,7,1,16,14,2,11,8,6$1.0
392$4,2,10,5,13,15,3,12,7,1,16,14,2,11,8,6$1.0
393$4,2,10,5,13,15,3,12,7,1,16,14,2,11,8,6$1.0
394$4,2,10,5,13,15,3,12,7,1,16,14,2,11,9,6$1.0
395$4,2,10,5,13,15,3,12,7,1,16,14,2,11,8,6$1.0
396$4,2,9,5,13,15,3,12,7,1,16,14,2,11,8,6$1.0
397$4,2,10,5,13,15,3,12,7,1,16,14,2,11,8,6$1.0
398$4,2,10,5,13,15,3,12,7,1,16,14,1,11,8,6$1.0
399$4,2,10,5,13,15,3,12,7,1,16,14,1,11,8,6$1.0
400$4,2,10,5,13,15,3,12,7,1,16,14,2,11,8,6$1.0
401$4,2,10,5,13,15,3,12,7,1,16,14,2,11,8,6$1.0
402$4,2,10,5,13,15,3,12,7,1,16,14,2,11,8,6$1.0
403$4,2,10,5,13,15,3,12,7,9,16,14,1,11,8,6$0.0
403$4,2,10,5,13,15,3,12,7,9,16,14,1,11,8,6$0.0
